15 0.976202 0.014583 0.043269 0.028125
15 0.968029 0.061458 0.052404 0.083333
15 0.980168 0.167708 0.035337 0.147917
15 0.941226 0.187500 0.043990 0.078125
15 0.955409 0.123177 0.059375 0.147396
15 0.897236 0.129688 0.049760 0.092708
15 0.862139 0.062500 0.036298 0.117708
15 0.905409 0.039583 0.056490 0.078125
15 0.808534 0.031510 0.055048 0.061979
15 0.759856 0.026823 0.031731 0.052604
15 0.724880 0.046615 0.031971 0.092188
15 0.685337 0.071354 0.040385 0.141667
15 0.647115 0.116406 0.053846 0.064062
15 0.648077 0.038802 0.024519 0.072396
15 0.616947 0.063542 0.036298 0.106250
15 0.587380 0.067708 0.031490 0.112500
15 0.552885 0.067969 0.032212 0.134896
15 0.512019 0.048958 0.047596 0.096875
15 0.504808 0.156250 0.041827 0.122917
15 0.469111 0.174479 0.036298 0.083333
15 0.742067 0.108594 0.052404 0.076563
15 0.786899 0.164844 0.059856 0.098437
15 0.742188 0.188802 0.055048 0.080729
15 0.703846 0.230990 0.046635 0.084896
15 0.677404 0.180469 0.043750 0.097396
15 0.629808 0.200000 0.046154 0.083333
15 0.574639 0.209635 0.064663 0.118229
15 0.626082 0.321615 0.031971 0.122396
15 0.659736 0.297396 0.050240 0.079167
15 0.701082 0.320573 0.048798 0.076563
15 0.746995 0.271875 0.056010 0.090625
15 0.802043 0.259635 0.054087 0.098437
15 0.786058 0.339062 0.060577 0.058333
15 0.806250 0.385937 0.043269 0.075000
15 0.854928 0.298698 0.045433 0.095312
15 0.899038 0.323698 0.068269 0.098437
15 0.901563 0.223698 0.050240 0.086979
15 0.947837 0.250521 0.024038 0.052083
15 0.964183 0.324219 0.066346 0.106771
15 0.915625 0.416667 0.055769 0.096875
15 0.971154 0.410677 0.052404 0.078646
15 0.960697 0.478125 0.056010 0.102083
15 0.982091 0.515625 0.035817 0.077083
15 0.868389 0.453906 0.060337 0.067187
15 0.858654 0.397135 0.059135 0.078646
15 0.804447 0.471615 0.046875 0.098437
15 0.759615 0.469271 0.047115 0.137500
15 0.725120 0.427083 0.055048 0.170833
15 0.698438 0.485938 0.030529 0.064583
15 0.691587 0.413802 0.019712 0.089063
15 0.662139 0.411979 0.033894 0.111458
15 0.600721 0.411979 0.049519 0.085417
15 0.579567 0.323958 0.065385 0.094792
15 0.561899 0.435677 0.030048 0.142187
15 0.575721 0.502604 0.043269 0.125000
15 0.609255 0.548698 0.033413 0.139063
15 0.588341 0.628125 0.017548 0.040625
15 0.564904 0.589063 0.037019 0.076042
15 0.666106 0.520833 0.056731 0.102083
15 0.637260 0.566927 0.024519 0.069271
15 0.722236 0.563021 0.049279 0.091667
15 0.776442 0.565365 0.054808 0.107813
15 0.834976 0.558073 0.051202 0.078646
15 0.861779 0.519271 0.057692 0.061458
15 0.920913 0.572396 0.061058 0.131250
15 0.976803 0.598437 0.037740 0.083333
15 0.953005 0.696615 0.049279 0.118229
15 0.986899 0.698698 0.026202 0.098437
15 0.960096 0.791667 0.072115 0.115625
15 0.906490 0.689844 0.041827 0.122396
15 0.869351 0.678125 0.047356 0.134375
15 0.872356 0.591406 0.032212 0.076563
15 0.816226 0.632031 0.046875 0.092188
15 0.820793 0.723958 0.062740 0.091667
15 0.842187 0.766406 0.051683 0.046354
15 0.898438 0.804427 0.045913 0.099479
15 0.863462 0.827344 0.071154 0.078646
15 0.789423 0.811979 0.072596 0.116667
15 0.735697 0.773177 0.050240 0.074479
15 0.764784 0.703906 0.045433 0.131771
15 0.774038 0.644010 0.038462 0.075521
15 0.726923 0.697396 0.023558 0.075000
15 0.699519 0.673958 0.040865 0.135417
15 0.673558 0.616927 0.041827 0.141146
15 0.679688 0.749479 0.055048 0.121875
15 0.916346 0.892188 0.057212 0.092708
15 0.947596 0.937500 0.051442 0.106250
15 0.878125 0.915365 0.048077 0.099479
15 0.842428 0.919271 0.049279 0.104167
15 0.837380 0.984896 0.060337 0.030208
15 0.783413 0.924740 0.067788 0.078646
15 0.775000 0.985677 0.062981 0.028646
15 0.709014 0.973958 0.079567 0.052083
15 0.732692 0.901042 0.037019 0.107292
15 0.701082 0.829688 0.047356 0.051042
15 0.685577 0.910937 0.032692 0.094792
15 0.651202 0.867969 0.053365 0.110937
15 0.644471 0.962240 0.052885 0.075521
15 0.612380 0.895833 0.030529 0.132292
15 0.647716 0.804427 0.044471 0.129688
15 0.590024 0.810156 0.072356 0.082812
15 0.571875 0.895052 0.051923 0.100521
15 0.572115 0.975260 0.049038 0.049479
15 0.526082 0.970573 0.044952 0.058854
15 0.521154 0.913802 0.047596 0.079687
15 0.624760 0.674740 0.056250 0.108854
15 0.578966 0.710677 0.040625 0.131771
15 0.546514 0.691667 0.031010 0.137500
15 0.523077 0.746615 0.048077 0.099479
15 0.504207 0.650781 0.039663 0.077604
15 0.520433 0.552083 0.043269 0.120833
15 0.522476 0.460677 0.044952 0.085938
15 0.527043 0.365625 0.063702 0.106250
15 0.470793 0.453646 0.052163 0.132292
15 0.480889 0.315885 0.036298 0.071354
15 0.481010 0.553906 0.033654 0.086979
15 0.448678 0.582292 0.046875 0.122917
15 0.483894 0.962500 0.043750 0.075000
15 0.441226 0.943750 0.046875 0.112500
15 0.399639 0.927083 0.036298 0.145833
15 0.361418 0.930469 0.036779 0.139063
15 0.403606 0.813802 0.057212 0.118229
15 0.442548 0.842969 0.056250 0.079687
15 0.490144 0.860156 0.046635 0.120313
15 0.474760 0.776563 0.057692 0.066667
15 0.461178 0.714844 0.046394 0.111979
15 0.421514 0.715365 0.030048 0.069271
15 0.389183 0.731510 0.051923 0.069271
15 0.355649 0.809375 0.045913 0.105208
15 0.315986 0.924740 0.046394 0.150521
15 0.307692 0.826042 0.050481 0.072917
15 0.341587 0.737240 0.041346 0.092188
15 0.358413 0.664323 0.053365 0.074479
15 0.412500 0.631510 0.053365 0.109896
15 0.394832 0.577083 0.046875 0.095833
15 0.418750 0.479167 0.039423 0.127083
15 0.381130 0.488021 0.034856 0.095833
15 0.350481 0.571875 0.042788 0.143750
15 0.299639 0.589063 0.059856 0.102083
15 0.299639 0.688542 0.066106 0.085417
15 0.296514 0.750781 0.046875 0.045312
15 0.261779 0.832552 0.052404 0.149479
15 0.264183 0.949219 0.056250 0.101562
15 0.459495 0.095833 0.060817 0.115625
15 0.450120 0.232031 0.041106 0.077604
15 0.436779 0.303906 0.058173 0.081771
15 0.430288 0.380990 0.042308 0.067187
15 0.395313 0.379427 0.040625 0.088021
15 0.349880 0.402344 0.029087 0.107813
15 0.334135 0.504687 0.053846 0.079167
15 0.314784 0.457813 0.041106 0.095833
15 0.309856 0.372656 0.037500 0.110937
15 0.411538 0.230729 0.042308 0.103125
15 0.373918 0.240104 0.028606 0.105208
15 0.350601 0.320833 0.050721 0.073958
15 0.344231 0.227083 0.043269 0.134375
15 0.297236 0.214323 0.049760 0.118229
15 0.279567 0.330990 0.037981 0.103646
15 0.306851 0.144792 0.058413 0.085417
15 0.341346 0.102604 0.049038 0.061458
15 0.390264 0.146354 0.051683 0.103125
15 0.468269 0.022917 0.048558 0.044792
15 0.429207 0.064323 0.028125 0.119271
15 0.398197 0.052865 0.049760 0.104688
15 0.357572 0.056771 0.036779 0.064583
15 0.365865 0.019792 0.032212 0.038542
15 0.294712 0.036719 0.048558 0.072396
15 0.243389 0.017708 0.036779 0.034375
15 0.198197 0.007812 0.050240 0.014583
15 0.194231 0.065625 0.048558 0.084375
15 0.252404 0.105469 0.074038 0.085938
15 0.192788 0.146354 0.051442 0.047917
15 0.143990 0.166667 0.048558 0.064583
15 0.099038 0.166667 0.043269 0.096875
15 0.065986 0.197917 0.033413 0.125000
15 0.102524 0.080469 0.043990 0.075521
15 0.148438 0.065625 0.039663 0.123958
15 0.092788 0.027344 0.052885 0.053646
15 0.040264 0.040885 0.074279 0.080729
15 0.021274 0.100781 0.042067 0.078646
15 0.021995 0.169531 0.043510 0.054688
15 0.036298 0.241406 0.037500 0.084896
15 0.024880 0.287240 0.031490 0.097396
15 0.049760 0.333333 0.028846 0.073958
15 0.016466 0.371354 0.032452 0.073958
15 0.084976 0.316406 0.040625 0.142187
15 0.120313 0.258073 0.027163 0.103646
15 0.144952 0.266406 0.024038 0.097396
15 0.179087 0.240104 0.043269 0.135417
15 0.233413 0.238281 0.075000 0.099479
15 0.231010 0.285417 0.062500 0.090625
15 0.234736 0.354687 0.054087 0.050000
15 0.169712 0.344531 0.048558 0.100521
15 0.126082 0.359375 0.034375 0.112500
15 0.080048 0.474479 0.068269 0.129167
15 0.064423 0.402083 0.053846 0.112500
15 0.023558 0.434635 0.038462 0.102604
15 0.135216 0.450260 0.070433 0.097396
15 0.084495 0.552604 0.041587 0.121875
15 0.121755 0.536979 0.040625 0.108333
15 0.165865 0.512760 0.040865 0.076563
15 0.217668 0.421354 0.069952 0.102083
15 0.267308 0.470573 0.049519 0.132812
15 0.225962 0.532292 0.065385 0.092708
15 0.227404 0.618750 0.037981 0.065625
15 0.252163 0.654687 0.034135 0.063542
15 0.272596 0.580208 0.040865 0.121875
15 0.197115 0.650000 0.030769 0.076042
15 0.170192 0.589844 0.059615 0.067187
15 0.112260 0.627344 0.049038 0.078646
15 0.152885 0.634115 0.027404 0.056771
15 0.188582 0.734115 0.051683 0.101562
15 0.236418 0.731771 0.059375 0.137500
15 0.136659 0.717448 0.052163 0.114062
15 0.098798 0.764844 0.043269 0.067187
15 0.113101 0.828385 0.052644 0.084896
15 0.168269 0.855729 0.044231 0.120833
15 0.215625 0.837760 0.048077 0.108854
15 0.195433 0.928125 0.044231 0.107292
15 0.153606 0.962240 0.040385 0.075521
15 0.116226 0.914583 0.063702 0.073958
15 0.110337 0.969010 0.053846 0.061979
15 0.068630 0.950521 0.047356 0.077083
15 0.061298 0.857812 0.055769 0.104167
15 0.030288 0.780469 0.049038 0.105729
15 0.016587 0.886979 0.032692 0.091667
15 0.013462 0.956250 0.025481 0.053125
15 0.227885 0.972656 0.027404 0.053646
15 0.007332 0.494271 0.014183 0.079167
15 0.006731 0.272396 0.012981 0.097917
