15 0.969351 0.050000 0.061298 0.079167
15 0.934375 0.019792 0.025000 0.038542
15 0.898438 0.055469 0.060337 0.094271
15 0.865986 0.019792 0.022356 0.038542
15 0.823438 0.029427 0.060337 0.057813
15 0.834375 0.111458 0.052885 0.121875
15 0.783293 0.089323 0.056490 0.141146
15 0.736058 0.066406 0.042788 0.103646
15 0.711298 0.036458 0.048077 0.071875
15 0.663221 0.033594 0.047115 0.066146
15 0.609014 0.048698 0.062740 0.085938
15 0.591947 0.140365 0.049279 0.139063
15 0.550240 0.128385 0.042308 0.118229
15 0.634736 0.151042 0.030529 0.155208
15 0.672837 0.115885 0.058654 0.106771
15 0.699279 0.140625 0.027885 0.067708
15 0.728486 0.162240 0.049279 0.075521
15 0.746875 0.221615 0.049038 0.131771
15 0.783293 0.179167 0.031490 0.091667
15 0.837139 0.209896 0.049279 0.079167
15 0.852404 0.239583 0.054808 0.105208
15 0.799519 0.253646 0.038942 0.083333
15 0.759736 0.284896 0.038702 0.089583
15 0.891106 0.176823 0.038462 0.145313
15 0.936538 0.157031 0.060096 0.072396
15 0.973437 0.140625 0.053125 0.097917
15 0.952524 0.233073 0.062260 0.116146
15 0.988341 0.308854 0.023317 0.072917
15 0.920913 0.292708 0.035577 0.127083
15 0.973197 0.420573 0.053606 0.136979
15 0.871394 0.306510 0.065865 0.069271
15 0.848558 0.374479 0.053365 0.079167
15 0.895312 0.408333 0.049760 0.144792
15 0.933534 0.475000 0.046394 0.103125
15 0.890144 0.560156 0.038462 0.141146
15 0.839784 0.527344 0.062740 0.138021
15 0.844712 0.475521 0.066827 0.070833
15 0.812981 0.425000 0.055288 0.092708
15 0.771154 0.382031 0.028846 0.105729
15 0.735096 0.376563 0.051442 0.152083
15 0.680529 0.380729 0.036538 0.127083
15 0.694231 0.253646 0.048558 0.097917
15 0.710216 0.406250 0.022356 0.041667
15 0.666466 0.227604 0.052163 0.106250
15 0.652043 0.345313 0.034375 0.110417
15 0.627404 0.293750 0.042788 0.088542
15 0.608293 0.217708 0.041587 0.078125
15 0.587740 0.289583 0.026923 0.088542
15 0.612500 0.371094 0.038942 0.058854
15 0.593750 0.444792 0.050962 0.059375
15 0.646394 0.448177 0.051923 0.083854
15 0.706851 0.473177 0.042067 0.125521
15 0.740505 0.485417 0.028606 0.082292
15 0.782332 0.516927 0.047356 0.149479
15 0.736659 0.561979 0.049760 0.068750
15 0.679567 0.541667 0.054808 0.113542
15 0.977524 0.545052 0.044952 0.110937
15 0.963822 0.663802 0.070433 0.106771
15 0.914303 0.620833 0.046394 0.132292
15 0.941226 0.614062 0.025240 0.120833
15 0.903365 0.700000 0.048558 0.088542
15 0.950240 0.767969 0.042308 0.093229
15 0.977885 0.756510 0.044231 0.088021
15 0.976202 0.854688 0.047596 0.089583
15 0.938702 0.894792 0.027404 0.114583
15 0.908534 0.868750 0.047837 0.157292
15 0.895553 0.787240 0.052644 0.083854
15 0.862861 0.869010 0.031971 0.116146
15 0.846875 0.590625 0.038462 0.064583
15 0.849399 0.696094 0.033894 0.149479
15 0.858053 0.745833 0.037740 0.115625
15 0.813582 0.719792 0.038221 0.067708
15 0.804207 0.658333 0.049279 0.108333
15 0.753125 0.630208 0.042308 0.072917
15 0.760938 0.721875 0.046875 0.140625
15 0.780288 0.775260 0.033654 0.100521
15 0.816346 0.802344 0.044231 0.091146
15 0.830889 0.873958 0.051683 0.090625
15 0.831490 0.957812 0.048558 0.075000
15 0.879808 0.937760 0.037981 0.120313
15 0.930529 0.978385 0.050962 0.043229
15 0.964303 0.967708 0.028606 0.057292
15 0.793269 0.901042 0.025481 0.103125
15 0.759615 0.908854 0.047596 0.168750
15 0.715264 0.941667 0.034375 0.116667
15 0.661659 0.970833 0.063702 0.058333
15 0.618269 0.969010 0.023558 0.061979
15 0.603245 0.879687 0.037740 0.139583
15 0.635457 0.887760 0.031010 0.096354
15 0.665385 0.888542 0.040865 0.122917
15 0.698317 0.833333 0.056731 0.103125
15 0.720913 0.766146 0.049038 0.127083
15 0.723197 0.630469 0.028606 0.065104
15 0.676322 0.669792 0.072356 0.138542
15 0.680288 0.744792 0.035577 0.057292
15 0.643750 0.777865 0.043750 0.085938
15 0.640264 0.666146 0.030529 0.087500
15 0.607572 0.696875 0.043990 0.086458
15 0.590264 0.788281 0.042548 0.097396
15 0.636659 0.582812 0.032933 0.081250
15 0.626442 0.534896 0.025962 0.097917
15 0.598558 0.527083 0.035577 0.142708
15 0.596755 0.625000 0.046875 0.104167
15 0.568630 0.670833 0.023798 0.111458
15 0.565385 0.529687 0.035096 0.095833
15 0.537620 0.617448 0.047837 0.098437
15 0.525601 0.731771 0.058894 0.137500
15 0.556130 0.751563 0.026202 0.075000
15 0.532452 0.841667 0.067308 0.091667
15 0.568269 0.895833 0.030288 0.115625
15 0.536779 0.931510 0.039423 0.079687
15 0.580889 0.962760 0.040625 0.074479
15 0.500721 0.984375 0.048077 0.031250
15 0.488341 0.933594 0.061298 0.104688
15 0.433053 0.917448 0.055048 0.135937
15 0.393269 0.945833 0.046154 0.108333
15 0.446034 0.985677 0.025240 0.028646
15 0.481250 0.842448 0.039423 0.080729
15 0.461659 0.748698 0.032452 0.140104
15 0.490865 0.778906 0.020192 0.074479
15 0.492188 0.691146 0.057933 0.087500
15 0.419111 0.777083 0.046394 0.129167
15 0.434976 0.847396 0.037740 0.058333
15 0.384856 0.832812 0.055769 0.106250
15 0.352524 0.910417 0.044952 0.079167
15 0.340144 0.972917 0.029808 0.054167
15 0.298438 0.958333 0.060817 0.083333
15 0.321034 0.847917 0.061779 0.111458
15 0.334976 0.761979 0.066587 0.110417
15 0.369591 0.735938 0.050721 0.081250
15 0.381250 0.661719 0.052404 0.081771
15 0.422115 0.705729 0.042308 0.052083
15 0.391346 0.605729 0.027404 0.097917
15 0.421995 0.583854 0.029087 0.106250
15 0.446635 0.535937 0.035577 0.141667
15 0.481010 0.527344 0.040385 0.075521
15 0.490986 0.610417 0.053125 0.103125
15 0.453005 0.623698 0.021394 0.098437
15 0.534495 0.522135 0.040625 0.130729
15 0.538702 0.447135 0.033654 0.069271
15 0.575120 0.395833 0.057933 0.105208
15 0.535337 0.360938 0.040865 0.091667
15 0.510096 0.432812 0.028365 0.104167
15 0.485457 0.441406 0.034856 0.129688
15 0.460096 0.433594 0.016346 0.071354
15 0.420192 0.423438 0.065865 0.081250
15 0.594351 0.017188 0.048317 0.033333
15 0.505889 0.097656 0.057452 0.086979
15 0.499880 0.186198 0.051683 0.090104
15 0.545192 0.277604 0.062981 0.122917
15 0.493990 0.332031 0.052885 0.110937
15 0.451683 0.333073 0.029808 0.086979
15 0.422957 0.313281 0.055529 0.130729
15 0.462139 0.241146 0.058413 0.095833
15 0.404687 0.263802 0.040625 0.101562
15 0.369111 0.353646 0.054087 0.087500
15 0.346154 0.308854 0.037019 0.070833
15 0.316707 0.380729 0.043029 0.081250
15 0.306250 0.486198 0.034135 0.094271
15 0.352043 0.476823 0.054087 0.116146
15 0.343870 0.410677 0.028125 0.061979
15 0.381611 0.232292 0.052163 0.105208
15 0.438341 0.166146 0.047837 0.085417
15 0.461779 0.078125 0.046154 0.131250
15 0.394231 0.128385 0.046635 0.101562
15 0.348077 0.133333 0.064904 0.104167
15 0.337620 0.235937 0.044471 0.104167
15 0.297236 0.194271 0.044471 0.106250
15 0.298317 0.292448 0.057692 0.073438
15 0.422356 0.048698 0.054808 0.085938
15 0.388221 0.012500 0.028846 0.023958
15 0.337260 0.032552 0.038462 0.064062
15 0.296635 0.067187 0.054808 0.110417
15 0.233173 0.978906 0.050962 0.042188
15 0.249159 0.931510 0.034375 0.070312
15 0.265625 0.854948 0.049038 0.089063
15 0.287260 0.773958 0.041346 0.113542
15 0.257212 0.760677 0.028365 0.111979
15 0.212500 0.785677 0.071154 0.083854
15 0.207572 0.861719 0.067067 0.073438
15 0.193389 0.936719 0.051683 0.114062
15 0.146635 0.888542 0.047115 0.140625
15 0.144832 0.975781 0.041106 0.048438
15 0.124639 0.832812 0.041587 0.093750
15 0.087019 0.908594 0.069712 0.095312
15 0.092668 0.978125 0.043029 0.043750
15 0.051562 0.965365 0.027644 0.069271
15 0.020313 0.955208 0.040144 0.089583
15 0.008173 0.887500 0.015865 0.073958
15 0.045192 0.845833 0.055769 0.075000
15 0.086058 0.787760 0.037500 0.100521
15 0.115745 0.746094 0.039183 0.071354
15 0.157692 0.767708 0.046154 0.094792
15 0.171394 0.692187 0.062500 0.060417
15 0.221755 0.692969 0.049279 0.140104
15 0.253726 0.649219 0.031010 0.090104
15 0.287139 0.639583 0.035337 0.113542
15 0.322356 0.653385 0.047115 0.097396
15 0.350962 0.663281 0.019231 0.077604
15 0.346394 0.569792 0.064423 0.072917
15 0.272837 0.521875 0.065385 0.109375
15 0.259495 0.576823 0.050721 0.069271
15 0.204687 0.582812 0.067067 0.097917
15 0.168389 0.625000 0.047837 0.128125
15 0.118029 0.662500 0.049038 0.090625
15 0.066346 0.689583 0.047596 0.134375
15 0.026082 0.784375 0.051683 0.069792
15 0.020433 0.663542 0.040385 0.159375
15 0.044231 0.554688 0.048558 0.127083
15 0.096034 0.584375 0.059856 0.078125
15 0.089784 0.530990 0.035337 0.046354
15 0.119832 0.506510 0.031490 0.078646
15 0.190745 0.478906 0.091106 0.129688
15 0.269111 0.407292 0.054087 0.114583
15 0.230769 0.345573 0.069712 0.129688
15 0.170192 0.373958 0.058173 0.068750
15 0.127644 0.420312 0.057692 0.135417
15 0.078365 0.452344 0.044712 0.100521
15 0.041346 0.423438 0.049519 0.129167
15 0.008774 0.501042 0.017067 0.122917
15 0.086058 0.338542 0.041827 0.126042
15 0.197957 0.269010 0.040144 0.079687
15 0.243029 0.245312 0.051923 0.087500
15 0.188822 0.206510 0.066587 0.049479
15 0.227043 0.153385 0.054087 0.109896
15 0.250481 0.119271 0.062500 0.115625
15 0.214784 0.047917 0.056490 0.067708
15 0.179327 0.142708 0.051442 0.128125
15 0.128846 0.159635 0.038462 0.127604
15 0.102885 0.214844 0.034135 0.104688
15 0.067909 0.284635 0.037260 0.081771
15 0.036899 0.225260 0.066106 0.124479
15 0.081250 0.088542 0.052885 0.153125
15 0.141827 0.017708 0.038942 0.034375
15 0.177404 0.025000 0.029327 0.048958
15 0.113942 0.108333 0.054327 0.101042
