15 0.949038 0.782292 0.075481 0.117708
15 0.886058 0.868750 0.056250 0.145833
15 0.830529 0.921354 0.056250 0.121875
15 0.771635 0.954688 0.052885 0.090625
15 0.742788 0.872135 0.058654 0.140104
15 0.764183 0.786198 0.037981 0.138021
15 0.809615 0.719531 0.059135 0.129688
15 0.753486 0.658333 0.060337 0.103125
15 0.716947 0.721615 0.056490 0.151562
15 0.665385 0.749479 0.062500 0.132292
15 0.683654 0.854427 0.057212 0.085938
15 0.644231 0.900260 0.055288 0.110937
15 0.696154 0.954688 0.067788 0.090625
15 0.609615 0.966667 0.050481 0.066667
15 0.594351 0.898698 0.043029 0.106771
15 0.561779 0.929948 0.044231 0.124479
15 0.617909 0.808594 0.042067 0.111979
15 0.612620 0.670312 0.053606 0.144792
15 0.566707 0.719010 0.042548 0.119271
15 0.533654 0.805990 0.050481 0.117188
15 0.978966 0.578125 0.042067 0.122917
15 0.889303 0.638542 0.055048 0.158333
15 0.925120 0.496875 0.063221 0.115625
15 0.976562 0.411458 0.046875 0.144792
15 0.879447 0.480469 0.056971 0.154688
15 0.833413 0.457031 0.045673 0.124479
15 0.788822 0.494010 0.059375 0.116146
15 0.727043 0.556771 0.072356 0.083333
15 0.669952 0.506510 0.039423 0.123438
15 0.726442 0.450781 0.076923 0.098437
15 0.748918 0.360677 0.056971 0.081771
15 0.793510 0.363281 0.038942 0.125521
15 0.863702 0.366146 0.055769 0.073958
15 0.906250 0.342187 0.035096 0.155208
15 0.956851 0.278125 0.068510 0.113542
15 0.916466 0.208073 0.059856 0.092188
15 0.943630 0.142187 0.035817 0.105208
15 0.975120 0.141406 0.034375 0.140104
15 0.867788 0.265625 0.047596 0.135417
15 0.822716 0.294531 0.052163 0.107813
15 0.804087 0.192708 0.052885 0.130208
15 0.877163 0.138281 0.064423 0.095312
15 0.835577 0.092188 0.046154 0.104167
15 0.902764 0.046354 0.054567 0.091667
15 0.962139 0.023177 0.047837 0.045312
15 0.863582 0.031771 0.022837 0.045833
15 0.808534 0.064062 0.058413 0.127083
15 0.766346 0.125781 0.045192 0.091146
15 0.767909 0.232031 0.038221 0.130729
15 0.739062 0.288021 0.046394 0.076042
15 0.690625 0.351562 0.066346 0.166667
15 0.672356 0.235156 0.044231 0.118229
15 0.721514 0.217969 0.052644 0.111979
15 0.715625 0.129948 0.062981 0.091146
15 0.740865 0.069271 0.035096 0.066667
15 0.753966 0.022396 0.043990 0.043750
15 0.697837 0.041406 0.045192 0.081771
15 0.655889 0.140625 0.055048 0.129167
15 0.619111 0.093750 0.073798 0.104167
15 0.657332 0.040365 0.038221 0.065104
15 0.599038 0.146615 0.028846 0.045312
15 0.606490 0.016406 0.046635 0.031771
15 0.563942 0.050781 0.037019 0.098437
15 0.624038 0.340885 0.068269 0.143229
15 0.620793 0.423438 0.041106 0.057292
15 0.609375 0.501823 0.059135 0.181771
15 0.551923 0.515625 0.059615 0.076042
15 0.513101 0.613542 0.075240 0.090625
15 0.553245 0.413021 0.056971 0.119792
15 0.570072 0.312500 0.041106 0.109375
15 0.579928 0.181510 0.044471 0.170313
15 0.521755 0.264062 0.065144 0.167708
15 0.495192 0.392188 0.034135 0.090625
15 0.463702 0.314583 0.062981 0.102083
15 0.466947 0.218229 0.053606 0.100000
15 0.425481 0.272656 0.025000 0.102604
15 0.430649 0.375260 0.068510 0.101562
15 0.472837 0.480469 0.030769 0.119271
15 0.502885 0.508073 0.033654 0.139063
15 0.458293 0.573438 0.039183 0.090625
15 0.437740 0.498958 0.041827 0.145833
15 0.413462 0.482552 0.021635 0.088021
15 0.400240 0.583073 0.049519 0.113021
15 0.461899 0.658854 0.053125 0.096875
15 0.456611 0.766406 0.055048 0.109896
15 0.483774 0.812500 0.042067 0.118750
15 0.518149 0.709896 0.051202 0.116667
15 0.515024 0.926302 0.055048 0.147396
15 0.458894 0.902865 0.045192 0.123438
15 0.455769 0.973437 0.059615 0.053125
15 0.399279 0.977604 0.033654 0.044792
15 0.414423 0.834375 0.048558 0.117708
15 0.417308 0.904948 0.028365 0.061979
15 0.386418 0.925781 0.054567 0.097396
15 0.358894 0.860417 0.056250 0.164583
15 0.307692 0.864062 0.036538 0.097917
15 0.336298 0.971354 0.064904 0.057292
15 0.267668 0.970313 0.055529 0.059375
15 0.262380 0.879687 0.056490 0.111458
15 0.387861 0.737240 0.043510 0.090104
15 0.330529 0.731510 0.071635 0.150521
15 0.271274 0.767448 0.045433 0.090104
15 0.297716 0.659896 0.067067 0.102083
15 0.404207 0.657813 0.051202 0.075000
15 0.342668 0.587500 0.052644 0.123958
15 0.352644 0.492708 0.045192 0.077083
15 0.305288 0.483854 0.058654 0.070833
15 0.388101 0.468490 0.029567 0.121354
15 0.362019 0.411458 0.050962 0.069792
15 0.256731 0.431250 0.062981 0.080208
15 0.306250 0.346875 0.087981 0.118750
15 0.381130 0.286198 0.073798 0.130729
15 0.288702 0.567708 0.044231 0.078125
15 0.238462 0.513281 0.057692 0.109896
15 0.231971 0.616667 0.064423 0.094792
15 0.243149 0.709115 0.036779 0.093229
15 0.188822 0.644792 0.048798 0.121875
15 0.193389 0.536979 0.059375 0.097917
15 0.226923 0.355208 0.066827 0.114583
15 0.183534 0.425260 0.057452 0.103646
15 0.182212 0.296354 0.058173 0.143750
15 0.235937 0.255729 0.044952 0.089583
15 0.314543 0.240885 0.044952 0.115104
15 0.274279 0.239323 0.034615 0.107813
15 0.358293 0.204427 0.043029 0.095312
15 0.404207 0.173698 0.047356 0.098437
15 0.447356 0.152344 0.050000 0.142187
15 0.485457 0.109375 0.040144 0.119792
15 0.518149 0.140365 0.035817 0.097396
15 0.549399 0.135417 0.031490 0.111458
15 0.517788 0.049219 0.054327 0.080729
15 0.478005 0.024219 0.040625 0.047396
15 0.434736 0.059375 0.051683 0.060417
15 0.434255 0.012760 0.037740 0.024479
15 0.381971 0.030469 0.051923 0.059896
15 0.372957 0.110156 0.052163 0.100521
15 0.328365 0.123698 0.048558 0.126562
15 0.324279 0.029427 0.049038 0.057813
15 0.275481 0.053385 0.056250 0.105729
15 0.254207 0.132552 0.039663 0.109896
15 0.229687 0.185938 0.052644 0.068750
15 0.200721 0.148958 0.054808 0.123958
15 0.223918 0.042188 0.042067 0.083333
15 0.195433 0.010677 0.025962 0.020313
15 0.175240 0.080729 0.058654 0.114583
15 0.125841 0.091146 0.040625 0.131250
15 0.145313 0.192969 0.059375 0.097396
15 0.121154 0.277865 0.026923 0.064062
15 0.097476 0.255729 0.039183 0.083333
15 0.099880 0.347917 0.040144 0.140625
15 0.138822 0.386458 0.039183 0.088542
15 0.146635 0.019271 0.044712 0.037500
15 0.102284 0.016667 0.033894 0.032292
15 0.087019 0.163021 0.060577 0.093750
15 0.056370 0.076042 0.060337 0.106250
15 0.024038 0.131250 0.047596 0.120833
15 0.008894 0.030208 0.017308 0.059375
15 0.010216 0.254167 0.019952 0.116667
15 0.046635 0.244792 0.058173 0.126042
15 0.061779 0.321875 0.036538 0.047917
15 0.097115 0.350781 0.036538 0.130729
15 0.068149 0.402344 0.061779 0.153646
15 0.097236 0.490104 0.061779 0.106250
15 0.148558 0.501302 0.057212 0.090104
15 0.041346 0.468750 0.046154 0.075000
15 0.019351 0.387760 0.038221 0.153646
15 0.040144 0.536458 0.065385 0.081250
15 0.090264 0.593490 0.057452 0.111979
15 0.142668 0.581771 0.047356 0.081250
15 0.138582 0.659635 0.055529 0.094271
15 0.015505 0.598958 0.030529 0.080208
15 0.034736 0.646875 0.048317 0.152083
15 0.070072 0.715625 0.072837 0.114583
15 0.114904 0.785417 0.045192 0.126042
15 0.142788 0.734375 0.066827 0.084375
15 0.197837 0.746354 0.041346 0.058333
15 0.217788 0.809375 0.062981 0.115625
15 0.202885 0.889844 0.051442 0.082812
15 0.162139 0.834896 0.043510 0.091667
15 0.015625 0.765885 0.030769 0.118229
15 0.010337 0.865365 0.020192 0.072396
15 0.057212 0.829948 0.055288 0.114062
15 0.091466 0.871615 0.046394 0.185938
15 0.133774 0.924740 0.046394 0.104688
15 0.196394 0.964844 0.063462 0.069271
15 0.152885 0.985677 0.023558 0.028646
15 0.108774 0.978906 0.043990 0.042188
15 0.067067 0.977865 0.030769 0.043229
15 0.034615 0.943490 0.068750 0.113021
