15 0.912019 0.023177 0.043269 0.045312
15 0.915024 0.226042 0.050721 0.178125
15 0.906490 0.345052 0.070673 0.140104
15 0.889183 0.423958 0.061058 0.107292
15 0.856370 0.070833 0.074760 0.113542
15 0.835577 0.141146 0.034135 0.064583
15 0.857692 0.191406 0.057212 0.117188
15 0.875240 0.244010 0.045192 0.099479
15 0.825481 0.258073 0.038942 0.078646
15 0.795433 0.205990 0.067308 0.169271
15 0.773678 0.346875 0.056010 0.105208
15 0.833053 0.348958 0.059375 0.119792
15 0.792788 0.456250 0.047115 0.113542
15 0.833053 0.486198 0.054087 0.129688
15 0.864303 0.487760 0.037260 0.126562
15 0.846875 0.579948 0.062500 0.090104
15 0.899279 0.652083 0.070192 0.137500
15 0.781731 0.131771 0.048558 0.115625
15 0.734375 0.242448 0.038462 0.126562
15 0.727885 0.097656 0.063462 0.140104
15 0.783053 0.053385 0.056490 0.080729
15 0.767668 0.018229 0.045913 0.035417
15 0.669832 0.036198 0.059856 0.071354
15 0.671034 0.146354 0.073798 0.142708
15 0.675240 0.258594 0.066346 0.086979
15 0.629207 0.225000 0.041587 0.128125
15 0.611418 0.262500 0.040144 0.136458
15 0.667308 0.370312 0.072596 0.125000
15 0.736058 0.398698 0.056731 0.109896
15 0.759615 0.549219 0.054327 0.142187
15 0.775841 0.530729 0.044471 0.137500
15 0.713221 0.506250 0.062019 0.148958
15 0.611779 0.357552 0.043269 0.080729
15 0.626202 0.485938 0.052885 0.185417
15 0.582452 0.416146 0.061538 0.110417
15 0.577524 0.288281 0.051202 0.136979
15 0.547957 0.289323 0.031010 0.085938
15 0.536538 0.363281 0.030288 0.055729
15 0.536659 0.188542 0.050721 0.127083
15 0.498197 0.196615 0.055048 0.118229
15 0.462019 0.169792 0.041827 0.105208
15 0.606490 0.112240 0.080769 0.148438
15 0.566947 0.085677 0.046394 0.113021
15 0.602524 0.021094 0.052163 0.041146
15 0.512380 0.049479 0.079087 0.097917
15 0.505529 0.110156 0.067788 0.055729
15 0.448918 0.059375 0.056010 0.105208
15 0.495192 0.282031 0.050481 0.086979
15 0.444952 0.274219 0.059615 0.116146
15 0.467308 0.369792 0.042788 0.121875
15 0.504087 0.364583 0.035577 0.067708
15 0.525361 0.441667 0.050721 0.128125
15 0.480409 0.452604 0.040144 0.122917
15 0.567308 0.523958 0.067308 0.105208
15 0.511538 0.549219 0.052885 0.105729
15 0.459856 0.576042 0.048077 0.123958
15 0.425721 0.472135 0.062019 0.110937
15 0.430288 0.372135 0.030288 0.100521
15 0.393149 0.353385 0.041587 0.142187
15 0.653365 0.602344 0.066346 0.100521
15 0.677043 0.680729 0.061298 0.115625
15 0.722837 0.694531 0.047115 0.088021
15 0.734495 0.620573 0.073798 0.099479
15 0.784495 0.687500 0.055048 0.168750
15 0.833534 0.678125 0.044471 0.198958
15 0.894231 0.778125 0.055769 0.135417
15 0.857812 0.823958 0.060817 0.117708
15 0.907332 0.904427 0.048798 0.119271
15 0.885938 0.939844 0.046394 0.120313
15 0.842428 0.939844 0.045913 0.120313
15 0.800240 0.848437 0.059615 0.164583
15 0.787139 0.963021 0.069952 0.073958
15 0.717428 0.926562 0.090625 0.084375
15 0.724399 0.983073 0.037260 0.033854
15 0.742428 0.813542 0.054567 0.143750
15 0.700361 0.861198 0.058894 0.150521
15 0.680889 0.769531 0.060337 0.057813
15 0.625240 0.757552 0.047596 0.138021
15 0.641466 0.891927 0.054567 0.132812
15 0.594832 0.884635 0.074279 0.098437
15 0.583053 0.958854 0.053125 0.082292
15 0.543990 0.913281 0.043269 0.129688
15 0.572356 0.769792 0.044231 0.138542
15 0.570312 0.634896 0.064663 0.118750
15 0.610938 0.641667 0.027163 0.112500
15 0.515745 0.729948 0.062260 0.109896
15 0.487981 0.649479 0.065865 0.106250
15 0.453005 0.714063 0.044952 0.111458
15 0.498077 0.823438 0.067788 0.097917
15 0.470913 0.920052 0.059135 0.095312
15 0.430288 0.887500 0.047596 0.115625
15 0.510577 0.950781 0.043750 0.098437
15 0.429447 0.970573 0.050240 0.058854
15 0.379567 0.958854 0.061538 0.082292
15 0.329567 0.961719 0.042788 0.076563
15 0.345553 0.867448 0.040625 0.115104
15 0.377524 0.890625 0.036298 0.081250
15 0.385937 0.786458 0.069952 0.127083
15 0.377644 0.685156 0.048077 0.094271
15 0.338341 0.759635 0.028125 0.091146
15 0.314663 0.809896 0.038462 0.096875
15 0.299038 0.883854 0.038942 0.158333
15 0.286298 0.667448 0.054808 0.153646
15 0.320072 0.686979 0.037260 0.144792
15 0.355409 0.613021 0.062740 0.080208
15 0.411779 0.589844 0.052885 0.132812
15 0.374159 0.510938 0.041106 0.188542
15 0.316707 0.539583 0.069952 0.103125
15 0.291947 0.458594 0.056010 0.101562
15 0.335817 0.389844 0.065865 0.140104
15 0.390024 0.163021 0.081010 0.183333
15 0.365385 0.261458 0.071635 0.089583
15 0.338221 0.319010 0.050481 0.057813
15 0.297837 0.268750 0.062500 0.138542
15 0.270913 0.367448 0.038942 0.095312
15 0.325481 0.178646 0.046635 0.098958
15 0.393870 0.059635 0.054087 0.063021
15 0.341106 0.083073 0.063942 0.116146
15 0.393630 0.014323 0.063221 0.027604
15 0.333173 0.017969 0.052404 0.034896
15 0.291226 0.067187 0.048317 0.133333
15 0.252885 0.023958 0.030288 0.046875
15 0.228365 0.013021 0.013462 0.025000
15 0.235216 0.052604 0.035337 0.048958
15 0.190865 0.050781 0.068750 0.100521
15 0.139423 0.048698 0.054808 0.096354
15 0.160577 0.141406 0.056250 0.106771
15 0.218389 0.147396 0.067067 0.155208
15 0.268510 0.145573 0.053846 0.130729
15 0.193990 0.207552 0.075962 0.079687
15 0.232452 0.276302 0.073558 0.111979
15 0.181611 0.298698 0.044952 0.116146
15 0.223197 0.374740 0.059375 0.101562
15 0.240024 0.470833 0.052644 0.122917
15 0.246514 0.558854 0.072837 0.109375
15 0.247476 0.663021 0.034856 0.093750
15 0.220312 0.703906 0.048798 0.098437
15 0.201683 0.634635 0.054327 0.115104
15 0.168389 0.598958 0.078125 0.162500
15 0.170673 0.520833 0.058173 0.067708
15 0.113341 0.467708 0.089663 0.083333
15 0.108894 0.564844 0.049038 0.117188
15 0.071394 0.640885 0.079327 0.120313
15 0.089784 0.707031 0.056971 0.103646
15 0.141466 0.709375 0.077163 0.087500
15 0.259135 0.775260 0.076923 0.085938
15 0.240264 0.866927 0.078125 0.084896
15 0.199519 0.904687 0.037981 0.092708
15 0.177524 0.840625 0.080048 0.128125
15 0.161058 0.932031 0.036058 0.060937
15 0.185457 0.971094 0.044952 0.057813
15 0.247957 0.958854 0.070433 0.082292
15 0.264062 0.906510 0.036298 0.053646
15 0.169111 0.765885 0.043990 0.075521
15 0.122596 0.796094 0.054327 0.151562
15 0.079928 0.808073 0.047356 0.133854
15 0.097596 0.897917 0.049519 0.060417
15 0.118510 0.960417 0.069231 0.076042
15 0.040264 0.919010 0.080048 0.135937
15 0.013221 0.818490 0.025962 0.069271
15 0.032933 0.767188 0.045673 0.151042
15 0.010817 0.713021 0.021154 0.121875
15 0.028125 0.614323 0.034615 0.113021
15 0.076082 0.545312 0.021875 0.076042
15 0.056010 0.492969 0.035096 0.185938
15 0.020072 0.494010 0.039663 0.157812
15 0.015625 0.398958 0.030769 0.077083
15 0.193269 0.461198 0.047115 0.106771
15 0.143389 0.393229 0.098798 0.111458
15 0.119111 0.323698 0.098317 0.132812
15 0.118149 0.236979 0.044952 0.080208
15 0.052043 0.266406 0.079567 0.079687
15 0.049760 0.359896 0.070673 0.092708
15 0.019591 0.269271 0.038702 0.107292
15 0.062861 0.175781 0.060817 0.098437
15 0.017308 0.167448 0.034135 0.126562
15 0.103606 0.119792 0.062981 0.127083
15 0.077163 0.036458 0.055769 0.069792
15 0.111779 0.023177 0.043269 0.045312
15 0.023077 0.062500 0.045673 0.094792
