15 0.975601 0.049219 0.048798 0.097396
15 0.920072 0.041927 0.088702 0.082812
15 0.893630 0.102604 0.058894 0.110417
15 0.976923 0.180990 0.046154 0.158854
15 0.941587 0.274219 0.090385 0.136979
15 0.981010 0.363542 0.037981 0.093750
15 0.958774 0.445573 0.072837 0.090104
15 0.927163 0.385677 0.065865 0.085938
15 0.874639 0.270573 0.051683 0.111979
15 0.916106 0.181510 0.039904 0.045312
15 0.856130 0.183594 0.068029 0.067187
15 0.812981 0.284635 0.072115 0.133854
15 0.754447 0.268750 0.063702 0.093750
15 0.783173 0.179427 0.076923 0.123438
15 0.837620 0.088021 0.060817 0.125000
15 0.784615 0.066667 0.068269 0.118750
15 0.728245 0.057031 0.055529 0.113021
15 0.713942 0.147396 0.049038 0.130208
15 0.676803 0.199219 0.061298 0.164062
15 0.652764 0.099479 0.054087 0.107292
15 0.624038 0.165885 0.035096 0.110937
15 0.588101 0.189583 0.053606 0.122917
15 0.610938 0.063281 0.045913 0.118229
15 0.666587 0.023177 0.051442 0.045312
15 0.573438 0.052865 0.056490 0.104688
15 0.535457 0.167969 0.045913 0.166146
15 0.552284 0.285677 0.079567 0.136979
15 0.640986 0.299219 0.094471 0.089063
15 0.673678 0.341667 0.045433 0.063542
15 0.725000 0.311979 0.051442 0.105208
15 0.796394 0.430990 0.066827 0.161979
15 0.856971 0.364583 0.066346 0.086458
15 0.848558 0.444010 0.040385 0.088021
15 0.899159 0.497656 0.046875 0.132812
15 0.932452 0.568490 0.051442 0.151562
15 0.943389 0.680729 0.043510 0.100000
15 0.896875 0.652344 0.042788 0.153646
15 0.877764 0.747656 0.038221 0.110937
15 0.949399 0.826042 0.036298 0.136458
15 0.879447 0.851562 0.079087 0.107292
15 0.890385 0.948438 0.054327 0.103125
15 0.508293 0.041927 0.064663 0.082812
15 0.463221 0.095312 0.039423 0.125000
15 0.496755 0.124219 0.026683 0.091146
15 0.480168 0.222396 0.068510 0.119792
15 0.505769 0.354948 0.033654 0.110937
15 0.563101 0.429688 0.057933 0.111458
15 0.607572 0.367708 0.062740 0.091667
15 0.626082 0.467448 0.068029 0.116146
15 0.675120 0.409115 0.053606 0.063021
15 0.726683 0.433073 0.042308 0.151562
15 0.747115 0.540104 0.057692 0.094792
15 0.707212 0.613021 0.051442 0.098958
15 0.797356 0.601302 0.055288 0.119271
15 0.834135 0.548177 0.073558 0.088021
15 0.857692 0.517708 0.067308 0.089583
15 0.857692 0.654427 0.056250 0.130729
15 0.816587 0.715625 0.031250 0.125000
15 0.838341 0.831250 0.034856 0.162500
15 0.799760 0.803385 0.061058 0.178646
15 0.799159 0.943490 0.048798 0.113021
15 0.754928 0.961458 0.035817 0.077083
15 0.714663 0.940365 0.051442 0.100521
15 0.754687 0.855469 0.060337 0.119271
15 0.760938 0.683854 0.038702 0.114583
15 0.711538 0.727604 0.074038 0.208333
15 0.681010 0.862500 0.070673 0.103125
15 0.656611 0.949219 0.067067 0.085938
15 0.634976 0.980469 0.045913 0.039062
15 0.591346 0.946354 0.058654 0.104167
15 0.615385 0.821615 0.048077 0.157812
15 0.651923 0.758073 0.049519 0.118229
15 0.627043 0.629687 0.087740 0.142708
15 0.576562 0.738281 0.051202 0.122396
15 0.564183 0.853906 0.054327 0.092188
15 0.524038 0.935937 0.055288 0.128125
15 0.475120 0.890365 0.032933 0.075521
15 0.524038 0.787500 0.058654 0.142708
15 0.527043 0.649479 0.053125 0.122917
15 0.483534 0.666927 0.043990 0.119271
15 0.442308 0.652865 0.041346 0.126562
15 0.463221 0.786719 0.057212 0.120313
15 0.518510 0.503125 0.045192 0.179167
15 0.578846 0.554948 0.075481 0.121354
15 0.471274 0.472396 0.079567 0.122917
15 0.472716 0.565365 0.040625 0.063021
15 0.426322 0.523438 0.053125 0.121875
15 0.395433 0.433333 0.052885 0.089583
15 0.406851 0.649740 0.044471 0.185938
15 0.370192 0.633073 0.026442 0.161979
15 0.375721 0.765625 0.082212 0.120833
15 0.442067 0.862760 0.048558 0.151562
15 0.406611 0.862760 0.035337 0.098437
15 0.400000 0.951562 0.058654 0.096875
15 0.462260 0.966406 0.065865 0.067187
15 0.360938 0.931510 0.056971 0.101562
15 0.345793 0.847135 0.062260 0.108854
15 0.317308 0.973958 0.037019 0.052083
15 0.303245 0.903646 0.066587 0.080208
15 0.273197 0.965104 0.048798 0.069792
15 0.234255 0.969531 0.027644 0.060937
15 0.239663 0.880990 0.056250 0.106771
15 0.284495 0.797656 0.074279 0.104688
15 0.304808 0.721354 0.059135 0.093750
15 0.247115 0.694271 0.059135 0.127083
15 0.215625 0.775260 0.054808 0.106771
15 0.318750 0.599479 0.071635 0.190625
15 0.350721 0.493229 0.044712 0.126042
15 0.391707 0.339844 0.044471 0.099479
15 0.338942 0.395573 0.064904 0.154688
15 0.291346 0.452344 0.038462 0.119271
15 0.245673 0.478646 0.055769 0.132292
15 0.265144 0.587240 0.040865 0.084896
15 0.223678 0.577344 0.037740 0.127604
15 0.185457 0.670833 0.048317 0.118750
15 0.142428 0.761979 0.090144 0.133333
15 0.156851 0.924479 0.052644 0.114583
15 0.119231 0.622656 0.089904 0.099479
15 0.078726 0.667969 0.069471 0.082812
15 0.143870 0.553385 0.045913 0.092188
15 0.181370 0.547135 0.063221 0.108854
15 0.188582 0.458854 0.051683 0.069792
15 0.200000 0.380729 0.033654 0.113542
15 0.241827 0.370573 0.068750 0.089063
15 0.138462 0.424219 0.046154 0.124479
15 0.093510 0.465625 0.062019 0.148958
15 0.038221 0.595052 0.063942 0.133854
15 0.028245 0.726042 0.056010 0.136458
15 0.044832 0.386979 0.063221 0.115625
15 0.087019 0.325781 0.040385 0.119271
15 0.041707 0.278385 0.052163 0.104688
15 0.120673 0.257292 0.052885 0.142708
15 0.162740 0.316667 0.045192 0.132292
15 0.207332 0.266146 0.063221 0.139583
15 0.246995 0.191667 0.052644 0.114583
15 0.299760 0.304427 0.047596 0.189062
15 0.263702 0.280469 0.033173 0.131771
15 0.353005 0.264844 0.057933 0.107813
15 0.307332 0.179427 0.044471 0.078646
15 0.361899 0.165365 0.071394 0.113021
15 0.394591 0.180208 0.047356 0.131250
15 0.425841 0.252083 0.037260 0.096875
15 0.423798 0.132552 0.051923 0.104688
15 0.386418 0.059896 0.040625 0.096875
15 0.420192 0.037500 0.074038 0.073958
15 0.334255 0.076563 0.061298 0.090625
15 0.346635 0.014323 0.059615 0.027604
15 0.284736 0.039062 0.052644 0.077083
15 0.201322 0.070573 0.060337 0.126562
15 0.127163 0.133854 0.064423 0.091667
15 0.083654 0.211458 0.038462 0.097917
15 0.027644 0.134115 0.054808 0.167187
15 0.073438 0.102083 0.043990 0.120833
15 0.102764 0.047917 0.053125 0.094792
15 0.138341 0.015104 0.041587 0.029167
