15 0.953245 0.410417 0.080529 0.107292
15 0.904327 0.380729 0.040385 0.136458
15 0.896274 0.253385 0.059856 0.113021
15 0.868870 0.389323 0.056971 0.140104
15 0.875361 0.514323 0.064663 0.107813
15 0.818510 0.443229 0.067308 0.085417
15 0.808534 0.543490 0.076202 0.119271
15 0.742428 0.543229 0.054567 0.146875
15 0.693990 0.482812 0.062500 0.146875
15 0.686659 0.597135 0.055048 0.169271
15 0.766827 0.683073 0.107212 0.139063
15 0.836538 0.633854 0.062019 0.095833
15 0.918269 0.654948 0.071635 0.080729
15 0.919832 0.565365 0.053606 0.091146
15 0.945312 0.519271 0.065625 0.093750
15 0.919952 0.733854 0.049038 0.073958
15 0.894471 0.816406 0.057212 0.111979
15 0.820793 0.743750 0.058413 0.107292
15 0.769231 0.807292 0.051442 0.097917
15 0.795673 0.872135 0.062500 0.054688
15 0.844471 0.238542 0.057692 0.138542
15 0.809014 0.295833 0.054087 0.146875
15 0.757452 0.276042 0.042788 0.137500
15 0.714183 0.366146 0.070673 0.091667
15 0.686418 0.274219 0.089663 0.131771
15 0.645072 0.393750 0.061298 0.104167
15 0.606851 0.477865 0.052163 0.099479
15 0.623678 0.594271 0.058413 0.142708
15 0.565264 0.598437 0.084375 0.113542
15 0.571034 0.402083 0.043990 0.107292
15 0.611538 0.303385 0.062019 0.122396
15 0.564303 0.289844 0.036779 0.128646
15 0.592187 0.144010 0.056971 0.138021
15 0.745313 0.111719 0.079087 0.144271
15 0.798438 0.054948 0.050721 0.100521
15 0.842909 0.093490 0.061779 0.120313
15 0.531490 0.201823 0.057692 0.160938
15 0.482572 0.141927 0.042067 0.163021
15 0.467067 0.280208 0.057212 0.125000
15 0.498678 0.363542 0.103125 0.159375
15 0.529087 0.470313 0.066827 0.098958
15 0.493029 0.534635 0.059615 0.097396
15 0.499279 0.656250 0.063462 0.136458
15 0.444471 0.479167 0.048077 0.125000
15 0.880048 0.943229 0.087981 0.085417
15 0.953966 0.952604 0.064183 0.094792
15 0.838942 0.971094 0.058173 0.057813
15 0.781490 0.951302 0.048077 0.097396
15 0.738582 0.900260 0.056010 0.095312
15 0.726322 0.969792 0.055048 0.060417
15 0.677644 0.943229 0.039904 0.111458
15 0.622356 0.954948 0.053365 0.085938
15 0.642788 0.860156 0.047596 0.173437
15 0.702404 0.803906 0.067308 0.144271
15 0.659736 0.703125 0.047837 0.121875
15 0.611659 0.751042 0.057933 0.147917
15 0.587620 0.837760 0.061779 0.108854
15 0.537861 0.920052 0.051202 0.159896
15 0.572356 0.964844 0.025962 0.070312
15 0.484014 0.947917 0.052163 0.102083
15 0.480288 0.855208 0.062981 0.117708
15 0.478966 0.762760 0.059375 0.108854
15 0.533534 0.770312 0.050240 0.093750
15 0.441707 0.736719 0.058894 0.109896
15 0.425962 0.983333 0.051923 0.033333
15 0.382091 0.955469 0.055048 0.089063
15 0.331490 0.950260 0.042308 0.099479
15 0.421995 0.888281 0.055529 0.130729
15 0.387260 0.828125 0.063942 0.110417
15 0.330409 0.842187 0.065625 0.112500
15 0.353125 0.751042 0.073558 0.094792
15 0.393870 0.693229 0.046394 0.134375
15 0.326683 0.668490 0.073077 0.079687
15 0.279928 0.698958 0.056490 0.127083
15 0.278365 0.863021 0.058654 0.154167
15 0.281490 0.968229 0.036538 0.063542
15 0.240625 0.951302 0.043269 0.092188
15 0.207933 0.926302 0.052885 0.142187
15 0.235937 0.754687 0.055048 0.120833
15 0.268630 0.590625 0.087740 0.103125
15 0.325721 0.570312 0.052885 0.104167
15 0.379327 0.517969 0.081250 0.189062
15 0.398798 0.381250 0.050962 0.107292
15 0.346034 0.407813 0.045913 0.123958
15 0.286538 0.469531 0.094231 0.140104
15 0.301683 0.358333 0.052885 0.107292
15 0.367067 0.294531 0.068269 0.102604
15 0.431370 0.232031 0.048798 0.163021
15 0.384856 0.178125 0.071154 0.132292
15 0.350481 0.130729 0.062019 0.090625
15 0.447356 0.077604 0.043269 0.134375
15 0.399519 0.066406 0.051442 0.109896
15 0.352043 0.040104 0.040625 0.079167
15 0.282572 0.058594 0.083413 0.098437
15 0.225481 0.110937 0.053365 0.106250
15 0.187500 0.042448 0.054327 0.083854
15 0.156130 0.148177 0.083894 0.118229
15 0.139183 0.052344 0.054808 0.103646
15 0.090385 0.071094 0.053365 0.091146
15 0.068149 0.163281 0.069952 0.139063
15 0.086538 0.287500 0.068269 0.114583
15 0.189904 0.438281 0.072115 0.130729
15 0.152284 0.553646 0.054567 0.123958
15 0.193630 0.651042 0.064663 0.126042
15 0.155529 0.728125 0.077885 0.115625
15 0.123197 0.609896 0.061298 0.111458
15 0.082212 0.713542 0.056731 0.207292
15 0.084615 0.891146 0.052885 0.143750
15 0.129688 0.920833 0.065144 0.090625
15 0.159736 0.847656 0.075721 0.111979
15 0.169832 0.975521 0.030048 0.048958
