15 0.976202 0.128906 0.047596 0.179688
15 0.976562 0.026042 0.046875 0.044792
15 0.912981 0.030469 0.070673 0.059896
15 0.908894 0.091406 0.079808 0.120313
15 0.941947 0.197396 0.040144 0.093750
15 0.960457 0.278385 0.047837 0.119271
15 0.988822 0.285417 0.022356 0.086458
15 0.979928 0.385937 0.040144 0.144792
15 0.989062 0.560937 0.021875 0.146875
15 0.953846 0.573438 0.046635 0.214583
15 0.989303 0.690625 0.021394 0.105208
15 0.941106 0.697396 0.072115 0.110417
15 0.960216 0.857031 0.053125 0.181771
15 0.899038 0.832552 0.076923 0.151562
15 0.911899 0.315104 0.083413 0.093750
15 0.923317 0.409115 0.067788 0.100521
15 0.893630 0.460417 0.035337 0.092708
15 0.915264 0.564323 0.045433 0.138021
15 0.857933 0.572656 0.080288 0.182812
15 0.809255 0.513802 0.054567 0.106771
15 0.845072 0.426563 0.064183 0.139583
15 0.787380 0.432292 0.048317 0.116667
15 0.758053 0.352865 0.042548 0.090104
15 0.799159 0.319531 0.048317 0.113021
15 0.848197 0.347656 0.060817 0.100521
15 0.859856 0.240885 0.061538 0.152604
15 0.907091 0.245833 0.025721 0.061458
15 0.888582 0.154948 0.039183 0.088021
15 0.846755 0.102083 0.055529 0.134375
15 0.863341 0.023958 0.035337 0.046875
15 0.827163 0.020573 0.025962 0.040104
15 0.795913 0.090365 0.052404 0.131771
15 0.807933 0.207292 0.052885 0.122917
15 0.751082 0.174740 0.054567 0.133854
15 0.716827 0.308073 0.053365 0.182812
15 0.716106 0.437500 0.061538 0.088542
15 0.737740 0.501563 0.041827 0.063542
15 0.739423 0.560156 0.091827 0.143229
15 0.768750 0.604167 0.033173 0.053125
15 0.759375 0.685156 0.081731 0.122396
15 0.709375 0.688802 0.036538 0.120313
15 0.830889 0.769010 0.055048 0.144271
15 0.797596 0.854167 0.052404 0.157292
15 0.844952 0.901042 0.033654 0.097917
15 0.758894 0.784635 0.053846 0.069271
15 0.743630 0.849479 0.054567 0.108333
15 0.741947 0.933333 0.072837 0.126042
15 0.687981 0.852344 0.052404 0.132812
15 0.679087 0.968750 0.048077 0.062500
15 0.635938 0.941667 0.063702 0.116667
15 0.634135 0.810937 0.048077 0.167708
15 0.686418 0.748437 0.073798 0.084375
15 0.657332 0.651302 0.047356 0.089063
15 0.694952 0.553646 0.049038 0.158333
15 0.642548 0.533073 0.043750 0.185938
15 0.590986 0.539323 0.046394 0.199479
15 0.559014 0.609896 0.033413 0.100000
15 0.602524 0.695312 0.064183 0.156250
15 0.579567 0.832292 0.066346 0.113542
15 0.561178 0.948438 0.069952 0.103125
15 0.501202 0.859896 0.062500 0.111458
15 0.491346 0.959635 0.071635 0.080729
15 0.420673 0.944531 0.080769 0.106771
15 0.440024 0.828125 0.055048 0.101042
15 0.493750 0.751563 0.048558 0.082292
15 0.542308 0.738281 0.042788 0.131771
15 0.544351 0.509115 0.051202 0.106771
15 0.520072 0.599479 0.036779 0.104167
15 0.487380 0.670573 0.068990 0.089063
15 0.437260 0.617448 0.043269 0.123438
15 0.480649 0.559635 0.050240 0.132812
15 0.504327 0.503646 0.054327 0.094792
15 0.548197 0.434115 0.045913 0.055729
15 0.557212 0.371094 0.032212 0.089063
15 0.598558 0.374219 0.045192 0.121354
15 0.665625 0.393490 0.058654 0.110937
15 0.628005 0.330469 0.031490 0.111979
15 0.668029 0.244271 0.064423 0.180208
15 0.709495 0.113802 0.051202 0.130729
15 0.659375 0.125000 0.051923 0.087500
15 0.590625 0.263802 0.058173 0.116146
15 0.552163 0.203906 0.057212 0.110937
15 0.524639 0.308333 0.045913 0.084375
15 0.499519 0.404427 0.062981 0.123438
15 0.462380 0.432812 0.021875 0.104167
15 0.474038 0.332292 0.037981 0.071875
15 0.600120 0.105208 0.049760 0.125000
15 0.646274 0.039583 0.080048 0.078125
15 0.694952 0.029167 0.030769 0.057292
15 0.579087 0.026823 0.049038 0.052604
15 0.552163 0.114323 0.044231 0.067187
15 0.536538 0.057552 0.048558 0.114062
15 0.504567 0.032813 0.056250 0.064583
15 0.482091 0.052865 0.052644 0.086979
15 0.468269 0.152865 0.047596 0.116146
15 0.471394 0.252865 0.063462 0.163021
15 0.512019 0.228125 0.037019 0.185417
15 0.432452 0.353646 0.032692 0.135417
15 0.427043 0.475000 0.055048 0.126042
15 0.428726 0.545573 0.042067 0.068229
15 0.388341 0.627865 0.050240 0.140104
15 0.425240 0.724479 0.046154 0.090625
15 0.376082 0.909635 0.070433 0.131771
15 0.341707 0.855729 0.056010 0.091667
15 0.319111 0.952083 0.040144 0.095833
15 0.284135 0.906250 0.054327 0.119792
15 0.244111 0.946875 0.039663 0.106250
15 0.213341 0.926562 0.051683 0.093750
15 0.187500 0.982031 0.055288 0.035937
15 0.131611 0.924219 0.082933 0.117188
15 0.180529 0.855729 0.081250 0.156250
15 0.241947 0.794010 0.045913 0.133854
15 0.301563 0.794531 0.043029 0.100521
15 0.343029 0.721615 0.049038 0.179688
15 0.400000 0.777344 0.052404 0.119271
15 0.302524 0.666146 0.059375 0.146875
15 0.269712 0.698958 0.035096 0.127083
15 0.236899 0.648177 0.062740 0.139063
15 0.201923 0.694271 0.043750 0.106250
15 0.156971 0.763802 0.056731 0.108854
15 0.109255 0.817708 0.033894 0.086458
15 0.077764 0.882552 0.055048 0.102604
15 0.065144 0.967708 0.050000 0.060417
15 0.021514 0.952083 0.042548 0.095833
15 0.026683 0.893490 0.043750 0.071354
15 0.026562 0.813281 0.021875 0.086979
15 0.068870 0.787760 0.060817 0.138021
15 0.007091 0.778385 0.013702 0.070312
15 0.011538 0.707031 0.022596 0.069271
15 0.056370 0.700260 0.065625 0.106771
15 0.129808 0.716927 0.083173 0.079687
15 0.168510 0.631771 0.056250 0.081250
15 0.028365 0.607552 0.056250 0.143229
15 0.075841 0.537500 0.070433 0.103125
15 0.100120 0.621354 0.096875 0.127083
15 0.171995 0.530208 0.055529 0.117708
15 0.220192 0.475000 0.049038 0.137500
15 0.225120 0.573177 0.041106 0.067187
15 0.268269 0.524479 0.048077 0.115625
15 0.306611 0.467708 0.063221 0.111458
15 0.306851 0.577083 0.056010 0.070833
15 0.365505 0.531250 0.074760 0.100000
15 0.355168 0.427604 0.030048 0.112500
15 0.401442 0.408073 0.058173 0.158854
15 0.384976 0.300521 0.059375 0.133333
15 0.315745 0.372656 0.046875 0.082812
15 0.255889 0.387760 0.059856 0.122396
15 0.193149 0.356510 0.036779 0.104688
15 0.150841 0.407031 0.069952 0.121354
15 0.132692 0.505729 0.065865 0.079167
15 0.086659 0.421875 0.055529 0.130208
15 0.038101 0.469271 0.041106 0.103125
15 0.009976 0.492448 0.019471 0.060937
15 0.009135 0.423177 0.017788 0.075521
15 0.140986 0.314844 0.044952 0.141146
15 0.089423 0.305990 0.049519 0.132812
15 0.046995 0.332031 0.052163 0.139063
15 0.011659 0.326823 0.022837 0.098437
15 0.037981 0.208073 0.047115 0.099479
15 0.095072 0.222135 0.057933 0.101562
15 0.173918 0.234375 0.030529 0.116667
15 0.220072 0.285938 0.053606 0.102083
15 0.258293 0.189323 0.046394 0.168229
15 0.290024 0.292448 0.031971 0.121354
15 0.334976 0.294531 0.044952 0.079687
15 0.370913 0.229167 0.043269 0.111458
15 0.332813 0.196354 0.055529 0.135417
15 0.294351 0.166146 0.032933 0.131250
15 0.383173 0.111719 0.052885 0.102604
15 0.431130 0.075260 0.058894 0.097396
15 0.420192 0.212760 0.049519 0.139063
15 0.412260 0.038281 0.052885 0.067187
15 0.352764 0.041927 0.030529 0.082812
15 0.316226 0.039583 0.058894 0.078125
15 0.276683 0.055469 0.041827 0.074479
15 0.231851 0.059115 0.044952 0.085938
15 0.176803 0.131250 0.064183 0.137500
15 0.216346 0.203125 0.034135 0.077083
15 0.247716 0.119271 0.041106 0.064583
15 0.179447 0.034896 0.050240 0.068750
15 0.143750 0.065104 0.037500 0.129167
15 0.094351 0.055208 0.060337 0.109375
15 0.047356 0.058594 0.053846 0.116146
15 0.018870 0.119010 0.037260 0.129688
15 0.068630 0.135937 0.056971 0.059375
15 0.124159 0.146875 0.036779 0.069792
