15 0.950841 0.057813 0.041587 0.108333
15 0.941707 0.176302 0.049279 0.151562
15 0.898438 0.220833 0.049279 0.145833
15 0.848197 0.223958 0.074760 0.107292
15 0.862260 0.319531 0.066346 0.120313
15 0.905649 0.363542 0.059375 0.106250
15 0.909976 0.462500 0.076202 0.107292
15 0.909736 0.577604 0.048317 0.159375
15 0.885216 0.663802 0.054567 0.160938
15 0.950000 0.707031 0.066827 0.127604
15 0.889784 0.850260 0.045433 0.130729
15 0.847596 0.432031 0.045673 0.076563
15 0.862740 0.542708 0.041827 0.111458
15 0.834135 0.645833 0.053846 0.134375
15 0.779087 0.625521 0.051923 0.131250
15 0.786538 0.541146 0.042308 0.070833
15 0.813582 0.505729 0.057933 0.127083
15 0.735938 0.514062 0.059375 0.104167
15 0.721034 0.615104 0.059856 0.112500
15 0.729447 0.734896 0.044471 0.127083
15 0.765264 0.756250 0.048798 0.121875
15 0.842428 0.793490 0.067548 0.123438
15 0.797476 0.823958 0.027644 0.136458
15 0.759856 0.867969 0.045192 0.076563
15 0.833413 0.910937 0.053365 0.127083
15 0.907091 0.972135 0.032933 0.055729
15 0.874760 0.979167 0.033654 0.041667
15 0.830168 0.988542 0.043990 0.022917
15 0.790625 0.946875 0.037500 0.106250
15 0.746154 0.943750 0.052404 0.112500
15 0.711538 0.958854 0.028846 0.082292
15 0.690505 0.853646 0.049760 0.086458
15 0.674639 0.933333 0.059856 0.133333
15 0.627043 0.945052 0.036298 0.109896
15 0.638341 0.852865 0.044952 0.090104
15 0.644231 0.775260 0.053365 0.097396
15 0.683413 0.752083 0.037981 0.111458
15 0.620793 0.723437 0.039663 0.076042
15 0.585938 0.741146 0.030048 0.093750
15 0.586538 0.836458 0.055769 0.105208
15 0.594591 0.937500 0.041587 0.106250
15 0.560577 0.941667 0.039904 0.116667
15 0.534014 0.910937 0.040144 0.096875
15 0.501322 0.970573 0.048798 0.058854
15 0.457933 0.919531 0.048077 0.105729
15 0.426803 0.880208 0.029087 0.119792
15 0.433413 0.972917 0.037981 0.054167
15 0.923558 0.026302 0.046154 0.051562
15 0.896995 0.074219 0.050721 0.113021
15 0.846755 0.114844 0.056490 0.113021
15 0.796034 0.174740 0.055048 0.114062
15 0.796755 0.301042 0.039663 0.104167
15 0.821755 0.396094 0.043510 0.109896
15 0.776563 0.395833 0.039183 0.142708
15 0.733173 0.423438 0.044712 0.096875
15 0.686899 0.483073 0.067067 0.093229
15 0.650361 0.542188 0.054087 0.120833
15 0.686659 0.670312 0.042548 0.140625
15 0.634375 0.651042 0.069231 0.081250
15 0.621034 0.590104 0.052163 0.079167
15 0.599880 0.560156 0.031010 0.060937
15 0.583654 0.644531 0.038462 0.101562
15 0.552524 0.753646 0.056010 0.117708
15 0.549880 0.683073 0.050240 0.058854
15 0.503966 0.708073 0.039183 0.122396
15 0.499038 0.802865 0.043269 0.107813
15 0.548438 0.830208 0.022356 0.065625
15 0.510817 0.859375 0.048077 0.093750
15 0.868269 0.017188 0.054808 0.033333
15 0.826683 0.046094 0.043269 0.082812
15 0.793269 0.051562 0.027885 0.102083
15 0.765745 0.034635 0.039663 0.068229
15 0.762740 0.106510 0.047596 0.108854
15 0.730048 0.190625 0.033173 0.118750
15 0.759014 0.276042 0.050721 0.123958
15 0.709856 0.377083 0.058654 0.153125
15 0.673798 0.375260 0.027404 0.098437
15 0.648077 0.414323 0.028365 0.117188
15 0.704087 0.276302 0.048558 0.086979
15 0.656130 0.276042 0.051683 0.119792
15 0.631731 0.328906 0.031731 0.080729
15 0.610817 0.443490 0.054808 0.136979
15 0.557572 0.498698 0.052163 0.113021
15 0.715505 0.084896 0.049279 0.136458
15 0.713942 0.019010 0.061538 0.036979
15 0.673438 0.076042 0.041106 0.092708
15 0.686899 0.179167 0.043029 0.123958
15 0.655168 0.126562 0.047837 0.147917
15 0.617188 0.218229 0.033894 0.133333
15 0.592067 0.207292 0.018750 0.098958
15 0.582933 0.288281 0.031731 0.066146
15 0.604688 0.360156 0.022356 0.055729
15 0.576442 0.379948 0.038942 0.139063
15 0.550841 0.398177 0.016587 0.096354
15 0.537380 0.464062 0.028125 0.077083
15 0.610938 0.101562 0.040144 0.116667
15 0.628846 0.048958 0.044712 0.096875
15 0.658774 0.014323 0.043990 0.027604
15 0.590986 0.020833 0.051202 0.040625
15 0.580048 0.079948 0.040865 0.126562
15 0.566226 0.163542 0.035337 0.052083
15 0.545192 0.136979 0.039904 0.081250
15 0.527404 0.231250 0.028846 0.129167
15 0.560697 0.244531 0.045913 0.131771
15 0.539183 0.050781 0.048558 0.100521
15 0.502885 0.066146 0.046154 0.118750
15 0.482452 0.129167 0.063462 0.077083
15 0.506971 0.158073 0.026442 0.068229
15 0.489784 0.222656 0.055529 0.095312
15 0.533293 0.340104 0.038702 0.094792
15 0.484255 0.320833 0.052163 0.173958
15 0.448558 0.184896 0.030288 0.086458
15 0.439784 0.288281 0.047837 0.077604
15 0.462139 0.083073 0.029087 0.034896
15 0.417909 0.127344 0.053125 0.107813
15 0.390264 0.114323 0.049760 0.102604
15 0.461178 0.036198 0.043029 0.071354
15 0.411058 0.041146 0.066827 0.081250
15 0.347236 0.041667 0.066587 0.082292
15 0.350841 0.138281 0.054087 0.110937
15 0.409014 0.222656 0.041106 0.084896
15 0.364784 0.217969 0.047356 0.084896
15 0.372957 0.302865 0.051683 0.109896
15 0.407332 0.291667 0.025240 0.067708
15 0.414663 0.376823 0.067788 0.136979
15 0.492909 0.452604 0.056971 0.117708
15 0.437260 0.469010 0.059135 0.067187
15 0.341827 0.375000 0.068269 0.168750
15 0.548798 0.612240 0.071154 0.109896
15 0.498077 0.626563 0.036538 0.059375
15 0.467548 0.701562 0.041346 0.085417
15 0.461178 0.797656 0.044952 0.104688
15 0.425481 0.769010 0.050000 0.106771
15 0.393990 0.785417 0.026442 0.076042
15 0.420673 0.691927 0.054327 0.063021
15 0.459014 0.632031 0.035337 0.065104
15 0.486298 0.560417 0.097115 0.095833
15 0.421995 0.544792 0.031971 0.042708
15 0.412620 0.615625 0.062740 0.126042
15 0.367909 0.621094 0.032452 0.050521
15 0.379928 0.708594 0.041587 0.127604
15 0.354808 0.797396 0.050962 0.073958
15 0.354447 0.866146 0.035817 0.085417
15 0.308053 0.822656 0.047356 0.107813
15 0.379207 0.912760 0.061779 0.167187
15 0.400240 0.959115 0.037019 0.066146
15 0.325240 0.976302 0.050481 0.047396
15 0.319231 0.927344 0.053365 0.110937
15 0.468149 0.982812 0.043510 0.034375
15 0.259135 0.976823 0.058173 0.046354
15 0.217067 0.954427 0.053365 0.091146
15 0.264663 0.903385 0.064423 0.096354
15 0.263942 0.800781 0.041827 0.119271
15 0.218149 0.811979 0.060337 0.131250
15 0.206611 0.869531 0.027644 0.067187
15 0.169952 0.800781 0.044231 0.058854
15 0.158053 0.892188 0.075721 0.147917
15 0.132933 0.959896 0.064423 0.080208
15 0.109976 0.911458 0.027644 0.075000
15 0.070913 0.951302 0.048077 0.097396
15 0.086899 0.827865 0.048798 0.120313
15 0.130168 0.801562 0.037740 0.130208
15 0.221394 0.714063 0.055769 0.094792
15 0.160817 0.738021 0.073558 0.098958
15 0.275481 0.672917 0.047115 0.137500
15 0.326923 0.707031 0.065865 0.125521
15 0.319712 0.612760 0.056250 0.094271
15 0.340745 0.555469 0.024279 0.070312
15 0.224038 0.649479 0.057692 0.113542
15 0.182692 0.658073 0.042788 0.092188
15 0.134255 0.670833 0.043990 0.101042
15 0.114663 0.625781 0.036058 0.140104
15 0.159135 0.592708 0.050481 0.126042
15 0.091827 0.586198 0.040865 0.103646
15 0.065865 0.688021 0.060577 0.087500
15 0.082572 0.507552 0.036298 0.054688
15 0.375841 0.529687 0.046875 0.156250
15 0.350601 0.489844 0.018510 0.057813
15 0.306971 0.499479 0.062019 0.143750
15 0.267428 0.527083 0.034856 0.108333
15 0.267188 0.603385 0.030529 0.046354
15 0.232332 0.527865 0.053125 0.143229
15 0.202404 0.585677 0.034135 0.039062
15 0.184736 0.515885 0.055529 0.108854
15 0.189543 0.428906 0.031010 0.072396
15 0.227163 0.432031 0.062981 0.101562
15 0.276442 0.381510 0.055769 0.133854
15 0.234976 0.347396 0.029567 0.060417
15 0.198437 0.362500 0.041587 0.061458
15 0.154207 0.396354 0.046875 0.097917
15 0.181971 0.306510 0.055288 0.146354
15 0.236779 0.264844 0.063462 0.107813
15 0.287260 0.261198 0.037019 0.105729
15 0.330168 0.273958 0.045433 0.063542
15 0.323678 0.185938 0.044471 0.109375
15 0.298317 0.130208 0.047115 0.075000
15 0.276322 0.170573 0.037740 0.090104
15 0.252885 0.208854 0.035577 0.044792
15 0.210457 0.179167 0.042548 0.072917
15 0.243149 0.119271 0.041587 0.094792
15 0.156010 0.241146 0.049038 0.150000
15 0.264423 0.058854 0.068750 0.089583
15 0.295673 0.031250 0.050962 0.061458
15 0.199519 0.083333 0.062019 0.125000
15 0.158413 0.052604 0.040865 0.104167
15 0.134255 0.116406 0.046394 0.140104
15 0.094351 0.210677 0.077163 0.097396
15 0.075841 0.265365 0.030048 0.085938
15 0.116587 0.338281 0.061058 0.143229
15 0.124760 0.488542 0.055288 0.132292
15 0.083774 0.436979 0.044471 0.089583
15 0.060937 0.418229 0.038221 0.091667
15 0.070433 0.344531 0.041346 0.081771
15 0.090024 0.131250 0.071875 0.111458
15 0.079327 0.068490 0.032212 0.045312
15 0.044231 0.117448 0.044231 0.104688
15 0.090986 0.029948 0.041106 0.058854
15 0.121875 0.027344 0.026923 0.053646
15 0.035457 0.032813 0.067548 0.064583
15 0.012620 0.063802 0.024760 0.076563
15 0.022957 0.177865 0.043029 0.104688
15 0.008293 0.220833 0.016106 0.061458
15 0.024038 0.314323 0.047596 0.156771
15 0.039663 0.282552 0.046154 0.148438
15 0.011298 0.378385 0.022115 0.053646
15 0.022236 0.432031 0.043990 0.086979
15 0.034495 0.504687 0.043029 0.089583
15 0.009976 0.605990 0.019471 0.130729
15 0.007933 0.501302 0.015385 0.042188
15 0.047957 0.600260 0.063221 0.157812
15 0.038582 0.766406 0.061779 0.116146
15 0.043870 0.890104 0.048317 0.104167
15 0.009615 0.829167 0.018750 0.159375
15 0.032452 0.970833 0.032212 0.058333
