15 0.971154 0.145573 0.057692 0.150521
15 0.979688 0.279687 0.040625 0.103125
15 0.941466 0.303646 0.045433 0.112500
15 0.977043 0.383854 0.045913 0.103125
15 0.990986 0.476302 0.018029 0.089063
15 0.903846 0.367448 0.055288 0.114062
15 0.890264 0.243750 0.066587 0.116667
15 0.883293 0.115104 0.046394 0.107292
15 0.930529 0.058594 0.055769 0.086979
15 0.836538 0.067448 0.042788 0.133854
15 0.798918 0.060937 0.036779 0.120833
15 0.752524 0.074219 0.060337 0.147396
15 0.707212 0.026823 0.023558 0.052604
15 0.674159 0.078646 0.056490 0.094792
15 0.622356 0.057813 0.037500 0.092708
15 0.669111 0.016406 0.040144 0.031771
15 0.570553 0.032552 0.035337 0.064062
15 0.582452 0.097135 0.029327 0.143229
15 0.610096 0.174740 0.053365 0.146354
15 0.669952 0.242448 0.072596 0.132812
15 0.707212 0.151562 0.052404 0.108333
15 0.730769 0.237240 0.042788 0.145313
15 0.767909 0.285156 0.043029 0.117188
15 0.787019 0.171875 0.058173 0.109375
15 0.816346 0.314323 0.062019 0.100521
15 0.809856 0.414062 0.063942 0.104167
15 0.861779 0.421875 0.048077 0.119792
15 0.893750 0.494792 0.037500 0.110417
15 0.925481 0.579948 0.066827 0.116146
15 0.968990 0.671875 0.057692 0.156250
15 0.897476 0.696354 0.051202 0.137500
15 0.920072 0.816406 0.073317 0.163021
15 0.861779 0.774219 0.043269 0.080729
15 0.859255 0.624479 0.039183 0.116667
15 0.838942 0.540885 0.037019 0.089063
15 0.812861 0.625521 0.040144 0.086458
15 0.788702 0.534115 0.032692 0.126562
15 0.748437 0.496094 0.049279 0.174479
15 0.711538 0.604688 0.049038 0.142708
15 0.679928 0.490104 0.040625 0.095833
15 0.691226 0.372917 0.069471 0.136458
15 0.639423 0.371094 0.036538 0.109896
15 0.610577 0.308854 0.042788 0.085417
15 0.573918 0.241667 0.025240 0.115625
15 0.596514 0.410938 0.049760 0.125000
15 0.627644 0.535156 0.063942 0.086979
15 0.653966 0.641667 0.055529 0.144792
15 0.693870 0.753646 0.055529 0.147917
15 0.745433 0.744792 0.049519 0.110417
15 0.768029 0.640625 0.057692 0.114583
15 0.792788 0.717969 0.048077 0.089063
15 0.817548 0.804167 0.064423 0.143750
15 0.861779 0.884115 0.057692 0.099479
15 0.786298 0.840365 0.046154 0.201563
15 0.898438 0.949479 0.073798 0.084375
15 0.853245 0.975781 0.035817 0.048438
15 0.816947 0.944531 0.031490 0.101562
15 0.758293 0.938802 0.053125 0.122396
15 0.744111 0.824740 0.031010 0.064062
15 0.697356 0.924219 0.048558 0.151562
15 0.654567 0.852604 0.042308 0.105208
15 0.612260 0.921875 0.043750 0.080208
15 0.637019 0.976302 0.039904 0.047396
15 0.569471 0.893490 0.044712 0.104688
15 0.548918 0.969792 0.039183 0.060417
15 0.504808 0.864583 0.049038 0.127083
15 0.549880 0.811198 0.034856 0.069271
15 0.616466 0.785156 0.079087 0.174479
15 0.548317 0.716927 0.067788 0.144271
15 0.490385 0.744531 0.030769 0.098437
15 0.466106 0.819531 0.028365 0.076563
15 0.431130 0.841927 0.035337 0.084896
15 0.456010 0.907813 0.025000 0.070833
15 0.493630 0.942969 0.052163 0.098437
15 0.456731 0.974479 0.015865 0.051042
15 0.417909 0.947396 0.049760 0.105208
15 0.609736 0.629687 0.030529 0.134375
15 0.560216 0.588542 0.083894 0.119792
15 0.497957 0.633594 0.040625 0.147396
15 0.474159 0.577083 0.031490 0.084375
15 0.451683 0.703385 0.054808 0.172396
15 0.406490 0.640625 0.075962 0.239583
15 0.391346 0.828125 0.044231 0.095833
15 0.356010 0.849740 0.033654 0.069271
15 0.365144 0.979688 0.048558 0.040625
15 0.573197 0.487240 0.048317 0.082812
15 0.545433 0.406250 0.032212 0.083333
15 0.504567 0.442188 0.065865 0.168750
15 0.447837 0.509896 0.034615 0.128125
15 0.406010 0.468229 0.053365 0.086458
15 0.347716 0.541667 0.066106 0.071875
15 0.338702 0.650260 0.059615 0.120313
15 0.331971 0.759375 0.057212 0.113542
15 0.311178 0.866146 0.042067 0.093750
15 0.331490 0.948438 0.064423 0.103125
15 0.275120 0.938802 0.035337 0.122396
15 0.239063 0.947396 0.037740 0.089583
15 0.190144 0.985417 0.049038 0.029167
15 0.177524 0.902083 0.065625 0.112500
15 0.203966 0.849479 0.054567 0.113542
15 0.242788 0.792188 0.061538 0.148958
15 0.287380 0.811979 0.027644 0.114583
15 0.235096 0.669271 0.041827 0.135417
15 0.282332 0.664323 0.059375 0.101562
15 0.286058 0.542969 0.059135 0.118229
15 0.343510 0.465365 0.048077 0.085938
15 0.315986 0.402344 0.068029 0.138021
15 0.276202 0.359896 0.023558 0.122917
15 0.225962 0.435417 0.074519 0.178125
15 0.205048 0.577604 0.077885 0.113542
15 0.190264 0.733073 0.044952 0.121354
15 0.150962 0.795052 0.033654 0.118229
15 0.095553 0.913281 0.068510 0.131771
15 0.097236 0.744792 0.060817 0.098958
15 0.104688 0.589063 0.053606 0.153125
15 0.146034 0.653906 0.051683 0.118229
15 0.134615 0.511979 0.050481 0.126042
15 0.165865 0.416667 0.051923 0.155208
15 0.026562 0.302083 0.052644 0.150000
15 0.361899 0.322396 0.074279 0.110417
15 0.433534 0.353646 0.051683 0.146875
15 0.486058 0.313542 0.054327 0.069792
15 0.541947 0.293490 0.053125 0.117188
15 0.447957 0.269010 0.031490 0.084896
15 0.406130 0.246615 0.041106 0.097396
15 0.417909 0.151562 0.040144 0.104167
15 0.458534 0.123177 0.044471 0.084896
15 0.498077 0.193750 0.086058 0.123958
15 0.542308 0.126823 0.043750 0.123438
15 0.498197 0.052344 0.082933 0.103646
15 0.417909 0.046094 0.068990 0.091146
15 0.466947 0.123438 0.054567 0.114583
15 0.370433 0.133594 0.047596 0.172396
15 0.331130 0.051823 0.049279 0.102604
15 0.288702 0.081510 0.046635 0.128646
15 0.275962 0.181771 0.056250 0.100000
15 0.322957 0.163802 0.047356 0.114062
15 0.296995 0.268750 0.046875 0.115625
15 0.201923 0.253385 0.080288 0.152604
15 0.231250 0.081771 0.056731 0.156250
15 0.182933 0.122135 0.038942 0.093229
15 0.160817 0.031510 0.048077 0.061979
15 0.130889 0.128125 0.041587 0.188542
15 0.104207 0.030469 0.049279 0.059896
15 0.023077 0.138802 0.045673 0.141146
15 0.018870 0.032813 0.037260 0.064583
