15 0.972115 0.051562 0.055769 0.096875
15 0.939663 0.174740 0.060577 0.161979
15 0.982812 0.228906 0.030529 0.098437
15 0.983894 0.348438 0.032212 0.139583
15 0.950120 0.356510 0.051683 0.171354
15 0.914784 0.291406 0.060817 0.107813
15 0.889784 0.367708 0.051202 0.133333
15 0.853365 0.288281 0.053846 0.078646
15 0.844111 0.416146 0.046875 0.126042
15 0.909976 0.523698 0.047837 0.169271
15 0.961659 0.494792 0.061779 0.119792
15 0.959736 0.579688 0.068029 0.064583
15 0.805649 0.343750 0.057933 0.098958
15 0.800841 0.451562 0.046394 0.117708
15 0.799038 0.235937 0.060096 0.130208
15 0.863582 0.162240 0.087260 0.166146
15 0.817909 0.051042 0.056490 0.101042
15 0.855889 0.035677 0.021875 0.065104
15 0.908293 0.050260 0.075240 0.099479
15 0.761298 0.103125 0.047596 0.194792
15 0.713582 0.140365 0.035337 0.161979
15 0.735457 0.027083 0.032933 0.053125
15 0.681971 0.074219 0.023077 0.127604
15 0.658293 0.061979 0.041587 0.122917
15 0.659375 0.164323 0.027404 0.084896
15 0.699159 0.250000 0.050721 0.125000
15 0.752764 0.300000 0.042548 0.189583
15 0.727764 0.357292 0.064663 0.172917
15 0.674159 0.371354 0.041587 0.105208
15 0.650841 0.278906 0.039183 0.135937
15 0.620313 0.193229 0.061779 0.163542
15 0.606250 0.316146 0.050000 0.123958
15 0.551082 0.267969 0.053125 0.151562
15 0.562500 0.148958 0.055288 0.131250
15 0.577043 0.055990 0.069952 0.110937
15 0.507933 0.057552 0.064904 0.114062
15 0.502404 0.181510 0.061538 0.159896
15 0.498678 0.342448 0.055048 0.103646
15 0.548918 0.393490 0.072837 0.131771
15 0.606611 0.448698 0.050721 0.131771
15 0.958413 0.680990 0.066827 0.138021
15 0.951683 0.817708 0.067788 0.122917
15 0.912019 0.723958 0.052404 0.189583
15 0.981851 0.902604 0.025721 0.109375
15 0.950721 0.976042 0.081731 0.047917
15 0.902644 0.910677 0.056250 0.122396
15 0.881370 0.969271 0.047356 0.061458
15 0.858534 0.916146 0.040144 0.084375
15 0.815024 0.952604 0.063702 0.094792
15 0.769111 0.891927 0.053606 0.108854
15 0.827885 0.842448 0.100962 0.133854
15 0.749519 0.964844 0.054327 0.070312
15 0.697476 0.938021 0.050240 0.123958
15 0.678606 0.845052 0.027404 0.056771
15 0.723558 0.829427 0.066827 0.165104
15 0.784014 0.706250 0.036779 0.117708
15 0.845673 0.710938 0.081731 0.128125
15 0.814183 0.591406 0.069231 0.139063
15 0.745673 0.649479 0.054327 0.156250
15 0.692187 0.575521 0.052163 0.135417
15 0.685096 0.708333 0.071154 0.202083
15 0.768990 0.499219 0.059615 0.168229
15 0.720313 0.508854 0.035817 0.128125
15 0.656611 0.470313 0.056010 0.116667
15 0.609495 0.546875 0.063702 0.100000
15 0.629207 0.635938 0.043990 0.061458
15 0.628245 0.742708 0.055529 0.181250
15 0.623918 0.893490 0.073317 0.120313
15 0.643990 0.965104 0.033654 0.069792
15 0.598558 0.982292 0.047596 0.035417
15 0.554087 0.930729 0.063942 0.098958
15 0.574399 0.798438 0.055529 0.210417
15 0.571034 0.649479 0.052644 0.120833
15 0.508534 0.793229 0.077644 0.158333
15 0.491827 0.940625 0.054808 0.118750
15 0.528486 0.983073 0.018510 0.033854
15 0.454688 0.883073 0.060337 0.144271
15 0.417548 0.970052 0.039904 0.059896
15 0.379207 0.916927 0.075721 0.151562
15 0.410697 0.763802 0.091587 0.171354
15 0.468870 0.744010 0.026683 0.098437
15 0.512380 0.648958 0.064183 0.121875
15 0.469351 0.619271 0.055529 0.136458
15 0.409014 0.604688 0.058413 0.173958
15 0.456731 0.515625 0.060577 0.147917
15 0.540625 0.532031 0.072596 0.123438
15 0.500240 0.460677 0.046154 0.105729
15 0.427524 0.423698 0.056010 0.146354
15 0.365385 0.406250 0.069712 0.154167
15 0.377764 0.524219 0.067067 0.113021
15 0.353365 0.624219 0.051923 0.139063
15 0.288822 0.564323 0.070433 0.102604
15 0.308413 0.471615 0.062019 0.130729
15 0.301082 0.705208 0.050240 0.154167
15 0.327524 0.798438 0.061779 0.218750
15 0.287740 0.905990 0.072596 0.109896
15 0.270192 0.974740 0.062500 0.050521
15 0.325601 0.987240 0.031490 0.025521
15 0.243269 0.800781 0.059135 0.119271
15 0.205649 0.892969 0.065144 0.214062
15 0.153365 0.963021 0.040385 0.073958
15 0.098437 0.943490 0.069471 0.113021
15 0.106611 0.825781 0.061298 0.109896
15 0.158534 0.788542 0.056490 0.148958
15 0.229567 0.690104 0.097596 0.159375
15 0.167428 0.636979 0.060337 0.131250
15 0.221995 0.563281 0.056971 0.115104
15 0.134255 0.533073 0.068990 0.153646
15 0.099159 0.688281 0.068029 0.170313
15 0.050240 0.865885 0.052404 0.226562
15 0.014784 0.944271 0.029087 0.111458
15 0.009014 0.848177 0.017548 0.089063
15 0.026202 0.733073 0.051923 0.155729
15 0.009495 0.613021 0.018510 0.092708
15 0.039543 0.482552 0.078606 0.157812
15 0.141106 0.399219 0.059615 0.099479
15 0.200240 0.427083 0.063942 0.143750
15 0.260937 0.401302 0.060337 0.179688
15 0.319351 0.330729 0.056010 0.121875
15 0.389543 0.288021 0.046875 0.143750
15 0.453005 0.252344 0.061298 0.099479
15 0.420312 0.178646 0.086298 0.078125
15 0.336659 0.178646 0.053606 0.148958
15 0.278606 0.240365 0.088462 0.152604
15 0.228966 0.210677 0.045913 0.168229
15 0.191226 0.298438 0.091587 0.123958
15 0.097115 0.356771 0.062500 0.142708
15 0.159375 0.221094 0.082692 0.147396
15 0.099760 0.195833 0.059135 0.162500
15 0.033894 0.334635 0.062500 0.184896
15 0.017909 0.251042 0.035337 0.076042
15 0.036178 0.136458 0.071875 0.173958
15 0.146995 0.099740 0.075240 0.180729
15 0.220673 0.094792 0.052885 0.125000
15 0.277524 0.077083 0.077163 0.125000
15 0.390385 0.107292 0.062500 0.121875
15 0.350721 0.063802 0.069231 0.095312
15 0.081250 0.058854 0.069231 0.116667
15 0.020433 0.032292 0.040385 0.063542
15 0.209495 0.029948 0.038702 0.058854
15 0.255889 0.021615 0.035337 0.042188
15 0.456250 0.071875 0.072115 0.138542
