15 0.958293 0.057813 0.064183 0.106250
15 0.990986 0.147135 0.018029 0.127604
15 0.957572 0.155208 0.050721 0.083333
15 0.920433 0.152083 0.033173 0.116667
15 0.952163 0.242448 0.072115 0.089063
15 0.984255 0.280208 0.031490 0.102083
15 0.950841 0.322135 0.045913 0.066146
15 0.983774 0.429688 0.032452 0.101042
15 0.970553 0.504167 0.049279 0.110417
15 0.943389 0.426302 0.064183 0.138021
15 0.914663 0.416667 0.046635 0.142708
15 0.868149 0.403906 0.060817 0.111979
15 0.874519 0.308854 0.050000 0.146875
15 0.904087 0.270573 0.040385 0.074479
15 0.907692 0.342448 0.029808 0.047396
15 0.888341 0.197135 0.044471 0.066146
15 0.849760 0.173177 0.044712 0.072396
15 0.832091 0.241146 0.044952 0.050000
15 0.827644 0.342969 0.052404 0.149479
15 0.788101 0.303646 0.056971 0.104167
15 0.899880 0.032031 0.041106 0.063021
15 0.865144 0.081510 0.051442 0.113021
15 0.807813 0.111979 0.052163 0.093750
15 0.778125 0.186198 0.052404 0.083854
15 0.744471 0.247656 0.050481 0.115104
15 0.743149 0.339062 0.025721 0.051042
15 0.770192 0.420833 0.056731 0.121875
15 0.819351 0.486458 0.046875 0.133333
15 0.854447 0.509896 0.032933 0.090625
15 0.898558 0.574740 0.036538 0.126562
15 0.880769 0.597656 0.048558 0.114062
15 0.942428 0.582292 0.050721 0.079167
15 0.943029 0.523177 0.041346 0.070312
15 0.986659 0.596875 0.026683 0.091667
15 0.977043 0.710677 0.045913 0.097396
15 0.937740 0.671354 0.046154 0.094792
15 0.895433 0.692187 0.051442 0.086458
15 0.861899 0.728385 0.049760 0.099479
15 0.850361 0.625260 0.047837 0.101562
15 0.811779 0.676562 0.051923 0.103125
15 0.791947 0.564844 0.037260 0.069271
15 0.762380 0.532552 0.051202 0.098437
15 0.748678 0.633854 0.045433 0.094792
15 0.778846 0.631250 0.032692 0.072917
15 0.924279 0.790365 0.051442 0.145313
15 0.973798 0.849479 0.052404 0.107292
15 0.985938 0.926302 0.028125 0.076563
15 0.962260 0.954427 0.062981 0.091146
15 0.921635 0.902604 0.053365 0.082292
15 0.869832 0.922656 0.047356 0.082812
15 0.892067 0.970052 0.049519 0.059896
15 0.808774 0.958594 0.060817 0.071354
15 0.888462 0.836458 0.038942 0.095833
15 0.856851 0.812760 0.025721 0.068229
15 0.825481 0.840365 0.048077 0.126562
15 0.823317 0.927083 0.022596 0.036458
15 0.776923 0.928646 0.030288 0.104167
15 0.786058 0.820312 0.047596 0.128125
15 0.746875 0.761979 0.051442 0.095833
15 0.763822 0.706250 0.032933 0.055208
15 0.742788 0.867448 0.032692 0.104688
15 0.721154 0.938281 0.055288 0.079687
15 0.713582 0.986458 0.038221 0.027083
15 0.673438 0.967187 0.033894 0.065625
15 0.631971 0.963021 0.054808 0.073958
15 0.669952 0.909635 0.052885 0.105729
15 0.699159 0.842969 0.056490 0.105729
15 0.645913 0.785937 0.032212 0.097917
15 0.631130 0.876563 0.045433 0.088542
15 0.592548 0.848177 0.044712 0.097396
15 0.579928 0.933854 0.047356 0.088542
15 0.528005 0.964844 0.047356 0.070312
15 0.516346 0.903385 0.037019 0.077604
15 0.563822 0.988802 0.037260 0.022396
15 0.545673 0.825781 0.052885 0.130729
15 0.554207 0.781510 0.049279 0.095312
15 0.598918 0.746094 0.036779 0.121354
15 0.628125 0.755469 0.025962 0.081771
15 0.636298 0.656771 0.032692 0.131250
15 0.668389 0.684896 0.038702 0.147917
15 0.695673 0.750781 0.050481 0.073438
15 0.720793 0.691927 0.041106 0.100521
15 0.697236 0.608073 0.044952 0.108854
15 0.656250 0.562760 0.033654 0.117188
15 0.686538 0.506250 0.036538 0.154167
15 0.653846 0.466667 0.034615 0.087500
15 0.623197 0.545833 0.023317 0.091667
15 0.602404 0.606250 0.041346 0.123958
15 0.565865 0.679688 0.058654 0.137500
15 0.547115 0.616146 0.053846 0.110417
15 0.501442 0.636458 0.046635 0.110417
15 0.495553 0.721354 0.054567 0.091667
15 0.489063 0.814063 0.058413 0.125000
15 0.498918 0.560156 0.050240 0.063021
15 0.565385 0.512760 0.057212 0.107813
15 0.614303 0.483594 0.042067 0.133854
15 0.721034 0.453125 0.038702 0.063542
15 0.736058 0.517969 0.070673 0.094271
15 0.715865 0.372135 0.047115 0.115104
15 0.679087 0.396094 0.027885 0.074479
15 0.647716 0.359635 0.047356 0.129688
15 0.603005 0.372396 0.040144 0.091667
15 0.575841 0.429427 0.030048 0.055729
15 0.551562 0.389323 0.031971 0.070312
15 0.518029 0.431771 0.050000 0.114583
15 0.550000 0.307552 0.036538 0.084896
15 0.575000 0.340104 0.022596 0.097917
15 0.599880 0.261458 0.043990 0.113542
15 0.639183 0.235156 0.041346 0.113021
15 0.688101 0.258073 0.060337 0.117188
15 0.676562 0.316406 0.025721 0.067187
15 0.718269 0.144792 0.054327 0.139583
15 0.746274 0.103385 0.038221 0.077604
15 0.681370 0.127344 0.020433 0.095312
15 0.749760 0.034896 0.047115 0.068750
15 0.788822 0.027083 0.035337 0.053125
15 0.696394 0.040885 0.056731 0.068229
15 0.643750 0.031510 0.043269 0.061979
15 0.652885 0.107813 0.045673 0.127083
15 0.608293 0.110677 0.043510 0.121354
15 0.549880 0.121354 0.067548 0.066667
15 0.535457 0.172135 0.056010 0.131771
15 0.574760 0.071094 0.048077 0.138021
15 0.531611 0.038021 0.049760 0.075000
15 0.485096 0.041927 0.038942 0.082812
15 0.495913 0.165625 0.041346 0.115625
15 0.522115 0.247396 0.032692 0.066667
15 0.483894 0.284115 0.030769 0.094271
15 0.511899 0.327865 0.041587 0.135937
15 0.458173 0.376302 0.052404 0.122396
15 0.487019 0.477083 0.072115 0.112500
15 0.423798 0.407813 0.043269 0.112500
15 0.446274 0.484375 0.021394 0.065625
15 0.413221 0.506250 0.044231 0.091667
15 0.374880 0.486458 0.067548 0.132292
15 0.449639 0.615625 0.052644 0.122917
15 0.397356 0.584896 0.045192 0.062500
15 0.381611 0.659115 0.048317 0.097396
15 0.413101 0.675260 0.052644 0.100521
15 0.458774 0.703125 0.026683 0.064583
15 0.436418 0.777865 0.044471 0.102604
15 0.389062 0.771354 0.051202 0.129167
15 0.462019 0.859375 0.041346 0.068750
15 0.474159 0.941406 0.061779 0.111979
15 0.413942 0.951823 0.056250 0.079687
15 0.421635 0.861198 0.041346 0.101562
15 0.355409 0.941146 0.058413 0.116667
15 0.376683 0.870833 0.037500 0.071875
15 0.323798 0.927083 0.037500 0.101042
15 0.270433 0.975260 0.067308 0.049479
15 0.203005 0.980469 0.034375 0.039062
15 0.220553 0.921094 0.037740 0.070312
15 0.266827 0.901042 0.056250 0.105208
15 0.309856 0.815365 0.084615 0.110937
15 0.246394 0.819531 0.045192 0.105729
15 0.202885 0.835938 0.028365 0.104167
15 0.183053 0.902865 0.037260 0.110937
15 0.155409 0.952604 0.064663 0.094792
15 0.130168 0.905208 0.056971 0.114583
15 0.085457 0.941927 0.043990 0.107813
15 0.047957 0.950260 0.036298 0.099479
15 0.062500 0.856250 0.062019 0.091667
15 0.084736 0.787240 0.034856 0.099479
15 0.158774 0.812240 0.038221 0.079687
15 0.115986 0.839063 0.031490 0.062500
15 0.146394 0.747917 0.075000 0.141667
15 0.186058 0.763021 0.027885 0.052083
15 0.218870 0.760938 0.024279 0.068750
15 0.244351 0.699479 0.046394 0.141667
15 0.290865 0.722917 0.062019 0.116667
15 0.340986 0.698958 0.035817 0.082292
15 0.339183 0.614323 0.064423 0.104688
15 0.319591 0.565104 0.041587 0.100000
15 0.278005 0.603906 0.051683 0.075521
15 0.238101 0.617448 0.025721 0.052604
15 0.160216 0.641667 0.025721 0.080208
15 0.128486 0.652083 0.031971 0.105208
15 0.098437 0.704167 0.037740 0.057292
15 0.045793 0.771875 0.062260 0.126042
15 0.074760 0.649479 0.054808 0.093750
15 0.283894 0.523958 0.068269 0.086458
15 0.288822 0.456510 0.045433 0.046354
15 0.226923 0.515365 0.044231 0.140104
15 0.161058 0.545312 0.075481 0.077083
15 0.068389 0.553125 0.076683 0.097917
15 0.101562 0.479427 0.064663 0.099479
15 0.116587 0.437240 0.066346 0.096354
15 0.170553 0.472656 0.058894 0.075521
15 0.257212 0.402083 0.048558 0.123958
15 0.223077 0.384635 0.029327 0.110937
15 0.182692 0.388281 0.067308 0.085938
15 0.127163 0.321615 0.061538 0.106771
15 0.074159 0.373698 0.054087 0.098437
15 0.070673 0.270052 0.061058 0.085938
15 0.052284 0.200781 0.074760 0.123438
15 0.116226 0.166667 0.049760 0.091667
15 0.158894 0.240625 0.067308 0.106250
15 0.176923 0.314063 0.037981 0.066667
15 0.232933 0.283594 0.064423 0.093229
15 0.278846 0.330208 0.065385 0.090625
15 0.334615 0.367188 0.050000 0.147917
15 0.329447 0.451042 0.041587 0.076042
15 0.359856 0.358333 0.037500 0.119792
15 0.365024 0.256771 0.039183 0.129167
15 0.411058 0.301042 0.047596 0.110417
15 0.310337 0.271875 0.071154 0.086458
15 0.301082 0.207292 0.043990 0.061458
15 0.224038 0.202344 0.063462 0.071354
15 0.167548 0.119792 0.054808 0.106250
15 0.432812 0.220833 0.053606 0.128125
15 0.450481 0.305729 0.036058 0.085417
15 0.460817 0.139583 0.027885 0.113542
15 0.431851 0.096615 0.061779 0.127604
15 0.385697 0.111458 0.040144 0.081250
15 0.370192 0.174219 0.051923 0.089063
15 0.313462 0.137500 0.058173 0.121875
15 0.356370 0.087760 0.058413 0.078646
15 0.373077 0.017708 0.034135 0.034375
15 0.432212 0.016927 0.053365 0.032813
15 0.399279 0.027083 0.022115 0.053125
15 0.320433 0.033854 0.039423 0.056250
15 0.343269 0.013802 0.026923 0.026562
15 0.280168 0.044271 0.037260 0.087500
15 0.262861 0.067708 0.035337 0.111458
15 0.250481 0.131250 0.056250 0.112500
15 0.265986 0.214583 0.025721 0.057292
15 0.218990 0.070573 0.046154 0.116146
15 0.181731 0.037500 0.036058 0.073958
15 0.137019 0.065885 0.038942 0.093229
15 0.090024 0.044792 0.055048 0.088542
15 0.048678 0.036719 0.025721 0.072396
15 0.077043 0.113281 0.082933 0.076563
