15 0.885096 0.018229 0.062981 0.035417
15 0.880288 0.075521 0.062019 0.073958
15 0.861178 0.121875 0.054567 0.105208
15 0.857332 0.208594 0.066106 0.078646
15 0.862740 0.271354 0.032212 0.052083
15 0.840625 0.360417 0.052885 0.126042
15 0.890024 0.501563 0.044952 0.093750
15 0.926562 0.588021 0.062740 0.100000
15 0.981611 0.593750 0.036779 0.113542
15 0.827163 0.484635 0.080769 0.077604
15 0.792548 0.552083 0.066827 0.108333
15 0.842428 0.651042 0.065144 0.126042
15 0.932813 0.707292 0.055529 0.134375
15 0.975120 0.809115 0.041106 0.099479
15 0.767067 0.292448 0.059615 0.107813
15 0.715264 0.352604 0.055529 0.084375
15 0.742428 0.421354 0.059856 0.055208
15 0.729207 0.507812 0.045913 0.125000
15 0.689663 0.442188 0.052404 0.094792
15 0.786058 0.184375 0.056250 0.084375
15 0.814663 0.076302 0.055769 0.090104
15 0.830168 0.011198 0.043990 0.021354
15 0.761659 0.020052 0.070433 0.039062
15 0.756370 0.101302 0.072356 0.132812
15 0.695192 0.098177 0.051923 0.139063
15 0.718029 0.236719 0.095192 0.134896
15 0.651803 0.351302 0.065144 0.134896
15 0.630288 0.489583 0.039423 0.106250
15 0.682212 0.548438 0.053365 0.113542
15 0.762861 0.629427 0.089663 0.108854
15 0.891707 0.805990 0.045433 0.183854
15 0.941346 0.876563 0.053365 0.116667
15 0.897476 0.927083 0.043990 0.122917
15 0.953005 0.973958 0.063221 0.052083
15 0.855769 0.818750 0.039423 0.150000
15 0.844832 0.937500 0.065625 0.102083
15 0.808534 0.815885 0.068029 0.199479
15 0.789904 0.967448 0.047596 0.065104
15 0.765264 0.921875 0.061779 0.105208
15 0.732091 0.858333 0.069952 0.093750
15 0.758534 0.753385 0.039663 0.150521
15 0.714543 0.742708 0.044471 0.156250
15 0.683413 0.689583 0.052885 0.145833
15 0.632212 0.766667 0.058173 0.165625
15 0.674880 0.839844 0.042067 0.109896
15 0.677644 0.917188 0.034615 0.082292
15 0.722236 0.973437 0.051202 0.053125
15 0.665625 0.964063 0.062019 0.071875
15 0.639183 0.890625 0.038942 0.142708
15 0.595673 0.920052 0.049038 0.116146
15 0.627764 0.982031 0.035337 0.035937
15 0.571034 0.980469 0.046875 0.039062
15 0.534736 0.971094 0.031010 0.057813
15 0.517308 0.930469 0.051923 0.069271
15 0.471995 0.949740 0.046394 0.084896
15 0.549639 0.843750 0.088702 0.117708
15 0.543990 0.757552 0.073077 0.091146
15 0.534976 0.666667 0.068990 0.117708
15 0.588221 0.637760 0.043750 0.108854
15 0.635938 0.612760 0.071875 0.130729
15 0.581731 0.525781 0.060096 0.120313
15 0.602885 0.408594 0.048558 0.166146
15 0.548077 0.394531 0.056731 0.101562
15 0.536538 0.550521 0.037019 0.122917
15 0.478365 0.588021 0.049519 0.096875
15 0.480409 0.694010 0.046875 0.114062
15 0.472476 0.830990 0.073317 0.150521
15 0.425721 0.933333 0.040385 0.133333
15 0.615144 0.265625 0.047596 0.119792
15 0.640505 0.159635 0.055529 0.159896
15 0.650120 0.051302 0.057933 0.101562
15 0.566827 0.041927 0.051442 0.082812
15 0.587380 0.155208 0.059375 0.138542
15 0.528005 0.159115 0.079567 0.111979
15 0.495312 0.046094 0.069471 0.091146
15 0.455409 0.098437 0.066587 0.100000
15 0.465264 0.208854 0.063221 0.135417
15 0.521635 0.253906 0.047596 0.119271
15 0.570192 0.304427 0.059135 0.124479
15 0.499399 0.322917 0.046875 0.085417
15 0.446274 0.309635 0.056971 0.115104
15 0.406250 0.299219 0.045673 0.114062
15 0.446274 0.404687 0.059375 0.103125
15 0.503125 0.476823 0.047115 0.159896
15 0.451803 0.504167 0.050240 0.135417
15 0.404928 0.559115 0.067548 0.090104
15 0.394832 0.442708 0.051202 0.118750
15 0.390625 0.667448 0.038462 0.130729
15 0.432212 0.642448 0.047115 0.113021
15 0.424399 0.770573 0.079567 0.108854
15 0.387139 0.863542 0.055048 0.125000
15 0.379207 0.965885 0.039663 0.068229
15 0.334736 0.978646 0.045433 0.042708
15 0.344231 0.898698 0.038942 0.093229
15 0.320793 0.814323 0.048798 0.096354
15 0.357812 0.741406 0.044952 0.107813
15 0.349159 0.609896 0.041106 0.138542
15 0.314063 0.654948 0.050240 0.099479
15 0.291106 0.763281 0.050000 0.153646
15 0.289423 0.924219 0.071635 0.151562
15 0.243149 0.956510 0.036298 0.077604
15 0.213702 0.854688 0.057692 0.148958
15 0.193630 0.947917 0.043510 0.104167
15 0.158774 0.846094 0.055529 0.122396
15 0.167428 0.747656 0.056971 0.097396
15 0.118990 0.752865 0.033654 0.147396
15 0.077644 0.851302 0.032692 0.128646
15 0.088101 0.961979 0.043029 0.076042
15 0.073077 0.710677 0.053365 0.116146
15 0.080889 0.598958 0.035817 0.137500
15 0.153486 0.574740 0.074279 0.160938
15 0.182572 0.690365 0.050240 0.081771
15 0.210697 0.624479 0.054087 0.084375
15 0.236659 0.743750 0.057452 0.146875
15 0.262019 0.636458 0.051923 0.136458
15 0.269712 0.541406 0.052404 0.120313
15 0.220072 0.520833 0.050240 0.141667
15 0.306851 0.520312 0.044471 0.160417
15 0.357332 0.499219 0.050240 0.079687
15 0.305769 0.381771 0.062500 0.113542
15 0.363221 0.368750 0.058654 0.095833
15 0.324038 0.291146 0.068750 0.089583
15 0.363822 0.245312 0.046875 0.122917
15 0.300721 0.211458 0.068269 0.072917
15 0.256370 0.251823 0.053606 0.126562
15 0.216587 0.304948 0.049519 0.111979
15 0.256130 0.402604 0.055048 0.157292
15 0.192067 0.464062 0.051923 0.138542
15 0.140264 0.391667 0.082933 0.135417
15 0.115865 0.459115 0.057692 0.086979
15 0.072837 0.442708 0.034615 0.123958
15 0.071034 0.273698 0.042548 0.181771
15 0.140745 0.271354 0.073317 0.097917
15 0.171034 0.200260 0.060817 0.101562
15 0.110577 0.164844 0.062019 0.086979
15 0.137740 0.111719 0.052404 0.111979
15 0.175481 0.030990 0.064904 0.060937
15 0.266226 0.051302 0.098798 0.098437
15 0.247115 0.146875 0.077404 0.096875
15 0.302043 0.126302 0.054087 0.099479
15 0.351202 0.085938 0.091346 0.170833
15 0.415264 0.051302 0.040144 0.101562
