15 0.922396 0.013341 0.134375 0.026202
15 0.853646 0.051322 0.082292 0.073317
15 0.946875 0.087620 0.106250 0.058894
15 0.932813 0.175240 0.121875 0.105288
15 0.856510 0.136779 0.134896 0.051923
15 0.791927 0.192308 0.186979 0.058173
15 0.693490 0.242668 0.142187 0.057452
15 0.596615 0.220553 0.135937 0.058894
15 0.528906 0.176202 0.205729 0.067788
15 0.718750 0.142668 0.177083 0.045913
15 0.563021 0.118870 0.115625 0.057933
15 0.447396 0.137260 0.103125 0.079808
15 0.327865 0.157452 0.116146 0.044231
15 0.270052 0.194832 0.117188 0.042067
15 0.794010 0.097716 0.139063 0.059856
15 0.670052 0.088582 0.113021 0.053125
15 0.768750 0.048077 0.093750 0.054327
15 0.663802 0.027404 0.099479 0.054327
15 0.581771 0.046514 0.105208 0.084375
15 0.447396 0.059135 0.141667 0.068750
15 0.335938 0.078846 0.116667 0.112019
15 0.204167 0.052404 0.150000 0.060096
15 0.159896 0.102163 0.104167 0.063942
15 0.119531 0.175841 0.154688 0.084856
15 0.067969 0.130048 0.071354 0.040865
15 0.073177 0.090745 0.067187 0.044952
15 0.041406 0.050361 0.081771 0.047356
15 0.050781 0.012620 0.089063 0.022837
15 0.015104 0.098317 0.029167 0.050000
15 0.037240 0.217909 0.073438 0.041106
15 0.444792 0.012861 0.177083 0.025240
15 0.294271 0.015024 0.112500 0.029567
15 0.157552 0.022356 0.123438 0.044231
15 0.759635 0.006731 0.077604 0.012981
15 0.379427 0.210337 0.103646 0.036058
15 0.851042 0.253966 0.203125 0.052644
15 0.733073 0.294591 0.071354 0.051202
15 0.648958 0.308053 0.127083 0.078125
15 0.820833 0.308293 0.183333 0.053606
15 0.953646 0.351683 0.092708 0.081250
15 0.895312 0.379327 0.113542 0.051442
15 0.769271 0.366947 0.173958 0.084856
15 0.588802 0.392308 0.171354 0.059615
15 0.544531 0.331490 0.169271 0.068269
15 0.517708 0.252163 0.156250 0.081250
15 0.394531 0.275721 0.103646 0.093750
15 0.266406 0.240505 0.127604 0.045433
15 0.131510 0.232212 0.136979 0.039423
15 0.136198 0.278245 0.110937 0.074760
15 0.059635 0.289904 0.118229 0.062019
15 0.250521 0.294471 0.172917 0.057692
15 0.416406 0.355649 0.104688 0.081010
15 0.260156 0.351442 0.230729 0.056250
15 0.085677 0.329808 0.119271 0.024519
15 0.089063 0.372837 0.177083 0.057692
15 0.129427 0.433413 0.201563 0.070673
15 0.218750 0.401683 0.065625 0.041827
15 0.312240 0.421274 0.120313 0.090144
15 0.467187 0.429688 0.145833 0.055048
15 0.639323 0.450962 0.152604 0.057212
15 0.526563 0.489423 0.116667 0.081731
15 0.668490 0.507332 0.131771 0.062260
15 0.751042 0.483293 0.107292 0.052163
15 0.815885 0.427885 0.163021 0.065385
15 0.902083 0.453966 0.179167 0.079087
15 0.895312 0.515625 0.201042 0.048077
15 0.762500 0.543269 0.102083 0.058173
15 0.975000 0.561659 0.050000 0.054567
15 0.827344 0.596274 0.197396 0.079087
15 0.676302 0.583654 0.085938 0.062500
15 0.584115 0.571875 0.163021 0.088462
15 0.487500 0.627163 0.120833 0.057692
15 0.360938 0.483534 0.209375 0.047356
15 0.459896 0.547356 0.091667 0.053846
15 0.386979 0.568750 0.133333 0.069712
15 0.256771 0.552284 0.132292 0.070913
15 0.160677 0.562981 0.089063 0.067308
15 0.146615 0.499159 0.183854 0.055529
15 0.047917 0.550000 0.094792 0.099038
15 0.090885 0.627284 0.174479 0.075240
15 0.248177 0.618630 0.132812 0.052163
15 0.350260 0.630288 0.119271 0.072596
15 0.376563 0.688462 0.153125 0.062500
15 0.549219 0.663942 0.208854 0.074038
15 0.697396 0.660457 0.147917 0.081971
15 0.878646 0.663942 0.160417 0.045192
15 0.163802 0.681370 0.179688 0.058413
15 0.031771 0.711779 0.062500 0.060577
15 0.136719 0.747236 0.156771 0.060817
15 0.110677 0.807933 0.115104 0.059615
15 0.058333 0.853125 0.115625 0.054808
15 0.259635 0.827284 0.181771 0.068990
15 0.304688 0.754567 0.171875 0.064423
15 0.465625 0.746274 0.134375 0.089183
15 0.566406 0.722716 0.100521 0.044952
15 0.725781 0.742188 0.190104 0.085337
15 0.857031 0.732812 0.143229 0.068990
15 0.787240 0.691106 0.132812 0.068750
15 0.921354 0.785577 0.143750 0.084615
15 0.714323 0.812380 0.124479 0.045433
15 0.603125 0.781851 0.147917 0.054567
15 0.768750 0.850240 0.183333 0.082212
15 0.916927 0.897837 0.128646 0.077885
15 0.598958 0.885697 0.126042 0.078606
15 0.537500 0.857692 0.187500 0.086058
15 0.412240 0.806611 0.156771 0.046875
15 0.397396 0.862620 0.087500 0.065144
15 0.342448 0.908413 0.133854 0.067308
15 0.221875 0.901923 0.134375 0.087981
15 0.127865 0.868029 0.072396 0.059615
15 0.056510 0.938942 0.111979 0.094231
15 0.202604 0.957332 0.169792 0.065144
15 0.111458 0.987981 0.089583 0.024038
15 0.397917 0.970673 0.127083 0.058654
15 0.482552 0.921394 0.127604 0.045192
15 0.546354 0.965865 0.130208 0.068269
15 0.662500 0.946755 0.132292 0.067548
