15 0.928726 0.097135 0.068029 0.092188
15 0.939183 0.129688 0.055769 0.073958
15 0.950601 0.182292 0.060337 0.095833
15 0.954567 0.250000 0.068750 0.065625
15 0.894471 0.249219 0.051442 0.067187
15 0.895553 0.188542 0.064663 0.066667
15 0.849880 0.143750 0.036298 0.106250
15 0.812861 0.186719 0.050240 0.122396
15 0.857692 0.259115 0.057692 0.097396
15 0.868990 0.339583 0.043269 0.059375
15 0.922115 0.339323 0.044712 0.095312
15 0.964663 0.343750 0.035096 0.133333
15 0.950361 0.423438 0.050240 0.085417
15 0.907452 0.429167 0.038462 0.085417
15 0.854327 0.422656 0.065865 0.110937
15 0.953606 0.025000 0.035096 0.048958
15 0.905168 0.057031 0.050721 0.113021
15 0.863582 0.035156 0.036298 0.069271
15 0.832692 0.024219 0.038942 0.047396
15 0.787740 0.022396 0.041346 0.043750
15 0.752404 0.053125 0.051442 0.090625
15 0.814183 0.077604 0.067788 0.062500
15 0.777163 0.120313 0.038942 0.053125
15 0.756851 0.159115 0.066106 0.082812
15 0.740505 0.190365 0.049279 0.068229
15 0.736058 0.232813 0.046154 0.076042
15 0.726683 0.117448 0.045673 0.083854
15 0.692909 0.044792 0.060337 0.088542
15 0.653365 0.102865 0.043269 0.130729
15 0.687861 0.196875 0.047356 0.153125
15 0.696394 0.299219 0.044231 0.086979
15 0.741106 0.329427 0.049519 0.132812
15 0.773798 0.367708 0.030769 0.137500
15 0.794351 0.289323 0.039183 0.123438
15 0.827163 0.344271 0.054327 0.082292
15 0.808774 0.424740 0.035337 0.097396
15 0.837380 0.492708 0.037740 0.068750
15 0.921755 0.533594 0.042548 0.105729
15 0.964303 0.526823 0.044952 0.104688
15 0.749760 0.465104 0.041827 0.129167
15 0.793990 0.501302 0.038462 0.083854
15 0.768269 0.564063 0.050962 0.089583
15 0.817788 0.584375 0.044712 0.093750
15 0.867308 0.564583 0.059135 0.105208
15 0.884736 0.622396 0.069952 0.076042
15 0.963942 0.635417 0.059615 0.116667
15 0.646274 0.225521 0.051202 0.126042
15 0.652043 0.323698 0.033894 0.064062
15 0.618389 0.298698 0.033894 0.144271
15 0.593750 0.352344 0.034615 0.089063
15 0.632812 0.407292 0.034856 0.096875
15 0.676562 0.392969 0.049760 0.103646
15 0.592788 0.441146 0.059135 0.061458
15 0.563462 0.388802 0.036538 0.050521
15 0.553245 0.297656 0.035337 0.142187
15 0.589303 0.242969 0.041587 0.126562
15 0.614303 0.136719 0.045913 0.104688
15 0.581731 0.129427 0.019231 0.077604
15 0.559135 0.177083 0.041346 0.088542
15 0.518269 0.178646 0.049038 0.078125
15 0.507332 0.249740 0.055048 0.092188
15 0.517668 0.331510 0.034375 0.126562
15 0.492428 0.352344 0.015144 0.102604
15 0.520312 0.426302 0.051683 0.070312
15 0.617788 0.052344 0.048558 0.080729
15 0.572596 0.077604 0.033654 0.089583
15 0.588822 0.015365 0.040625 0.029687
15 0.534135 0.022656 0.044712 0.044271
15 0.512260 0.048438 0.064423 0.095833
15 0.537380 0.103385 0.051202 0.096354
15 0.567668 0.499219 0.040625 0.094271
15 0.615144 0.504948 0.038942 0.078646
15 0.656611 0.502604 0.040144 0.107292
15 0.696154 0.522917 0.030769 0.120833
15 0.715986 0.555990 0.026683 0.092188
15 0.674880 0.601823 0.040625 0.096354
15 0.711899 0.635677 0.043510 0.109896
15 0.750120 0.623437 0.041106 0.067708
15 0.798438 0.667188 0.050240 0.096875
15 0.853365 0.690104 0.044712 0.138542
15 0.893630 0.712500 0.049279 0.104167
15 0.948077 0.752083 0.050000 0.114583
15 0.911058 0.804948 0.032212 0.100521
15 0.876442 0.813281 0.042308 0.131771
15 0.806370 0.767188 0.045433 0.066667
15 0.776082 0.819792 0.035337 0.062500
15 0.743750 0.767188 0.043750 0.081250
15 0.732452 0.695833 0.055769 0.081250
15 0.706130 0.780469 0.038221 0.115104
15 0.942548 0.867969 0.061058 0.105729
15 0.897957 0.942187 0.048798 0.086458
15 0.946755 0.959635 0.072356 0.080729
15 0.844952 0.983594 0.037019 0.032813
15 0.865144 0.902604 0.024038 0.055208
15 0.827284 0.920312 0.048798 0.084375
15 0.802885 0.921354 0.054808 0.110417
15 0.826683 0.839844 0.067788 0.111979
15 0.745553 0.848437 0.053125 0.089583
15 0.770192 0.946615 0.048558 0.106771
15 0.744231 0.982812 0.026923 0.034375
15 0.716947 0.900260 0.053606 0.131771
15 0.700120 0.977604 0.043029 0.044792
15 0.670312 0.921094 0.045433 0.113021
15 0.627404 0.879687 0.047596 0.094792
15 0.618510 0.964323 0.058173 0.071354
15 0.582452 0.928385 0.053365 0.077604
15 0.576322 0.984896 0.024760 0.030208
15 0.543269 0.970052 0.041346 0.059896
15 0.517308 0.882812 0.046635 0.114583
15 0.583774 0.833594 0.040144 0.106771
15 0.623918 0.785417 0.042067 0.086458
15 0.661058 0.737240 0.047596 0.105729
15 0.663942 0.828385 0.046154 0.075521
15 0.644591 0.650260 0.047356 0.083854
15 0.632572 0.573177 0.049279 0.077604
15 0.598558 0.588542 0.026442 0.081250
15 0.564543 0.572656 0.039663 0.065104
15 0.572596 0.667448 0.055769 0.108854
15 0.610938 0.688281 0.040144 0.111979
15 0.595553 0.748958 0.034375 0.058333
15 0.557332 0.777344 0.043510 0.099479
15 0.535096 0.525781 0.034615 0.096354
15 0.512620 0.577344 0.048798 0.098437
15 0.531250 0.685677 0.044231 0.102604
15 0.501923 0.705990 0.056250 0.094271
15 0.488221 0.612500 0.049519 0.085417
15 0.470793 0.542448 0.033894 0.079687
15 0.481490 0.463021 0.036058 0.101042
15 0.444832 0.494531 0.034856 0.084896
15 0.446154 0.411458 0.037500 0.100000
15 0.469952 0.367708 0.038462 0.115625
15 0.440505 0.308333 0.043029 0.097917
15 0.453966 0.173958 0.057933 0.097917
15 0.463221 0.229167 0.045673 0.073958
15 0.477524 0.088281 0.052163 0.150521
15 0.444231 0.043229 0.038462 0.085417
15 0.417428 0.015885 0.042548 0.030729
15 0.374399 0.063281 0.050721 0.118229
15 0.411418 0.093229 0.055048 0.072917
15 0.391106 0.183333 0.056731 0.121875
15 0.353966 0.189062 0.032452 0.133333
15 0.407332 0.263281 0.046875 0.086979
15 0.385697 0.334375 0.059856 0.062500
15 0.326082 0.253385 0.049279 0.105729
15 0.346274 0.366146 0.031490 0.065625
15 0.373077 0.427865 0.075481 0.128646
15 0.412019 0.430469 0.035577 0.102604
15 0.376683 0.532552 0.039423 0.125521
15 0.339423 0.538542 0.039904 0.131250
15 0.308654 0.587760 0.029327 0.107813
15 0.293630 0.493490 0.050240 0.078646
15 0.318510 0.418750 0.048077 0.093750
15 0.306370 0.361979 0.040144 0.114583
15 0.265505 0.448437 0.040625 0.079167
15 0.241466 0.504687 0.037740 0.062500
15 0.231130 0.420052 0.034856 0.116146
15 0.261659 0.363802 0.055048 0.105729
15 0.281851 0.278125 0.033413 0.101042
15 0.285216 0.251302 0.053606 0.095312
15 0.231490 0.306771 0.042308 0.056250
15 0.194952 0.324219 0.039904 0.106771
15 0.220553 0.243490 0.057933 0.078646
15 0.244231 0.163021 0.066346 0.084375
15 0.207452 0.145573 0.040865 0.101562
15 0.179688 0.213802 0.031010 0.096354
15 0.324159 0.097656 0.056010 0.093229
15 0.282212 0.093229 0.053846 0.090625
15 0.295673 0.026302 0.073077 0.051562
15 0.248678 0.025521 0.038702 0.050000
15 0.232813 0.074219 0.045433 0.104688
15 0.191587 0.053646 0.042788 0.106250
15 0.168870 0.086979 0.038221 0.061458
15 0.151202 0.155469 0.038462 0.093229
15 0.141947 0.257292 0.054087 0.115625
15 0.119952 0.166667 0.032212 0.092708
15 0.087981 0.242708 0.052404 0.077083
15 0.041707 0.241146 0.039183 0.095833
15 0.011659 0.223438 0.022356 0.083333
15 0.014784 0.330990 0.027163 0.090104
15 0.073798 0.355469 0.046154 0.151562
15 0.117308 0.359635 0.037019 0.111979
15 0.156611 0.348698 0.042548 0.080729
15 0.187139 0.413281 0.044471 0.099479
15 0.145673 0.430208 0.045192 0.092708
15 0.113702 0.485417 0.048558 0.110417
15 0.058894 0.445833 0.039904 0.090625
15 0.034255 0.521354 0.055048 0.077083
15 0.084375 0.566927 0.066346 0.083854
15 0.116707 0.101562 0.050721 0.117708
15 0.119591 0.023177 0.058894 0.045312
15 0.069111 0.128385 0.050240 0.150521
15 0.022596 0.072917 0.041346 0.116667
15 0.022476 0.144010 0.044471 0.077604
15 0.199038 0.497656 0.035577 0.099479
15 0.344111 0.625781 0.044952 0.058854
15 0.341106 0.685677 0.061058 0.113021
15 0.294832 0.650260 0.029567 0.125521
15 0.259976 0.651823 0.041587 0.101562
15 0.222476 0.650781 0.030529 0.075521
15 0.232452 0.572917 0.060096 0.095833
15 0.190505 0.591146 0.032452 0.090625
15 0.146995 0.533854 0.049279 0.086458
15 0.134615 0.599479 0.030288 0.065625
15 0.160457 0.620573 0.036298 0.159896
15 0.181370 0.687500 0.050721 0.080208
15 0.123798 0.687760 0.062500 0.085938
15 0.084736 0.653646 0.056971 0.104167
15 0.044832 0.643490 0.040625 0.078646
15 0.024038 0.606771 0.046635 0.104167
15 0.020313 0.733594 0.040144 0.103646
15 0.062861 0.752083 0.051683 0.093750
15 0.103606 0.774219 0.034135 0.105729
15 0.128726 0.824219 0.051202 0.106771
15 0.175841 0.742708 0.043990 0.070833
15 0.187740 0.820052 0.052885 0.071354
15 0.216346 0.757812 0.040865 0.145833
15 0.250841 0.802083 0.048798 0.115625
15 0.284495 0.764323 0.056010 0.131771
15 0.329327 0.762760 0.030769 0.055729
15 0.354327 0.781510 0.033173 0.089063
15 0.303005 0.836719 0.037260 0.067187
15 0.267188 0.895833 0.026202 0.064583
15 0.230769 0.858594 0.027404 0.109896
15 0.182692 0.907813 0.048077 0.094792
15 0.135577 0.953125 0.051442 0.093750
15 0.098437 0.892188 0.050240 0.102083
15 0.055409 0.840625 0.066587 0.092708
15 0.018630 0.816927 0.036779 0.055729
15 0.047957 0.921615 0.052163 0.067187
15 0.043630 0.968229 0.045913 0.063542
15 0.084615 0.974740 0.037019 0.050521
15 0.011899 0.962240 0.023317 0.075521
15 0.009375 0.884896 0.018269 0.069792
15 0.202644 0.964063 0.023077 0.071875
15 0.168029 0.978646 0.043269 0.042708
15 0.235577 0.981250 0.034135 0.037500
15 0.278726 0.968750 0.046875 0.062500
15 0.300481 0.931510 0.031250 0.090104
15 0.337260 0.899219 0.051923 0.144271
15 0.359615 0.967187 0.030769 0.065625
15 0.383894 0.923698 0.035577 0.133854
15 0.419351 0.945052 0.033413 0.071354
15 0.453005 0.951042 0.031971 0.097917
15 0.430529 0.861719 0.056250 0.107813
15 0.387019 0.832552 0.036538 0.060937
15 0.395673 0.778906 0.052404 0.046354
15 0.392188 0.710417 0.078606 0.084375
15 0.391587 0.669531 0.050962 0.044271
15 0.397716 0.602604 0.035817 0.104167
15 0.443870 0.658333 0.039183 0.108333
15 0.425721 0.555990 0.056250 0.115104
15 0.451202 0.761979 0.065865 0.110417
15 0.478245 0.833854 0.028125 0.096875
15 0.492788 0.939063 0.051923 0.095833
