15 0.941226 0.077604 0.061779 0.144792
15 0.988462 0.154948 0.023077 0.105729
15 0.982091 0.323177 0.035817 0.108854
15 0.932452 0.209375 0.049519 0.121875
15 0.892668 0.128385 0.025721 0.147396
15 0.865024 0.193229 0.044952 0.254167
15 0.841226 0.207031 0.068990 0.235937
15 0.850240 0.389583 0.039904 0.137500
15 0.916346 0.325260 0.067308 0.120313
15 0.950721 0.409635 0.067788 0.119271
15 0.982572 0.488802 0.034856 0.134896
15 0.899038 0.469271 0.053365 0.131250
15 0.844231 0.504167 0.057212 0.105208
15 0.790986 0.387760 0.056971 0.128646
15 0.817308 0.338021 0.034135 0.085417
15 0.777524 0.250260 0.068029 0.153646
15 0.707572 0.305990 0.071394 0.178646
15 0.736178 0.408854 0.045433 0.083333
15 0.685337 0.422396 0.052404 0.081250
15 0.785216 0.132292 0.046875 0.093750
15 0.812380 0.052344 0.051683 0.088021
15 0.856611 0.030729 0.065625 0.060417
15 0.785697 0.015625 0.042067 0.030208
15 0.742668 0.039844 0.045433 0.078646
15 0.716106 0.118229 0.069231 0.175000
15 0.659495 0.191146 0.038702 0.116667
15 0.672596 0.270573 0.039904 0.049479
15 0.694471 0.058333 0.035577 0.115625
15 0.642067 0.102083 0.043750 0.104167
15 0.632212 0.025260 0.042788 0.049479
15 0.606010 0.131771 0.037500 0.085417
15 0.588942 0.240625 0.097115 0.146875
15 0.638101 0.307812 0.066106 0.079167
15 0.614543 0.424479 0.112740 0.175000
15 0.935817 0.560156 0.040385 0.171354
15 0.882332 0.584375 0.060337 0.090625
15 0.852524 0.670833 0.043029 0.126042
15 0.809375 0.579948 0.046154 0.165104
15 0.756250 0.495573 0.049519 0.093229
15 0.795433 0.474740 0.035577 0.057813
15 0.753846 0.583333 0.055769 0.096875
15 0.695793 0.528125 0.078125 0.110417
15 0.678726 0.668750 0.082452 0.183333
15 0.618630 0.558073 0.066587 0.111979
15 0.744712 0.682292 0.053365 0.143750
15 0.800962 0.726042 0.062981 0.130208
15 0.906010 0.706250 0.062500 0.155208
15 0.953966 0.729427 0.070913 0.129688
15 0.991346 0.670312 0.017308 0.152083
15 0.865865 0.801823 0.068750 0.107813
15 0.927764 0.886198 0.050240 0.168229
15 0.984976 0.894010 0.030048 0.116146
15 0.896635 0.908073 0.069712 0.086979
15 0.841587 0.934635 0.063462 0.130729
15 0.797356 0.848698 0.064423 0.106771
15 0.781250 0.960417 0.060577 0.079167
15 0.720433 0.969010 0.059615 0.057813
15 0.712139 0.865104 0.066106 0.108333
15 0.741947 0.914323 0.041106 0.086979
15 0.663221 0.944010 0.051923 0.111979
15 0.605769 0.951042 0.063942 0.097917
15 0.600962 0.860417 0.048077 0.112500
15 0.652163 0.827083 0.050962 0.137500
15 0.729567 0.801562 0.089423 0.077083
15 0.611058 0.709635 0.062019 0.180729
15 0.556250 0.716927 0.046635 0.111979
15 0.562500 0.817708 0.047596 0.103125
15 0.553966 0.929688 0.057452 0.139583
15 0.503245 0.878385 0.059375 0.163021
15 0.515144 0.744010 0.047115 0.108854
15 0.531130 0.615104 0.066106 0.127083
15 0.463341 0.653385 0.077163 0.164062
15 0.449519 0.955208 0.067788 0.089583
15 0.451202 0.861979 0.055769 0.089583
15 0.399519 0.891406 0.058654 0.096354
15 0.372716 0.966667 0.083413 0.066667
15 0.345072 0.894792 0.058413 0.121875
15 0.384255 0.778125 0.056490 0.148958
15 0.344111 0.792708 0.034856 0.080208
15 0.300120 0.811719 0.059375 0.080729
15 0.261418 0.875260 0.076683 0.116146
15 0.291346 0.954948 0.065865 0.090104
15 0.233774 0.959375 0.052163 0.081250
15 0.322356 0.737240 0.067308 0.141146
15 0.268990 0.743490 0.046154 0.133854
15 0.300240 0.654167 0.048077 0.105208
15 0.345433 0.605729 0.068269 0.129167
15 0.395673 0.642188 0.064904 0.116667
15 0.402043 0.547396 0.056010 0.100000
15 0.339423 0.530469 0.046154 0.036979
15 0.457933 0.505729 0.056731 0.100000
15 0.474880 0.566667 0.040625 0.041667
15 0.506851 0.505729 0.040144 0.127083
15 0.546154 0.467969 0.062981 0.176563
15 0.470553 0.406771 0.058894 0.110417
15 0.406851 0.399219 0.070913 0.177604
15 0.344471 0.446354 0.076923 0.128125
15 0.279207 0.442969 0.103125 0.115104
15 0.266947 0.550521 0.087260 0.125000
15 0.251803 0.653125 0.038221 0.064583
15 0.304207 0.365104 0.043510 0.070833
15 0.347476 0.308333 0.069952 0.138542
15 0.416707 0.298698 0.059375 0.149479
15 0.530409 0.322396 0.049279 0.112500
15 0.503365 0.269271 0.032212 0.097917
15 0.469591 0.270833 0.066106 0.200000
15 0.501442 0.167969 0.050962 0.098437
15 0.400240 0.196094 0.052885 0.088021
15 0.327885 0.238542 0.049519 0.093750
15 0.275601 0.286458 0.044952 0.160417
15 0.253365 0.367708 0.037981 0.044792
15 0.566587 0.084375 0.085577 0.167708
15 0.508894 0.087760 0.044231 0.086979
15 0.479087 0.035937 0.047115 0.070833
15 0.435337 0.098437 0.076923 0.175000
15 0.388462 0.098698 0.045673 0.097396
15 0.350721 0.029167 0.075962 0.057292
15 0.356130 0.143750 0.066587 0.132292
15 0.329207 0.099479 0.033894 0.091667
15 0.282692 0.139583 0.072596 0.153125
15 0.272837 0.040885 0.063462 0.080729
15 0.230288 0.274740 0.066827 0.142187
15 0.188341 0.456510 0.057452 0.113021
15 0.179928 0.331510 0.065144 0.132812
15 0.150962 0.417448 0.022596 0.089063
15 0.142308 0.515365 0.045673 0.098437
15 0.113582 0.420833 0.059856 0.145833
15 0.144231 0.208333 0.047596 0.171875
15 0.170072 0.160938 0.024760 0.100000
15 0.213822 0.164062 0.054567 0.135417
15 0.217788 0.061458 0.051442 0.076042
15 0.190264 0.035417 0.057452 0.069792
15 0.159856 0.063021 0.042308 0.118750
15 0.113221 0.066667 0.057692 0.132292
15 0.088462 0.167187 0.073558 0.114583
15 0.063341 0.267188 0.074760 0.095833
15 0.112861 0.294271 0.029567 0.120833
15 0.077764 0.370573 0.032933 0.086979
15 0.045913 0.063542 0.079808 0.126042
15 0.014904 0.112240 0.029327 0.096354
15 0.016587 0.217708 0.032692 0.126042
15 0.036538 0.184635 0.035096 0.090104
15 0.040024 0.399740 0.064663 0.145313
15 0.071154 0.476042 0.046635 0.105208
15 0.024279 0.507552 0.048077 0.097396
15 0.025962 0.610156 0.051442 0.107813
15 0.091466 0.555990 0.055529 0.099479
15 0.076803 0.612500 0.045913 0.115625
15 0.134255 0.627344 0.048798 0.142187
15 0.191346 0.592969 0.075000 0.176563
15 0.216947 0.716406 0.046875 0.120313
15 0.227163 0.802344 0.058654 0.074479
15 0.169471 0.836198 0.063462 0.090104
15 0.148077 0.755208 0.076442 0.143750
15 0.100000 0.750000 0.040385 0.166667
15 0.052404 0.712760 0.077885 0.104688
15 0.023558 0.768229 0.046635 0.104167
15 0.058654 0.839583 0.072596 0.103125
15 0.135216 0.905469 0.051202 0.090104
15 0.162500 0.958333 0.042308 0.083333
15 0.194712 0.919792 0.058173 0.134375
15 0.020673 0.895833 0.040865 0.130208
