15 0.943990 0.042448 0.050481 0.083854
15 0.935457 0.095052 0.070433 0.061979
15 0.954327 0.150000 0.049038 0.068750
15 0.989062 0.165104 0.021875 0.091667
15 0.951442 0.231771 0.054327 0.107292
15 0.959856 0.299479 0.069712 0.156250
15 0.899279 0.326302 0.038942 0.108854
15 0.851803 0.333594 0.055048 0.089063
15 0.811899 0.292448 0.042548 0.121354
15 0.787380 0.320833 0.033413 0.126042
15 0.761058 0.353125 0.045192 0.117708
15 0.731010 0.340365 0.046154 0.088021
15 0.716827 0.412500 0.032212 0.047917
15 0.760096 0.466406 0.055769 0.094271
15 0.789183 0.422396 0.031250 0.073958
15 0.835817 0.434896 0.057692 0.117708
15 0.835096 0.533073 0.042788 0.126562
15 0.879327 0.563021 0.054327 0.138542
15 0.900120 0.467187 0.052644 0.109375
15 0.931851 0.431771 0.052163 0.097917
15 0.981370 0.437760 0.037260 0.122396
15 0.947476 0.530469 0.049760 0.086979
15 0.981971 0.563802 0.036058 0.114062
15 0.922115 0.616146 0.054327 0.104167
15 0.890144 0.672656 0.059135 0.092188
15 0.940625 0.741927 0.059615 0.155729
15 0.983774 0.744792 0.032452 0.179167
15 0.981130 0.629167 0.037740 0.065625
15 0.882933 0.750000 0.037981 0.086458
15 0.844471 0.732812 0.056731 0.117708
15 0.815385 0.665885 0.064423 0.099479
15 0.797476 0.542969 0.047837 0.184896
15 0.740505 0.574479 0.064663 0.104167
15 0.747957 0.684635 0.052163 0.124479
15 0.717067 0.691406 0.031250 0.132812
15 0.781250 0.797917 0.043269 0.133333
15 0.736298 0.808073 0.042788 0.128646
15 0.834495 0.784375 0.049760 0.091667
15 0.892428 0.853125 0.053125 0.132292
15 0.941466 0.888542 0.047356 0.137500
15 0.984976 0.889583 0.030048 0.077083
15 0.981851 0.964323 0.036298 0.071354
15 0.930288 0.981510 0.044712 0.036979
15 0.865625 0.964323 0.084615 0.061979
15 0.854567 0.894010 0.051442 0.140104
15 0.800481 0.921094 0.048558 0.122396
15 0.759615 0.911458 0.073077 0.088542
15 0.740865 0.965885 0.044712 0.068229
15 0.703486 0.927083 0.043990 0.098958
15 0.678726 0.954948 0.042548 0.084896
15 0.639543 0.938021 0.056490 0.082292
15 0.602524 0.897656 0.053606 0.092188
15 0.595673 0.973177 0.044712 0.053646
15 0.666466 0.846094 0.055529 0.108854
15 0.679928 0.756771 0.056490 0.084375
15 0.611659 0.769271 0.056971 0.163542
15 0.565024 0.803385 0.056971 0.116146
15 0.545433 0.961198 0.052404 0.077604
15 0.502524 0.958854 0.036298 0.082292
15 0.522115 0.865885 0.039423 0.107813
15 0.532572 0.897396 0.060337 0.063542
15 0.519471 0.772917 0.029327 0.081250
15 0.554567 0.695573 0.040385 0.078646
15 0.489904 0.811979 0.030769 0.093750
15 0.594832 0.604948 0.048317 0.096354
15 0.642308 0.604167 0.046635 0.097917
15 0.660337 0.682552 0.054327 0.096354
15 0.686899 0.589323 0.041106 0.085938
15 0.534976 0.627865 0.057452 0.075521
15 0.563221 0.542188 0.044231 0.188542
15 0.611058 0.502083 0.052885 0.102083
15 0.659495 0.491667 0.039183 0.117708
15 0.708534 0.487240 0.055529 0.115104
15 0.679928 0.418229 0.025721 0.073958
15 0.644111 0.409635 0.041106 0.116146
15 0.612981 0.408594 0.022596 0.090104
15 0.581851 0.395052 0.041106 0.131771
15 0.531971 0.417708 0.062500 0.132292
15 0.505889 0.555990 0.062740 0.091146
15 0.907332 0.193490 0.058894 0.131771
15 0.852524 0.228385 0.066587 0.120313
15 0.852284 0.090104 0.071394 0.122917
15 0.885697 0.045052 0.062740 0.089063
15 0.821514 0.044010 0.043990 0.086979
15 0.781250 0.075521 0.060096 0.072917
15 0.773317 0.023438 0.043750 0.045833
15 0.796154 0.179167 0.078365 0.126042
15 0.752524 0.158854 0.044471 0.101042
15 0.723918 0.247917 0.049279 0.134375
15 0.690024 0.246615 0.055529 0.108854
15 0.671394 0.333073 0.046154 0.093229
15 0.623437 0.309635 0.053606 0.109896
15 0.650721 0.221615 0.036538 0.104688
15 0.693149 0.161979 0.052163 0.071875
15 0.705769 0.086198 0.068269 0.133854
15 0.735096 0.052604 0.035096 0.090625
15 0.641827 0.114583 0.061058 0.115625
15 0.655288 0.034635 0.053365 0.068229
15 0.593389 0.037240 0.067548 0.073438
15 0.581130 0.112500 0.052163 0.055208
15 0.581731 0.212240 0.071154 0.158854
15 0.546995 0.301823 0.057452 0.095312
15 0.521635 0.348698 0.041827 0.050521
15 0.518510 0.217448 0.049519 0.092188
15 0.484856 0.299219 0.044231 0.143229
15 0.458534 0.388021 0.039183 0.096875
15 0.486659 0.482812 0.044952 0.109375
15 0.429087 0.300000 0.070673 0.090625
15 0.413462 0.387760 0.053365 0.110937
15 0.436538 0.481771 0.044712 0.104167
15 0.443990 0.572135 0.066827 0.090104
15 0.384255 0.466667 0.053125 0.072917
15 0.346995 0.397396 0.087260 0.088542
15 0.376563 0.305208 0.039183 0.097917
15 0.396034 0.234375 0.074760 0.087500
15 0.415144 0.176563 0.054327 0.126042
15 0.460577 0.176563 0.046154 0.132292
15 0.491707 0.092188 0.047837 0.155208
15 0.543750 0.114583 0.065385 0.104167
15 0.534976 0.038281 0.063221 0.071354
15 0.450841 0.025521 0.041587 0.050000
15 0.442668 0.044010 0.037740 0.086979
15 0.435337 0.086979 0.024519 0.048958
15 0.398798 0.064062 0.059615 0.125000
15 0.345553 0.058073 0.057933 0.115104
15 0.320312 0.041927 0.047356 0.082812
15 0.358534 0.165365 0.054567 0.106771
15 0.279567 0.040625 0.060096 0.080208
15 0.302524 0.123177 0.059375 0.123438
15 0.258173 0.169792 0.059135 0.091667
15 0.312260 0.253125 0.047596 0.091667
15 0.251923 0.264844 0.070192 0.074479
15 0.204087 0.273698 0.062019 0.125521
15 0.196995 0.167969 0.061779 0.127604
15 0.166587 0.103646 0.036058 0.098958
15 0.209375 0.049740 0.075481 0.093229
15 0.118630 0.063542 0.059856 0.126042
15 0.079327 0.019792 0.040385 0.038542
15 0.040505 0.076823 0.055048 0.141146
15 0.122596 0.154948 0.066827 0.119271
15 0.102043 0.238281 0.047356 0.113021
15 0.154447 0.234896 0.043990 0.044792
15 0.144591 0.311979 0.059856 0.126042
15 0.323077 0.339844 0.088462 0.120313
15 0.266226 0.369792 0.043029 0.078125
15 0.245553 0.328906 0.073798 0.069271
15 0.208534 0.392188 0.052644 0.084375
15 0.166827 0.390625 0.042308 0.100000
15 0.141226 0.436198 0.055529 0.116146
15 0.094832 0.353385 0.053606 0.155729
15 0.049519 0.220052 0.060577 0.196354
15 0.013462 0.278125 0.026442 0.118750
15 0.020793 0.384115 0.041106 0.106771
15 0.011178 0.479167 0.021875 0.078125
15 0.045192 0.500521 0.045192 0.079167
15 0.066587 0.414844 0.066346 0.141146
15 0.108173 0.514062 0.053846 0.117708
15 0.157212 0.537500 0.053365 0.093750
15 0.096514 0.566146 0.063702 0.109375
15 0.138462 0.636198 0.037500 0.094271
15 0.036538 0.590885 0.072596 0.130729
15 0.213822 0.476042 0.050240 0.142708
15 0.253846 0.484635 0.041827 0.174479
15 0.310697 0.458854 0.080529 0.076042
15 0.312139 0.557031 0.055529 0.120313
15 0.369471 0.527083 0.071635 0.065625
15 0.362981 0.598958 0.068269 0.135417
15 0.268870 0.538802 0.029567 0.061979
15 0.221875 0.597135 0.040865 0.105729
15 0.266226 0.621354 0.071875 0.103125
15 0.204087 0.694792 0.029808 0.125000
15 0.173798 0.621354 0.048077 0.153125
15 0.479567 0.671875 0.052885 0.162500
15 0.440264 0.665625 0.035337 0.108333
15 0.412019 0.700521 0.039904 0.093750
15 0.393510 0.632552 0.045673 0.128646
15 0.328846 0.695573 0.078365 0.094271
15 0.280288 0.690365 0.054808 0.106771
15 0.225000 0.735938 0.041827 0.164583
15 0.273077 0.788802 0.051442 0.121354
15 0.319231 0.780990 0.059135 0.130729
15 0.366106 0.745573 0.028846 0.061979
15 0.364663 0.818490 0.070192 0.113021
15 0.443510 0.765625 0.063942 0.078125
15 0.475481 0.871615 0.041827 0.157812
15 0.425841 0.855729 0.064183 0.086458
15 0.386659 0.883333 0.038221 0.114583
15 0.428365 0.954688 0.069231 0.090625
15 0.368870 0.957552 0.047837 0.084896
15 0.341346 0.895833 0.046635 0.092708
15 0.297476 0.930469 0.069952 0.064062
15 0.317308 0.983594 0.048077 0.032813
15 0.274279 0.986458 0.032212 0.027083
15 0.281611 0.872917 0.038221 0.066667
15 0.229928 0.881510 0.074279 0.147396
15 0.229447 0.973958 0.057933 0.052083
15 0.184255 0.929948 0.024760 0.095312
15 0.145313 0.919010 0.054567 0.110937
15 0.166226 0.835417 0.062740 0.123958
15 0.196875 0.787240 0.033654 0.065104
15 0.149639 0.734635 0.069952 0.126562
15 0.082572 0.844271 0.072837 0.129167
15 0.099399 0.947396 0.040625 0.105208
15 0.069231 0.946354 0.025962 0.107292
15 0.110457 0.852344 0.039663 0.095312
15 0.098077 0.746354 0.049519 0.102083
15 0.046034 0.786458 0.067067 0.130208
15 0.028005 0.951823 0.055529 0.096354
15 0.015144 0.879948 0.029808 0.096354
15 0.053245 0.709115 0.050240 0.094271
15 0.020673 0.682813 0.040865 0.101042
