15 0.977284 0.218750 0.045433 0.153125
15 0.980769 0.360677 0.038462 0.140104
15 0.937500 0.346875 0.069712 0.114583
15 0.917668 0.249479 0.074760 0.123958
15 0.914784 0.119792 0.127644 0.200000
15 0.987139 0.087760 0.025721 0.108854
15 0.926803 0.019271 0.067067 0.037500
15 0.844832 0.108854 0.077644 0.201042
15 0.840385 0.325260 0.072596 0.229687
15 0.910337 0.467708 0.087500 0.155208
15 0.978606 0.518229 0.042788 0.166667
15 0.968149 0.635677 0.063702 0.182812
15 0.892548 0.654948 0.082212 0.169271
15 0.871875 0.542448 0.072596 0.160938
15 0.814663 0.444531 0.057692 0.127604
15 0.782091 0.357812 0.059856 0.155208
15 0.779567 0.200781 0.058173 0.111979
15 0.776803 0.061458 0.060817 0.121875
15 0.725721 0.097135 0.067788 0.150521
15 0.671995 0.059896 0.074760 0.118750
15 0.664062 0.205469 0.065144 0.181771
15 0.725000 0.242969 0.076923 0.131771
15 0.749279 0.305990 0.037981 0.058854
15 0.711899 0.382031 0.069952 0.161979
15 0.751082 0.510417 0.076683 0.153125
15 0.816226 0.596094 0.065144 0.178646
15 0.755409 0.667969 0.085337 0.171354
15 0.840505 0.756510 0.084856 0.130729
15 0.915024 0.817708 0.056490 0.156250
15 0.968269 0.791667 0.063462 0.161458
15 0.865865 0.877083 0.066346 0.125000
15 0.964784 0.921875 0.070433 0.126042
15 0.890024 0.964063 0.085337 0.071875
15 0.792788 0.934635 0.087500 0.105729
15 0.731731 0.976823 0.076923 0.046354
15 0.774038 0.866406 0.058654 0.191146
15 0.721995 0.719271 0.074279 0.197917
15 0.706490 0.858073 0.073077 0.202604
15 0.667188 0.963542 0.041587 0.072917
15 0.620793 0.914844 0.055529 0.089063
15 0.607933 0.974479 0.059615 0.051042
15 0.665264 0.814844 0.054087 0.190104
15 0.612500 0.805990 0.082692 0.181771
15 0.554207 0.916406 0.078606 0.149479
15 0.520553 0.806771 0.059375 0.129167
15 0.662139 0.640885 0.054087 0.151562
15 0.609495 0.645052 0.063221 0.142187
15 0.564063 0.723437 0.061779 0.115625
15 0.481010 0.921875 0.051923 0.156250
15 0.425962 0.972135 0.058173 0.055729
15 0.366827 0.933594 0.057212 0.132812
15 0.318870 0.983854 0.056490 0.032292
15 0.302404 0.862240 0.068269 0.192188
15 0.341106 0.794531 0.061538 0.138021
15 0.412139 0.859115 0.085817 0.151562
15 0.429207 0.797917 0.068990 0.200000
15 0.246274 0.953125 0.073798 0.093750
15 0.228125 0.854167 0.078846 0.134375
15 0.266346 0.688021 0.052885 0.169792
15 0.320192 0.678125 0.058173 0.134375
15 0.375000 0.625521 0.087500 0.128125
15 0.416106 0.698438 0.078846 0.121875
15 0.474880 0.744271 0.043990 0.164583
15 0.510697 0.629427 0.089663 0.148438
15 0.538462 0.518490 0.077885 0.133854
15 0.621755 0.500781 0.054567 0.142187
15 0.678125 0.509896 0.056250 0.181250
15 0.650962 0.365885 0.059135 0.139063
15 0.589423 0.408073 0.056250 0.191146
15 0.598798 0.258594 0.049038 0.165104
15 0.513462 0.373698 0.105769 0.129688
15 0.456370 0.415625 0.045433 0.157292
15 0.430769 0.566146 0.078365 0.125000
15 0.374880 0.463542 0.113221 0.163542
15 0.609255 0.123698 0.092548 0.127604
15 0.589784 0.030208 0.073798 0.059375
15 0.531490 0.056510 0.062981 0.111979
15 0.522356 0.146615 0.068269 0.140104
15 0.468389 0.245312 0.083413 0.166667
15 0.539543 0.266406 0.052163 0.088021
15 0.403245 0.266667 0.073798 0.123958
15 0.412981 0.340885 0.061058 0.064062
15 0.381130 0.154948 0.063702 0.122396
15 0.455649 0.113281 0.071394 0.127604
15 0.420793 0.029167 0.089183 0.057292
15 0.355168 0.018750 0.027644 0.036458
15 0.314183 0.090625 0.072596 0.123958
15 0.292187 0.011979 0.080048 0.022917
15 0.256490 0.086198 0.057692 0.156771
15 0.274639 0.229427 0.066106 0.141146
15 0.330409 0.270833 0.061298 0.231250
15 0.284736 0.391667 0.067548 0.175000
15 0.211298 0.436979 0.086058 0.179167
15 0.165865 0.317188 0.055288 0.227083
15 0.208053 0.162500 0.074279 0.186458
15 0.142909 0.162240 0.051683 0.139063
15 0.103125 0.054688 0.110096 0.108333
15 0.034014 0.089063 0.067548 0.157292
15 0.102885 0.228906 0.073077 0.213021
15 0.064663 0.290104 0.088462 0.162500
15 0.014784 0.237760 0.029087 0.098437
15 0.116947 0.409115 0.068510 0.168229
15 0.057212 0.431771 0.051442 0.125000
15 0.016106 0.444531 0.031731 0.159896
15 0.069712 0.572396 0.122596 0.128125
15 0.016106 0.694531 0.031731 0.143229
15 0.070553 0.689583 0.081010 0.134375
15 0.126322 0.705990 0.060337 0.108854
15 0.155649 0.568490 0.080529 0.161979
15 0.214183 0.681250 0.075000 0.184375
15 0.144712 0.810156 0.091827 0.122396
15 0.079928 0.883594 0.074279 0.132812
15 0.021514 0.882292 0.042548 0.156250
15 0.054567 0.953125 0.057692 0.093750
15 0.144351 0.938021 0.098317 0.123958
