15 0.885677 0.017428 0.063021 0.034375
15 0.943229 0.033534 0.078125 0.056010
15 0.977083 0.061418 0.045833 0.031490
15 0.963021 0.107091 0.073958 0.055048
15 0.912760 0.143269 0.117188 0.072115
15 0.986719 0.154087 0.026562 0.037500
15 0.977083 0.199880 0.045833 0.042067
15 0.866146 0.066226 0.067708 0.066106
15 0.794531 0.063101 0.097396 0.084375
15 0.728906 0.045312 0.035937 0.039663
15 0.694010 0.021394 0.111979 0.042308
15 0.624219 0.074880 0.108854 0.063702
15 0.674219 0.110457 0.139063 0.075721
15 0.795052 0.128245 0.098437 0.054087
15 0.497656 0.082091 0.144271 0.065144
15 0.423698 0.133534 0.195312 0.043510
15 0.599740 0.162019 0.124479 0.059615
15 0.728906 0.165986 0.102604 0.038702
15 0.824740 0.170192 0.069271 0.035096
15 0.904167 0.207813 0.093750 0.065144
15 0.966667 0.255769 0.066667 0.059135
15 0.897656 0.260216 0.086979 0.045433
15 0.845052 0.284736 0.094271 0.054567
15 0.811198 0.245192 0.066146 0.027404
15 0.727344 0.264423 0.147396 0.053846
15 0.745573 0.296274 0.095312 0.029567
15 0.700000 0.326803 0.128125 0.042548
15 0.629167 0.262139 0.111458 0.052644
15 0.792188 0.209375 0.130208 0.047115
15 0.661979 0.205769 0.128125 0.061058
15 0.535156 0.242909 0.139063 0.063221
15 0.477083 0.200481 0.103125 0.049519
15 0.407292 0.177284 0.100000 0.039183
15 0.300260 0.174760 0.114062 0.063942
15 0.166146 0.198077 0.152083 0.051442
15 0.156510 0.242428 0.099479 0.041106
15 0.235156 0.241947 0.083854 0.039183
15 0.303385 0.220312 0.114062 0.043029
15 0.417708 0.254327 0.105208 0.073077
15 0.351823 0.285697 0.167187 0.049760
15 0.504687 0.292067 0.102083 0.047115
15 0.595313 0.308053 0.109375 0.055048
15 0.951042 0.308293 0.097917 0.043510
15 0.867708 0.330529 0.120833 0.033173
15 0.954167 0.364063 0.091667 0.052163
15 0.773177 0.346995 0.094271 0.032933
15 0.840104 0.369591 0.132292 0.033894
15 0.613802 0.361538 0.090104 0.034135
15 0.490365 0.372596 0.116146 0.031250
15 0.490104 0.344952 0.159375 0.059135
15 0.440104 0.327284 0.081250 0.035337
15 0.366927 0.350120 0.097396 0.068990
15 0.288542 0.340865 0.081250 0.057692
15 0.196615 0.328966 0.125521 0.063221
15 0.215625 0.286178 0.094792 0.031490
15 0.106250 0.288221 0.103125 0.055769
15 0.025781 0.296635 0.050521 0.025481
15 0.048177 0.255168 0.095312 0.059375
15 0.183594 0.150721 0.136979 0.043269
15 0.271354 0.106130 0.080208 0.075240
15 0.303125 0.071875 0.054167 0.050481
15 0.370052 0.090625 0.093229 0.068269
15 0.510156 0.018630 0.141146 0.036779
15 0.417969 0.019111 0.084896 0.037740
15 0.316927 0.027885 0.121354 0.055288
15 0.212240 0.047476 0.118229 0.053125
15 0.180208 0.105649 0.104167 0.062260
15 0.059896 0.117548 0.104167 0.047596
15 0.013281 0.168269 0.025521 0.035096
15 0.070833 0.182212 0.132292 0.074038
15 0.107031 0.066346 0.114062 0.046635
15 0.025260 0.067308 0.049479 0.048558
15 0.056250 0.019952 0.111458 0.039423
15 0.186979 0.010337 0.106250 0.020192
15 0.051823 0.340264 0.102604 0.038702
15 0.074219 0.376803 0.147396 0.044471
15 0.147135 0.382572 0.085938 0.031010
15 0.225521 0.401202 0.107292 0.081250
15 0.316146 0.421394 0.097917 0.058654
15 0.442969 0.410697 0.106771 0.042067
15 0.573177 0.398918 0.169271 0.057452
15 0.675000 0.409255 0.080208 0.066106
15 0.772396 0.410577 0.085417 0.062019
15 0.880208 0.401442 0.110417 0.039423
15 0.959635 0.420673 0.080729 0.075000
15 0.846094 0.452524 0.166146 0.045433
15 0.863021 0.429447 0.071875 0.017548
15 0.821094 0.490264 0.133854 0.034856
15 0.939583 0.517308 0.120833 0.073077
15 0.828385 0.530529 0.089063 0.049519
15 0.736458 0.554327 0.083333 0.082212
15 0.686458 0.496995 0.109375 0.055529
15 0.608333 0.521274 0.181250 0.039183
15 0.475000 0.449399 0.092708 0.041587
15 0.355729 0.453966 0.155208 0.041587
15 0.136458 0.456971 0.151042 0.062500
15 0.216406 0.447236 0.063021 0.031971
15 0.057813 0.421635 0.114583 0.039904
15 0.030729 0.474038 0.060417 0.063462
15 0.039323 0.516346 0.077604 0.039904
15 0.117969 0.495793 0.098437 0.022837
15 0.232292 0.503726 0.130208 0.042067
15 0.343750 0.489063 0.155208 0.033413
15 0.455729 0.490745 0.126042 0.041106
15 0.917969 0.554087 0.081771 0.025481
15 0.921354 0.591827 0.103125 0.056250
15 0.973958 0.609014 0.052083 0.056971
15 0.918750 0.638462 0.125000 0.063942
15 0.918229 0.678726 0.137500 0.053125
15 0.980469 0.701202 0.039062 0.066346
15 0.835156 0.717668 0.119271 0.056490
15 0.790625 0.638582 0.145833 0.036298
15 0.807813 0.588582 0.132292 0.063702
15 0.679948 0.614303 0.127604 0.049279
15 0.685156 0.647476 0.096354 0.031971
15 0.661719 0.680048 0.096354 0.042788
15 0.732812 0.699760 0.139583 0.075962
15 0.573438 0.686899 0.118750 0.045433
15 0.586979 0.639784 0.091667 0.047356
15 0.520052 0.617909 0.083854 0.035337
15 0.602865 0.590865 0.178646 0.044231
15 0.623437 0.554688 0.134375 0.036779
15 0.526042 0.553245 0.065625 0.050240
15 0.429427 0.574399 0.160938 0.065625
15 0.418490 0.624159 0.075521 0.043510
15 0.494531 0.653726 0.084896 0.038702
15 0.487240 0.704447 0.119271 0.043510
15 0.394531 0.690745 0.156771 0.039183
15 0.390365 0.659495 0.090104 0.020913
15 0.321094 0.604447 0.138021 0.059856
15 0.276042 0.556731 0.105208 0.043269
15 0.337240 0.529327 0.105729 0.037981
15 0.145052 0.531851 0.178646 0.049279
15 0.020833 0.556971 0.040625 0.041346
15 0.015365 0.602644 0.029687 0.028365
15 0.053646 0.572716 0.069792 0.038702
15 0.116406 0.586298 0.103646 0.058173
15 0.159635 0.632933 0.085938 0.071154
15 0.068750 0.615625 0.081250 0.041827
15 0.039062 0.653726 0.077083 0.070433
15 0.113542 0.682212 0.084375 0.067788
15 0.207292 0.693029 0.083333 0.050962
15 0.278646 0.653005 0.113542 0.041106
15 0.242708 0.610216 0.073958 0.062740
15 0.301563 0.701322 0.104167 0.051202
15 0.188281 0.733173 0.108854 0.064904
15 0.101562 0.735697 0.064583 0.036779
15 0.031771 0.723077 0.062500 0.059135
15 0.072656 0.773077 0.120313 0.063462
15 0.173177 0.791466 0.108854 0.074760
15 0.108594 0.833774 0.105729 0.054567
15 0.038542 0.806731 0.076042 0.052404
15 0.049740 0.868029 0.094271 0.068269
15 0.191667 0.862019 0.128125 0.067788
15 0.148177 0.910337 0.105729 0.083654
15 0.422135 0.736298 0.101562 0.050481
15 0.513802 0.736058 0.098437 0.043750
15 0.603646 0.733534 0.121875 0.047356
15 0.645833 0.772957 0.096875 0.043029
15 0.743750 0.761899 0.120833 0.070433
15 0.884375 0.745433 0.138542 0.042308
15 0.970833 0.772115 0.058333 0.066346
15 0.883073 0.795072 0.129688 0.064663
15 0.966667 0.828966 0.066667 0.048798
15 0.817969 0.847957 0.172396 0.057452
15 0.857031 0.898918 0.129688 0.053125
15 0.740625 0.906490 0.100000 0.069231
15 0.773177 0.950841 0.105729 0.058413
15 0.640625 0.921514 0.078125 0.063221
15 0.646875 0.858413 0.095833 0.062981
15 0.555729 0.822356 0.135417 0.048077
15 0.449479 0.853486 0.122917 0.039183
15 0.546875 0.898678 0.129167 0.076683
15 0.543229 0.956851 0.113542 0.042548
15 0.428646 0.893510 0.126042 0.047115
15 0.429948 0.951562 0.115104 0.068990
15 0.338542 0.927404 0.077083 0.052885
15 0.278646 0.889062 0.096875 0.053606
15 0.259896 0.936538 0.117708 0.097115
15 0.310937 0.840385 0.131250 0.050000
15 0.049479 0.933534 0.097917 0.051202
15 0.341406 0.790986 0.171354 0.049760
15 0.329948 0.747476 0.177604 0.038702
15 0.519792 0.783654 0.157292 0.044231
