15 0.211458 0.019351 0.135417 0.038221
15 0.120052 0.019351 0.066146 0.038221
15 0.065885 0.024880 0.085938 0.049279
15 0.039583 0.052043 0.078125 0.066106
15 0.169010 0.069351 0.142187 0.071394
15 0.039583 0.100962 0.078125 0.033654
15 0.307292 0.036298 0.112500 0.050481
15 0.425781 0.029327 0.089063 0.033654
15 0.331771 0.065264 0.127083 0.052644
15 0.274740 0.114423 0.117188 0.051442
15 0.390625 0.123678 0.130208 0.058894
15 0.426823 0.075601 0.119271 0.055048
15 0.552083 0.066466 0.151042 0.053606
15 0.520573 0.112861 0.098437 0.043510
15 0.628125 0.115144 0.107292 0.049038
15 0.707552 0.086899 0.195312 0.052644
15 0.844010 0.079327 0.083854 0.060577
15 0.702604 0.055048 0.103125 0.034135
15 0.594792 0.020673 0.123958 0.040865
15 0.718750 0.019712 0.102083 0.036538
15 0.854688 0.034014 0.191667 0.038221
15 0.941667 0.046514 0.101042 0.039183
15 0.911719 0.092909 0.075521 0.033413
15 0.846615 0.141106 0.175521 0.060096
15 0.940625 0.191106 0.118750 0.057692
15 0.743229 0.157572 0.079167 0.043510
15 0.639844 0.159014 0.150521 0.046394
15 0.544531 0.179207 0.094271 0.054087
15 0.461458 0.164062 0.095833 0.068510
15 0.354687 0.200120 0.129167 0.053606
15 0.242708 0.174279 0.131250 0.070192
15 0.173698 0.133774 0.086979 0.064183
15 0.070312 0.128966 0.131250 0.063702
15 0.032813 0.100481 0.064583 0.035577
15 0.038802 0.186779 0.076563 0.050000
15 0.119792 0.184255 0.106250 0.062260
15 0.196615 0.226683 0.149479 0.060577
15 0.059635 0.244111 0.118229 0.058413
15 0.024740 0.302885 0.048438 0.048077
15 0.140365 0.287500 0.119271 0.047115
15 0.073698 0.308173 0.061979 0.046635
15 0.238021 0.269952 0.078125 0.044231
15 0.324740 0.263942 0.089063 0.063942
15 0.447917 0.230409 0.139583 0.081971
15 0.623958 0.231130 0.158333 0.049760
15 0.677344 0.195072 0.084896 0.031490
15 0.767448 0.206490 0.108854 0.084615
15 0.863281 0.223077 0.088021 0.046635
15 0.755469 0.263101 0.134896 0.029567
15 0.884115 0.270433 0.174479 0.055288
15 0.943229 0.302524 0.100000 0.050240
15 0.967708 0.336298 0.064583 0.041346
15 0.861198 0.338221 0.124479 0.049519
15 0.740104 0.315505 0.130208 0.055048
15 0.645052 0.284014 0.065104 0.042067
15 0.549219 0.268269 0.145313 0.049519
15 0.475521 0.303966 0.084375 0.053125
15 0.564583 0.318990 0.110417 0.043269
15 0.364844 0.320312 0.181771 0.054567
15 0.210677 0.310937 0.139063 0.041106
15 0.205729 0.347596 0.109375 0.045192
15 0.108333 0.363582 0.109375 0.067067
15 0.030729 0.371755 0.060417 0.065625
15 0.087500 0.424159 0.096875 0.043029
15 0.019271 0.426082 0.037500 0.031010
15 0.164323 0.404087 0.091146 0.048077
15 0.275000 0.387620 0.132292 0.068990
15 0.406510 0.363822 0.135937 0.057452
15 0.521094 0.356010 0.101562 0.038942
15 0.657552 0.346995 0.117188 0.042067
15 0.801562 0.384135 0.163542 0.040865
15 0.942969 0.383413 0.114062 0.056731
15 0.853125 0.412861 0.091667 0.032452
15 0.800521 0.435457 0.131250 0.038702
15 0.677865 0.420673 0.131771 0.077885
15 0.551042 0.396154 0.179167 0.044231
15 0.500000 0.429928 0.107292 0.035337
15 0.971094 0.440745 0.057813 0.062260
15 0.338021 0.420793 0.103125 0.054087
15 0.249219 0.445673 0.126562 0.050000
15 0.186979 0.478005 0.126042 0.054567
15 0.079167 0.471274 0.105208 0.063221
15 0.017188 0.480529 0.033333 0.057692
15 0.151562 0.523798 0.105208 0.059135
15 0.083073 0.526803 0.061979 0.040144
15 0.367188 0.453846 0.100000 0.036058
15 0.476042 0.467909 0.113542 0.055529
15 0.554688 0.471274 0.052083 0.037260
15 0.626302 0.489543 0.123438 0.043510
15 0.730990 0.475721 0.055729 0.046154
15 0.874219 0.496394 0.196354 0.083173
15 0.908594 0.451202 0.067187 0.038942
15 0.317188 0.494952 0.134375 0.049519
15 0.242969 0.557692 0.066146 0.083654
15 0.314844 0.538702 0.125521 0.046635
15 0.335417 0.580649 0.126042 0.033413
15 0.451042 0.560096 0.135417 0.063462
15 0.436458 0.510337 0.100000 0.045192
15 0.533594 0.522356 0.096354 0.048077
15 0.630729 0.538582 0.112500 0.038702
15 0.732031 0.532332 0.118229 0.040144
15 0.633594 0.577163 0.094271 0.042788
15 0.738021 0.581731 0.106250 0.062500
15 0.524740 0.589904 0.096354 0.063942
15 0.856510 0.544471 0.121354 0.047115
15 0.899219 0.584736 0.172396 0.051683
15 0.949219 0.632812 0.101562 0.051683
15 0.859635 0.639904 0.071354 0.036058
15 0.798438 0.624038 0.107292 0.050962
15 0.651563 0.625240 0.182292 0.040385
15 0.688802 0.668029 0.116146 0.047115
15 0.563802 0.668510 0.138021 0.061058
15 0.417448 0.663341 0.131771 0.051683
15 0.413281 0.616226 0.120313 0.034375
15 0.295312 0.622716 0.136458 0.038702
15 0.261719 0.650481 0.080729 0.035096
15 0.159115 0.628365 0.144271 0.048558
15 0.144531 0.575962 0.119271 0.045192
15 0.043229 0.577404 0.085417 0.061058
15 0.068490 0.631731 0.086979 0.039423
15 0.027604 0.658534 0.054167 0.043990
15 0.072656 0.681250 0.118229 0.048558
15 0.090625 0.717668 0.103125 0.031010
15 0.192188 0.684615 0.102083 0.062981
15 0.272656 0.687139 0.060937 0.042067
15 0.339323 0.655288 0.053646 0.034615
15 0.336719 0.723437 0.134896 0.062740
15 0.469531 0.716346 0.126562 0.060577
15 0.636719 0.725120 0.122396 0.063221
15 0.736458 0.700120 0.059375 0.046875
15 0.830990 0.696154 0.120313 0.073077
15 0.949219 0.693029 0.101562 0.060096
15 0.968229 0.747716 0.063542 0.045913
15 0.881510 0.737139 0.093229 0.033894
15 0.791927 0.745433 0.144271 0.037500
15 0.775781 0.784014 0.116146 0.059375
15 0.894531 0.786538 0.117188 0.044712
15 0.623437 0.789303 0.183333 0.064183
15 0.499479 0.773317 0.134375 0.060096
15 0.397917 0.759736 0.087500 0.056010
15 0.261198 0.805769 0.152604 0.094231
15 0.205469 0.743269 0.110937 0.047115
15 0.077083 0.756250 0.130208 0.050962
15 0.065365 0.790745 0.113021 0.018990
15 0.117969 0.829567 0.116146 0.069712
15 0.035156 0.841106 0.069271 0.057692
15 0.084896 0.893630 0.086458 0.055529
15 0.018750 0.906130 0.036458 0.055529
15 0.063802 0.943990 0.126562 0.061058
15 0.200521 0.887380 0.151042 0.067067
15 0.238802 0.930409 0.143229 0.055048
15 0.183854 0.967909 0.132292 0.054567
15 0.104427 0.986538 0.132812 0.026923
15 0.340104 0.972236 0.156250 0.055529
15 0.359896 0.915505 0.120833 0.066106
15 0.382292 0.850361 0.102083 0.076202
15 0.457552 0.820312 0.148438 0.049279
15 0.486458 0.880889 0.112500 0.066106
15 0.602865 0.864904 0.118229 0.075000
15 0.711458 0.850361 0.111458 0.060337
15 0.832031 0.856731 0.140104 0.096635
15 0.953646 0.854567 0.092708 0.063462
15 0.870313 0.909976 0.100000 0.037260
15 0.736458 0.905288 0.115625 0.049519
15 0.613802 0.921154 0.118229 0.035577
15 0.502083 0.917668 0.094792 0.030529
15 0.448437 0.948077 0.073958 0.033173
15 0.516146 0.974038 0.111458 0.051923
15 0.645312 0.973197 0.133333 0.053606
15 0.810156 0.955048 0.170313 0.044231
15 0.757031 0.988582 0.107813 0.022837
15 0.885156 0.987019 0.094271 0.025962
15 0.952083 0.971755 0.078125 0.056490
15 0.959896 0.916947 0.075000 0.049279
