15 0.980288 0.045052 0.039423 0.071354
15 0.946514 0.039583 0.045913 0.078125
15 0.893149 0.077604 0.060817 0.111458
15 0.856250 0.045833 0.054327 0.086458
15 0.809495 0.084635 0.050721 0.106771
15 0.831971 0.140625 0.058173 0.078125
15 0.854447 0.223438 0.051683 0.108333
15 0.889062 0.285677 0.050721 0.131771
15 0.942548 0.310677 0.065865 0.126562
15 0.973317 0.183073 0.053365 0.131771
15 0.988822 0.323958 0.022356 0.159375
15 0.943389 0.431250 0.074760 0.146875
15 0.981370 0.490104 0.037260 0.101042
15 0.927644 0.571094 0.078365 0.081771
15 0.983413 0.583854 0.033173 0.072917
15 0.979688 0.695573 0.040625 0.159896
15 0.934375 0.682813 0.042788 0.125000
15 0.963702 0.827083 0.059615 0.144792
15 0.885096 0.439844 0.041827 0.159896
15 0.852524 0.525521 0.058894 0.138542
15 0.791587 0.490885 0.056731 0.131771
15 0.842548 0.386458 0.057692 0.127083
15 0.813221 0.317969 0.044231 0.119271
15 0.790865 0.237240 0.060096 0.118229
15 0.744952 0.162500 0.063462 0.080208
15 0.750000 0.084375 0.069231 0.096875
15 0.784495 0.028125 0.047356 0.055208
15 0.708894 0.033854 0.062019 0.066667
15 0.691707 0.150781 0.039663 0.140104
15 0.667788 0.083854 0.035096 0.089583
15 0.661779 0.202083 0.038462 0.133333
15 0.693870 0.288802 0.041587 0.128646
15 0.737620 0.259896 0.044952 0.123958
15 0.724880 0.361458 0.031971 0.103125
15 0.762740 0.370833 0.048077 0.101042
15 0.742548 0.461198 0.035096 0.102604
15 0.741466 0.555990 0.045913 0.086979
15 0.709856 0.498177 0.029808 0.119271
15 0.781130 0.622656 0.064663 0.129688
15 0.828005 0.643750 0.042548 0.094792
15 0.880649 0.671615 0.051683 0.152604
15 0.862740 0.735417 0.037500 0.105208
15 0.800481 0.752604 0.067788 0.135417
15 0.904207 0.828125 0.064663 0.128125
15 0.848317 0.872656 0.067308 0.157812
15 0.923918 0.938802 0.061298 0.122396
15 0.979207 0.974479 0.032933 0.051042
15 0.881611 0.975000 0.025240 0.050000
15 0.847476 0.982552 0.043029 0.034896
15 0.807933 0.952604 0.031731 0.069792
15 0.785697 0.894010 0.051202 0.128646
15 0.751442 0.831250 0.054327 0.103125
15 0.735337 0.948438 0.046635 0.103125
15 0.719591 0.751042 0.061779 0.071875
15 0.684014 0.826562 0.061298 0.206250
15 0.694471 0.957031 0.034135 0.085938
15 0.654207 0.976302 0.036779 0.047396
15 0.633534 0.923698 0.056490 0.110937
15 0.622115 0.846615 0.038942 0.094271
15 0.596394 0.814844 0.042308 0.139063
15 0.575120 0.892969 0.034856 0.070312
15 0.588462 0.963021 0.043269 0.073958
15 0.550601 0.967708 0.045433 0.064583
15 0.507212 0.939844 0.048558 0.110937
15 0.539784 0.898438 0.025721 0.063542
15 0.545312 0.810156 0.060817 0.129688
15 0.496875 0.839323 0.035577 0.091146
15 0.648317 0.758333 0.037019 0.119792
15 0.674880 0.672917 0.042548 0.077083
15 0.724639 0.663021 0.057933 0.125000
15 0.663942 0.616146 0.046635 0.095833
15 0.632091 0.599219 0.047356 0.122396
15 0.606370 0.690885 0.058413 0.109896
15 0.555769 0.704688 0.039904 0.104167
15 0.517668 0.704167 0.043990 0.133333
15 0.562500 0.628385 0.037500 0.071354
15 0.598798 0.581250 0.025481 0.096875
15 0.673918 0.515104 0.068510 0.092708
15 0.670553 0.457552 0.062740 0.038021
15 0.620913 0.411458 0.033173 0.108333
15 0.597716 0.438542 0.048798 0.183333
15 0.673918 0.388542 0.065144 0.085417
15 0.654928 0.317188 0.036298 0.106250
15 0.602404 0.315625 0.066346 0.077083
15 0.619111 0.244010 0.064183 0.069271
15 0.626563 0.165365 0.039663 0.067187
15 0.627764 0.065365 0.044952 0.107813
15 0.660216 0.012760 0.025721 0.024479
15 0.587740 0.063542 0.031731 0.077083
15 0.591707 0.012500 0.038221 0.023958
15 0.575601 0.176823 0.049760 0.138021
15 0.563942 0.276042 0.041346 0.078125
15 0.543750 0.342187 0.037019 0.102083
15 0.555168 0.410677 0.043029 0.117188
15 0.512139 0.389844 0.046394 0.073438
15 0.501082 0.300260 0.036298 0.085938
15 0.530529 0.244010 0.044712 0.117188
15 0.500841 0.165104 0.077644 0.094792
15 0.530048 0.104948 0.039904 0.083854
15 0.544351 0.048177 0.062260 0.095312
15 0.494111 0.047396 0.040625 0.093750
15 0.563341 0.528906 0.041106 0.124479
15 0.530529 0.557292 0.032692 0.118750
15 0.496274 0.659375 0.047837 0.119792
15 0.488101 0.593750 0.033894 0.050000
15 0.475721 0.778906 0.036058 0.071354
15 0.445312 0.870573 0.063221 0.142187
15 0.448077 0.968750 0.065385 0.062500
15 0.391226 0.903906 0.058413 0.139063
15 0.388582 0.982812 0.048798 0.034375
15 0.325120 0.926562 0.054567 0.123958
15 0.284255 0.874219 0.061779 0.115104
15 0.325361 0.757292 0.034856 0.133333
15 0.377284 0.768229 0.065144 0.128125
15 0.447236 0.737240 0.034375 0.099479
15 0.406490 0.700260 0.050000 0.090104
15 0.425962 0.620833 0.037981 0.095833
15 0.456250 0.648698 0.028846 0.079687
15 0.468149 0.517448 0.066587 0.123438
15 0.406611 0.521094 0.057452 0.116146
15 0.373317 0.622135 0.057212 0.111979
15 0.319231 0.650000 0.048077 0.086458
15 0.270433 0.614583 0.050962 0.143750
15 0.301803 0.581771 0.082452 0.061458
15 0.306851 0.510417 0.059856 0.129167
15 0.355769 0.518229 0.035096 0.093750
15 0.378966 0.448437 0.065144 0.119792
15 0.466707 0.430469 0.027163 0.053646
15 0.508173 0.452344 0.057212 0.097396
15 0.432212 0.412500 0.035577 0.086458
15 0.470913 0.369010 0.037019 0.065104
15 0.448678 0.314063 0.061298 0.102083
15 0.474399 0.227865 0.056971 0.094271
15 0.427163 0.179167 0.038942 0.093750
15 0.396755 0.297656 0.058894 0.142187
15 0.356611 0.377604 0.036779 0.072917
15 0.321635 0.406771 0.037019 0.110417
15 0.274880 0.356510 0.052644 0.157812
15 0.266587 0.423958 0.034135 0.093750
15 0.249159 0.492708 0.052163 0.089583
15 0.274279 0.970052 0.045673 0.059896
15 0.226923 0.938021 0.055769 0.123958
15 0.177885 0.969010 0.047596 0.061979
15 0.178245 0.896615 0.074279 0.148438
15 0.142067 0.956510 0.018269 0.086979
15 0.173678 0.803385 0.058894 0.122396
15 0.222837 0.723177 0.038462 0.114062
15 0.258654 0.799740 0.079327 0.116146
15 0.264062 0.685156 0.042067 0.100521
15 0.225481 0.619271 0.055769 0.107292
15 0.170192 0.621354 0.052885 0.157292
15 0.106490 0.900260 0.062019 0.134896
15 0.046394 0.972656 0.063942 0.054688
15 0.044471 0.888542 0.058173 0.095833
15 0.024038 0.807813 0.045673 0.115625
15 0.098317 0.769531 0.049038 0.118229
15 0.060577 0.753646 0.032692 0.145833
15 0.009976 0.717187 0.019471 0.085417
15 0.031851 0.627865 0.060817 0.102604
15 0.085457 0.628906 0.049279 0.145313
15 0.118389 0.621615 0.057933 0.103646
15 0.128005 0.520052 0.065625 0.107813
15 0.039303 0.536458 0.078125 0.089583
15 0.009255 0.461979 0.018029 0.056250
15 0.079928 0.461719 0.044471 0.161979
15 0.143750 0.419271 0.049038 0.087500
15 0.180288 0.361198 0.064423 0.118229
15 0.218630 0.305990 0.060337 0.113021
15 0.108293 0.354948 0.074279 0.073438
15 0.044712 0.360677 0.069712 0.090104
15 0.026803 0.272917 0.053125 0.075000
15 0.072115 0.257552 0.049038 0.107813
15 0.116587 0.269792 0.062019 0.092708
15 0.166947 0.239583 0.053606 0.105208
15 0.219231 0.188021 0.051442 0.123958
15 0.262500 0.242969 0.032212 0.082812
15 0.295312 0.173958 0.040144 0.133333
15 0.343990 0.183854 0.030288 0.106250
15 0.318389 0.283333 0.062740 0.121875
15 0.141106 0.170833 0.048077 0.091667
15 0.179808 0.102083 0.037019 0.158333
15 0.136899 0.084635 0.055529 0.079687
15 0.097115 0.132812 0.056250 0.084375
15 0.042548 0.169010 0.059615 0.127604
15 0.049038 0.062500 0.053365 0.096875
15 0.096274 0.047135 0.042548 0.080729
15 0.156971 0.019010 0.039423 0.036979
15 0.209375 0.015365 0.033654 0.029687
15 0.228606 0.066146 0.050000 0.119792
15 0.253846 0.150521 0.040865 0.069792
15 0.279447 0.055990 0.049279 0.092188
15 0.331611 0.038021 0.057452 0.075000
15 0.378365 0.022656 0.031250 0.044271
15 0.367067 0.110677 0.058173 0.090104
15 0.316827 0.130208 0.044712 0.072917
15 0.417308 0.057292 0.065865 0.098958
15 0.461659 0.022917 0.022837 0.044792
15 0.461659 0.113542 0.043990 0.085417
