15 0.905889 0.050260 0.074760 0.099479
15 0.892067 0.158594 0.081250 0.086979
15 0.887500 0.287500 0.063462 0.153125
15 0.896875 0.411458 0.058654 0.102083
15 0.836538 0.369010 0.054327 0.066146
15 0.845553 0.245312 0.040625 0.146875
15 0.846635 0.100521 0.072596 0.103125
15 0.802644 0.171615 0.043269 0.120313
15 0.850962 0.461719 0.054327 0.098437
15 0.912380 0.519531 0.060817 0.123438
15 0.955889 0.612500 0.056010 0.139583
15 0.992788 0.559115 0.014423 0.119271
15 0.953486 0.730208 0.058894 0.091667
15 0.984014 0.821615 0.031971 0.144271
15 0.942668 0.847135 0.060337 0.147396
15 0.963942 0.955469 0.065865 0.069271
15 0.895553 0.972917 0.077644 0.054167
15 0.883053 0.912500 0.054567 0.076042
15 0.871034 0.868490 0.065625 0.143229
15 0.807692 0.934375 0.059615 0.115625
15 0.749159 0.935677 0.049760 0.101562
15 0.710697 0.972396 0.035817 0.055208
15 0.696635 0.906250 0.056731 0.082292
15 0.738822 0.842448 0.059856 0.098437
15 0.795673 0.845573 0.066827 0.108854
15 0.861538 0.754167 0.057692 0.083333
15 0.849880 0.664844 0.043990 0.088021
15 0.906971 0.615625 0.047115 0.105208
15 0.899279 0.715104 0.044231 0.105208
15 0.864543 0.571615 0.051683 0.111979
15 0.813221 0.590104 0.058173 0.093750
15 0.801322 0.701823 0.058894 0.184896
15 0.740865 0.715625 0.043750 0.127083
15 0.760216 0.599479 0.040625 0.086458
15 0.787139 0.503385 0.078606 0.075521
15 0.797356 0.444792 0.057212 0.127083
15 0.724880 0.429167 0.056490 0.114583
15 0.717187 0.545573 0.063702 0.148438
15 0.685337 0.655990 0.054327 0.130729
15 0.687500 0.757292 0.075000 0.092708
15 0.688822 0.833073 0.035817 0.068229
15 0.647356 0.855208 0.043750 0.116667
15 0.622837 0.904948 0.044712 0.077604
15 0.612981 0.974740 0.053846 0.050521
15 0.580409 0.929427 0.039183 0.109896
15 0.537861 0.965625 0.065144 0.068750
15 0.557452 0.866667 0.024038 0.084375
15 0.593750 0.823438 0.041346 0.092708
15 0.624399 0.744010 0.051202 0.195312
15 0.578486 0.656771 0.051202 0.117708
15 0.540264 0.738281 0.065625 0.066146
15 0.616947 0.595833 0.045913 0.133333
15 0.662620 0.544531 0.032452 0.101562
15 0.677885 0.442188 0.046154 0.103125
15 0.626322 0.466406 0.058413 0.107813
15 0.612500 0.407813 0.052885 0.102083
15 0.651683 0.342448 0.027885 0.068229
15 0.572837 0.540885 0.033654 0.085938
15 0.536418 0.539323 0.040625 0.098437
15 0.517308 0.644010 0.061538 0.108854
15 0.482091 0.678385 0.042067 0.085938
15 0.456010 0.772396 0.066827 0.132292
15 0.481250 0.944010 0.043750 0.111979
15 0.442308 0.960938 0.033173 0.078125
15 0.403005 0.947656 0.041106 0.104688
15 0.367548 0.884635 0.038462 0.120313
15 0.401442 0.822135 0.049519 0.148438
15 0.404207 0.714583 0.050721 0.134375
15 0.421274 0.676302 0.040144 0.080729
15 0.428726 0.612760 0.045433 0.106771
15 0.465264 0.559115 0.058894 0.109896
15 0.506130 0.432292 0.047356 0.185417
15 0.446635 0.459375 0.058654 0.075000
15 0.401202 0.489323 0.051442 0.086979
15 0.381370 0.577865 0.066106 0.110937
15 0.355409 0.711719 0.050721 0.144271
15 0.305288 0.744531 0.048558 0.150521
15 0.317668 0.866146 0.064663 0.092708
15 0.280649 0.955208 0.055048 0.089583
15 0.339183 0.979948 0.089904 0.040104
15 0.230769 0.937760 0.047115 0.088021
15 0.183173 0.913021 0.056731 0.128125
15 0.211538 0.819531 0.037500 0.160938
15 0.255048 0.844271 0.056250 0.113542
15 0.240144 0.722917 0.065865 0.125000
15 0.108413 0.965625 0.056731 0.068750
15 0.130048 0.852865 0.061538 0.100521
15 0.123197 0.741927 0.065625 0.128646
15 0.187981 0.678125 0.052404 0.137500
15 0.130048 0.627865 0.057212 0.106771
15 0.044952 0.753906 0.089423 0.141146
15 0.019111 0.356250 0.037740 0.126042
15 0.082572 0.254688 0.042067 0.084375
15 0.123918 0.325260 0.065144 0.098437
15 0.150361 0.395573 0.063702 0.089063
15 0.117548 0.499740 0.053365 0.121354
15 0.174399 0.465104 0.061298 0.112500
15 0.232452 0.458854 0.048077 0.122917
15 0.285817 0.502865 0.068269 0.127604
15 0.328245 0.589583 0.035817 0.134375
15 0.285096 0.670573 0.062500 0.141146
15 0.242548 0.584896 0.057692 0.127083
15 0.198077 0.555469 0.048077 0.119271
15 0.290865 0.398177 0.075481 0.079687
15 0.361058 0.422917 0.043750 0.115625
15 0.418269 0.398177 0.049038 0.066146
15 0.474038 0.382292 0.062500 0.094792
15 0.463101 0.303125 0.050240 0.050000
15 0.410938 0.333594 0.091106 0.091146
15 0.340264 0.307812 0.082452 0.095833
15 0.285697 0.285677 0.036298 0.138021
15 0.229687 0.311198 0.081010 0.163021
15 0.159135 0.238281 0.066346 0.130729
15 0.193870 0.153906 0.041587 0.091146
15 0.236659 0.145052 0.045913 0.127604
15 0.300721 0.141667 0.082212 0.094792
15 0.337139 0.217448 0.054567 0.081771
15 0.354207 0.117448 0.031971 0.085938
15 0.390505 0.158073 0.049279 0.161979
15 0.405889 0.264323 0.031010 0.044271
15 0.435337 0.215625 0.029808 0.094792
15 0.484976 0.252865 0.064183 0.078646
15 0.525361 0.194792 0.045433 0.106250
15 0.465745 0.153646 0.051202 0.103125
15 0.426803 0.126042 0.021394 0.068750
15 0.434856 0.044010 0.032212 0.068229
15 0.399760 0.038802 0.037981 0.069271
15 0.355769 0.030469 0.048077 0.059896
15 0.328486 0.052083 0.050240 0.072917
15 0.267188 0.046094 0.059856 0.091146
15 0.203005 0.020833 0.050240 0.040625
15 0.158173 0.038021 0.058654 0.075000
15 0.132212 0.101042 0.071154 0.122917
15 0.106611 0.027083 0.034856 0.053125
15 0.050962 0.113281 0.067788 0.153646
15 0.480529 0.090885 0.058173 0.159896
15 0.548918 0.079687 0.069952 0.101042
15 0.522716 0.036458 0.037740 0.071875
15 0.596394 0.060677 0.025000 0.057813
15 0.597236 0.143490 0.063221 0.077604
15 0.601202 0.218490 0.072115 0.100521
15 0.649880 0.242969 0.034856 0.105729
15 0.621514 0.303125 0.022837 0.080208
15 0.586538 0.317708 0.054327 0.155208
15 0.532332 0.309896 0.041106 0.105208
15 0.747356 0.330469 0.042788 0.139063
15 0.705048 0.273438 0.086538 0.145833
15 0.680529 0.149219 0.049038 0.179688
15 0.636298 0.063542 0.043750 0.126042
15 0.683774 0.029427 0.039663 0.057813
15 0.723558 0.043229 0.037019 0.071875
15 0.770553 0.061719 0.056971 0.122396
15 0.749760 0.166667 0.072115 0.154167
15 0.811538 0.029427 0.028846 0.057813
15 0.849279 0.021875 0.042788 0.042708
