15 0.955729 0.072236 0.088542 0.056971
15 0.960938 0.125721 0.078125 0.050000
15 0.985938 0.166466 0.028125 0.029087
15 0.953646 0.204567 0.092708 0.061538
15 0.878906 0.189423 0.085938 0.058654
15 0.871354 0.142788 0.092708 0.043750
15 0.869271 0.107212 0.121875 0.034615
15 0.836458 0.066827 0.135417 0.048558
15 0.696094 0.053365 0.081771 0.056250
15 0.561719 0.040745 0.101562 0.050240
15 0.579167 0.092067 0.138542 0.038462
15 0.451042 0.107572 0.082292 0.041587
15 0.358854 0.088462 0.068750 0.068269
15 0.407552 0.051202 0.094271 0.052885
15 0.182031 0.124880 0.104688 0.037260
15 0.213542 0.151442 0.104167 0.039904
15 0.321615 0.157212 0.115104 0.047596
15 0.077083 0.145072 0.108333 0.047356
15 0.439063 0.171995 0.133333 0.051683
15 0.547135 0.168630 0.085938 0.072837
15 0.640365 0.119591 0.124479 0.050721
15 0.745573 0.121995 0.088021 0.067067
15 0.799479 0.168510 0.067708 0.054808
15 0.659115 0.168870 0.140104 0.044471
15 0.726042 0.217188 0.090625 0.067548
15 0.805729 0.262861 0.087500 0.059856
15 0.911198 0.243750 0.101562 0.070192
15 0.947135 0.291226 0.093229 0.028606
15 0.981510 0.263462 0.036979 0.032212
15 0.967969 0.315264 0.064062 0.047356
15 0.851042 0.299038 0.114583 0.032212
15 0.770052 0.320673 0.095312 0.042788
15 0.700260 0.331611 0.096354 0.032933
15 0.694531 0.286058 0.126562 0.048077
15 0.654687 0.251442 0.095833 0.038462
15 0.625521 0.221755 0.078125 0.049760
15 0.556771 0.229567 0.075000 0.058173
15 0.454688 0.258774 0.129167 0.072356
15 0.514844 0.283534 0.063021 0.029087
15 0.588021 0.284135 0.095833 0.040385
15 0.614062 0.313822 0.073958 0.023798
15 0.574219 0.336779 0.109896 0.043750
15 0.560937 0.371755 0.111458 0.034856
15 0.455208 0.312740 0.064583 0.023558
15 0.521094 0.314663 0.067187 0.025962
15 0.326042 0.309375 0.092708 0.034135
15 0.346615 0.269471 0.063021 0.042788
15 0.376042 0.221034 0.132292 0.052644
15 0.248438 0.204327 0.125000 0.052885
15 0.144792 0.235337 0.147917 0.042788
15 0.106771 0.199038 0.115625 0.037500
15 0.030208 0.203846 0.059375 0.051923
15 0.038802 0.248678 0.065104 0.041587
15 0.132552 0.280769 0.109896 0.035577
15 0.076563 0.301923 0.080208 0.034135
15 0.017448 0.287740 0.033854 0.017788
15 0.028385 0.330889 0.044271 0.033894
15 0.086198 0.345072 0.088021 0.049760
15 0.211458 0.334856 0.162500 0.063942
15 0.373958 0.353966 0.076042 0.064183
15 0.417448 0.393870 0.058854 0.020913
15 0.454948 0.365264 0.074479 0.083894
15 0.556250 0.403606 0.136458 0.025000
15 0.653385 0.383654 0.071354 0.037500
15 0.697396 0.421875 0.077083 0.054327
15 0.830469 0.394351 0.096354 0.051202
15 0.749479 0.375120 0.123958 0.051683
15 0.897135 0.401803 0.072396 0.042548
15 0.970833 0.397957 0.058333 0.071875
15 0.970052 0.458173 0.059896 0.037981
15 0.900260 0.445673 0.098437 0.038942
15 0.839063 0.433053 0.081250 0.057452
15 0.769010 0.456370 0.075521 0.040144
15 0.669010 0.454207 0.119271 0.043029
15 0.695573 0.484615 0.119271 0.029327
15 0.807813 0.497716 0.078125 0.059375
15 0.883594 0.497356 0.063021 0.051923
15 0.960938 0.507332 0.078125 0.051683
15 0.977604 0.547716 0.044792 0.032933
15 0.928646 0.566827 0.094792 0.047115
15 0.825781 0.545072 0.092188 0.044952
15 0.752604 0.531731 0.091667 0.051442
15 0.669792 0.512981 0.077083 0.024038
15 0.664062 0.545793 0.108333 0.043029
15 0.579688 0.506370 0.082292 0.043990
15 0.589844 0.472236 0.070312 0.029567
15 0.584115 0.434615 0.122396 0.066827
15 0.502865 0.446394 0.051562 0.034615
15 0.453385 0.425601 0.096354 0.039183
15 0.425781 0.457692 0.098437 0.027404
15 0.487500 0.492067 0.142708 0.062019
15 0.354167 0.429928 0.100000 0.052644
15 0.291927 0.381731 0.098437 0.075000
15 0.287500 0.444111 0.057292 0.051683
15 0.239844 0.427644 0.049479 0.029327
15 0.200000 0.391827 0.115625 0.047596
15 0.117708 0.388822 0.052083 0.044952
15 0.054688 0.406731 0.090625 0.061058
15 0.022656 0.375000 0.044271 0.054327
15 0.033594 0.455168 0.066146 0.037260
15 0.167448 0.443389 0.138021 0.061779
15 0.110677 0.482812 0.101562 0.044952
15 0.191927 0.488101 0.049479 0.024760
15 0.250781 0.476202 0.090104 0.041827
15 0.330990 0.481851 0.075521 0.048798
15 0.397656 0.495433 0.080729 0.059615
15 0.064323 0.517308 0.071354 0.044231
15 0.017448 0.488822 0.033854 0.024760
15 0.096094 0.531370 0.053646 0.045913
15 0.174479 0.529207 0.138542 0.049760
15 0.257031 0.518269 0.075521 0.046154
15 0.339062 0.536779 0.108333 0.065385
15 0.438542 0.556010 0.079167 0.043269
15 0.513021 0.549159 0.088542 0.055529
15 0.578125 0.568510 0.073958 0.072115
15 0.686458 0.595553 0.128125 0.058894
15 0.763281 0.593029 0.079687 0.072596
15 0.834896 0.596635 0.072917 0.040385
15 0.914844 0.608053 0.092188 0.046875
15 0.981510 0.606851 0.036979 0.055048
15 0.899740 0.653125 0.085938 0.045192
15 0.816667 0.640625 0.098958 0.028365
15 0.709115 0.645553 0.069271 0.054087
15 0.637500 0.641947 0.086458 0.053125
15 0.569010 0.657813 0.075521 0.029087
15 0.522135 0.648438 0.088021 0.043029
15 0.541146 0.604087 0.087500 0.051923
15 0.459115 0.600721 0.106771 0.042308
15 0.392448 0.625000 0.085938 0.044231
15 0.346094 0.581971 0.105729 0.026923
15 0.305990 0.599159 0.067187 0.041587
15 0.304688 0.646274 0.102083 0.067548
15 0.233333 0.628726 0.069792 0.047837
15 0.165625 0.623918 0.156250 0.060337
15 0.234115 0.564543 0.147396 0.035817
15 0.091667 0.586659 0.131250 0.062740
15 0.026823 0.563582 0.052604 0.056971
15 0.044010 0.645553 0.086979 0.056490
15 0.069531 0.670553 0.082812 0.031971
15 0.188021 0.673678 0.125000 0.042067
15 0.962500 0.684495 0.075000 0.066106
15 0.985938 0.749519 0.028125 0.055769
15 0.922656 0.735096 0.083854 0.064423
15 0.874219 0.745553 0.073438 0.063702
15 0.788802 0.720192 0.097396 0.061538
15 0.762760 0.668750 0.058854 0.035577
15 0.729167 0.712260 0.098958 0.062981
15 0.680208 0.700000 0.051042 0.057692
15 0.619792 0.698918 0.083333 0.069471
15 0.533594 0.694231 0.082812 0.041346
15 0.417708 0.686659 0.142708 0.039663
15 0.386198 0.674038 0.057813 0.043750
15 0.486979 0.726923 0.140625 0.053365
15 0.383854 0.739904 0.078125 0.039904
15 0.310677 0.716707 0.076563 0.046875
15 0.250260 0.698558 0.106771 0.036058
15 0.127344 0.691226 0.098437 0.031010
15 0.029427 0.724038 0.057813 0.080288
15 0.105729 0.730048 0.116667 0.071154
15 0.182031 0.732933 0.059896 0.032212
15 0.264062 0.745793 0.109375 0.047837
15 0.356250 0.773678 0.129167 0.046875
15 0.439844 0.796394 0.088021 0.054327
15 0.233333 0.793389 0.110417 0.049279
15 0.156510 0.776923 0.064062 0.058173
15 0.060937 0.784736 0.120833 0.050240
15 0.118229 0.813942 0.086458 0.024519
15 0.052865 0.843750 0.104688 0.044231
15 0.530729 0.797115 0.091667 0.077404
15 0.496615 0.828966 0.075521 0.063702
15 0.646875 0.831490 0.131250 0.036058
15 0.716667 0.801923 0.055208 0.042308
15 0.783854 0.821995 0.073958 0.065144
15 0.802865 0.774038 0.090104 0.064904
15 0.886458 0.782091 0.071875 0.028606
15 0.963802 0.792909 0.072396 0.045913
15 0.889844 0.825120 0.094271 0.061298
15 0.700000 0.759495 0.098958 0.047356
15 0.640625 0.787380 0.105208 0.048798
15 0.581510 0.747957 0.089063 0.034856
15 0.941927 0.861779 0.094271 0.057692
15 0.821615 0.851202 0.083854 0.052404
15 0.603385 0.874880 0.146354 0.053125
15 0.438021 0.842909 0.030208 0.035817
15 0.389583 0.849519 0.067708 0.045673
15 0.292448 0.859736 0.094271 0.050721
15 0.354948 0.891346 0.150521 0.034135
15 0.473438 0.888822 0.091667 0.056971
15 0.323177 0.828005 0.118229 0.067067
15 0.215365 0.848317 0.050521 0.055769
15 0.141927 0.837981 0.080729 0.019712
15 0.128646 0.872356 0.154167 0.059615
15 0.026302 0.890505 0.051562 0.051202
15 0.685677 0.934375 0.149479 0.051923
15 0.927604 0.941466 0.085417 0.044952
15 0.566927 0.914303 0.109896 0.044952
15 0.369271 0.922716 0.163542 0.034856
15 0.270573 0.949159 0.135937 0.051202
15 0.138802 0.963101 0.108854 0.039663
15 0.173177 0.905168 0.102604 0.040625
15 0.096354 0.930168 0.140625 0.049760
15 0.017448 0.945433 0.033854 0.049038
15 0.083333 0.987139 0.093750 0.025721
