15 0.970313 0.077865 0.059375 0.109896
15 0.968990 0.182292 0.062019 0.093750
15 0.908654 0.185156 0.048077 0.167187
15 0.970313 0.314063 0.046394 0.158333
15 0.915625 0.443229 0.062019 0.122917
15 0.856250 0.370573 0.058654 0.088021
15 0.822596 0.429948 0.033173 0.089063
15 0.778365 0.360938 0.063942 0.083333
15 0.781731 0.447917 0.048558 0.081250
15 0.728365 0.389062 0.045192 0.125000
15 0.871034 0.225521 0.060337 0.127083
15 0.874399 0.076563 0.045913 0.152083
15 0.790024 0.041927 0.049279 0.082812
15 0.754808 0.160938 0.052404 0.117708
15 0.722236 0.124219 0.075721 0.142187
15 0.723317 0.048698 0.077885 0.085938
15 0.665745 0.115104 0.045433 0.082292
15 0.661298 0.043490 0.048077 0.079687
15 0.612620 0.054167 0.055529 0.107292
15 0.604567 0.128125 0.064904 0.086458
15 0.571394 0.066667 0.038942 0.114583
15 0.545072 0.018750 0.064663 0.032292
15 0.522476 0.067187 0.050240 0.071875
15 0.543149 0.150000 0.050721 0.091667
15 0.559135 0.225260 0.038942 0.098437
15 0.578606 0.262240 0.052404 0.109896
15 0.603486 0.234375 0.032452 0.118750
15 0.630889 0.300781 0.034375 0.118229
15 0.677885 0.261979 0.056731 0.116667
15 0.652043 0.205469 0.065625 0.077604
15 0.702644 0.304427 0.066827 0.088021
15 0.682452 0.404687 0.041346 0.123958
15 0.631250 0.412500 0.057212 0.072917
15 0.588942 0.361458 0.040865 0.103125
15 0.545913 0.335677 0.041827 0.095312
15 0.512861 0.277083 0.046875 0.112500
15 0.500000 0.165104 0.050481 0.116667
15 0.493389 0.018750 0.036779 0.036458
15 0.459615 0.062240 0.044231 0.123438
15 0.418870 0.059115 0.021394 0.067187
15 0.430288 0.185677 0.045192 0.206771
15 0.467668 0.195052 0.037740 0.102604
15 0.467187 0.300781 0.056010 0.127604
15 0.457813 0.405729 0.058894 0.086458
15 0.502885 0.420052 0.033654 0.118229
15 0.539543 0.446875 0.040625 0.111458
15 0.583894 0.466927 0.050000 0.100521
15 0.650361 0.493229 0.070913 0.064583
15 0.726803 0.560156 0.051683 0.167187
15 0.762019 0.501823 0.057212 0.091146
15 0.826442 0.539844 0.057692 0.117188
15 0.975120 0.603385 0.049760 0.089063
15 0.933293 0.722656 0.051202 0.121354
15 0.978846 0.786979 0.042308 0.120833
15 0.925721 0.858333 0.062981 0.128125
15 0.893510 0.802604 0.048558 0.126042
15 0.876082 0.689323 0.055529 0.153646
15 0.838702 0.799740 0.056731 0.131771
15 0.824880 0.671354 0.059856 0.120833
15 0.776803 0.612760 0.059856 0.107813
15 0.746274 0.710677 0.035337 0.113021
15 0.706010 0.742188 0.047596 0.114583
15 0.688942 0.668490 0.081731 0.105729
15 0.666947 0.572396 0.034856 0.080208
15 0.629447 0.587240 0.060337 0.117188
15 0.599639 0.565365 0.032452 0.081771
15 0.626923 0.691667 0.042308 0.082292
15 0.588942 0.686979 0.032692 0.177083
15 0.557933 0.625521 0.049519 0.163542
15 0.515144 0.628385 0.063462 0.090104
15 0.521034 0.539844 0.045433 0.100521
15 0.470433 0.506771 0.052885 0.113542
15 0.425481 0.516927 0.037019 0.130729
15 0.460697 0.606510 0.049760 0.067187
15 0.480409 0.672396 0.041106 0.062500
15 0.492308 0.753646 0.037019 0.115625
15 0.441947 0.697917 0.031490 0.115625
15 0.424159 0.616927 0.056490 0.101562
15 0.977043 0.899219 0.045913 0.097396
15 0.951803 0.950781 0.084375 0.091146
15 0.931731 0.984896 0.023558 0.030208
15 0.889423 0.970573 0.050000 0.058854
15 0.827764 0.917969 0.045433 0.164062
15 0.791106 0.898698 0.035096 0.100521
15 0.773678 0.935156 0.041106 0.110937
15 0.751563 0.889583 0.040625 0.072917
15 0.769952 0.801302 0.072115 0.109896
15 0.708293 0.816927 0.075721 0.108854
15 0.707692 0.910937 0.048077 0.079167
15 0.722356 0.975000 0.057692 0.050000
15 0.667428 0.859896 0.075240 0.092708
15 0.642188 0.927865 0.059856 0.089063
15 0.626082 0.975000 0.051202 0.050000
15 0.574038 0.939063 0.057212 0.103125
15 0.539543 0.925781 0.038221 0.110937
15 0.523317 0.975260 0.042308 0.049479
15 0.482332 0.923438 0.049279 0.136458
15 0.522957 0.829167 0.049279 0.091667
15 0.546755 0.774219 0.052644 0.120313
15 0.601803 0.848437 0.050721 0.150000
15 0.629567 0.779427 0.051923 0.086979
15 0.438942 0.972917 0.047596 0.054167
15 0.409135 0.920312 0.073558 0.094792
15 0.378966 0.960677 0.042067 0.078646
15 0.336779 0.958333 0.047596 0.083333
15 0.311538 0.882552 0.042788 0.096354
15 0.338942 0.802344 0.048558 0.120313
15 0.369231 0.738542 0.062981 0.153125
15 0.397716 0.833333 0.063702 0.083333
15 0.451923 0.828646 0.052404 0.132292
15 0.404567 0.718750 0.034615 0.125000
15 0.370192 0.624479 0.036058 0.093750
15 0.335216 0.686979 0.032452 0.086458
15 0.291346 0.805990 0.053846 0.193229
15 0.275841 0.942708 0.048798 0.075000
15 0.324519 0.627344 0.041346 0.167187
15 0.299038 0.593750 0.019231 0.122917
15 0.257692 0.602344 0.061538 0.138021
15 0.225120 0.637240 0.063702 0.153646
15 0.256971 0.479687 0.052404 0.118750
15 0.215264 0.508073 0.035337 0.124479
15 0.336538 0.542188 0.043750 0.126042
15 0.350240 0.491406 0.044231 0.105729
15 0.389663 0.498177 0.041346 0.181771
15 0.363341 0.400260 0.045913 0.097396
15 0.312139 0.427604 0.049760 0.131250
15 0.381370 0.327083 0.032933 0.107292
15 0.416587 0.383073 0.043750 0.083854
15 0.395793 0.285677 0.045913 0.110937
15 0.335457 0.306250 0.047837 0.105208
15 0.293389 0.321094 0.031010 0.153646
15 0.251202 0.354687 0.043269 0.146875
15 0.215385 0.340625 0.057692 0.110417
15 0.423317 0.263281 0.030288 0.114062
15 0.392668 0.180729 0.039663 0.094792
15 0.380048 0.140625 0.037981 0.103125
15 0.344471 0.252344 0.053365 0.106771
15 0.337740 0.105208 0.048077 0.196875
15 0.360938 0.045312 0.040144 0.089583
15 0.397476 0.040625 0.031971 0.080208
15 0.258534 0.140625 0.061779 0.142708
15 0.301442 0.120573 0.028365 0.099479
15 0.274880 0.226823 0.061298 0.110937
15 0.241707 0.271875 0.033894 0.094792
15 0.200721 0.253385 0.043269 0.090104
15 0.194712 0.169010 0.044231 0.103646
15 0.247236 0.066927 0.050240 0.099479
15 0.221394 0.156250 0.024038 0.122917
15 0.308894 0.032813 0.048077 0.064583
15 0.279447 0.026302 0.021394 0.051562
15 0.190986 0.063281 0.061298 0.119271
15 0.161659 0.308854 0.064663 0.166667
15 0.171514 0.417448 0.065144 0.079687
15 0.169111 0.496875 0.060337 0.105208
15 0.106851 0.530729 0.057933 0.112500
15 0.060096 0.571875 0.062500 0.153125
15 0.154087 0.712760 0.048558 0.131771
15 0.143389 0.137240 0.064663 0.181771
15 0.139543 0.029167 0.045913 0.057292
15 0.087861 0.022135 0.052644 0.043229
15 0.062740 0.049740 0.052885 0.067187
15 0.094231 0.101823 0.034615 0.088021
15 0.100481 0.176302 0.039423 0.098437
15 0.092428 0.288542 0.064183 0.135417
15 0.120793 0.394792 0.039663 0.069792
15 0.077764 0.407292 0.048798 0.178125
15 0.025120 0.394271 0.048317 0.093750
15 0.027404 0.317188 0.047596 0.055208
15 0.013462 0.169792 0.026442 0.167708
15 0.038702 0.247135 0.050962 0.140104
15 0.051923 0.145313 0.054327 0.091667
15 0.021514 0.038542 0.042548 0.076042
15 0.017428 0.542969 0.034375 0.090104
15 0.050120 0.668229 0.073798 0.091667
15 0.011298 0.650000 0.022115 0.112500
15 0.024760 0.777344 0.049038 0.140104
15 0.019351 0.900260 0.038221 0.076563
15 0.064663 0.863281 0.055769 0.108854
15 0.096875 0.792448 0.062500 0.098437
15 0.150120 0.839063 0.075721 0.106250
15 0.204808 0.914323 0.048558 0.143229
15 0.145553 0.940365 0.080529 0.091146
15 0.090865 0.970573 0.052404 0.058854
15 0.052284 0.951823 0.035337 0.096354
15 0.022356 0.956510 0.019231 0.086979
