15 0.966587 0.051562 0.066827 0.087500
15 0.980168 0.142969 0.039663 0.109896
15 0.953005 0.225521 0.037740 0.147917
15 0.976322 0.252344 0.041587 0.094271
15 0.916587 0.223698 0.045673 0.129688
15 0.926562 0.360938 0.040144 0.141667
15 0.955288 0.366927 0.042308 0.102604
15 0.989663 0.372656 0.020673 0.093229
15 0.961779 0.426302 0.041827 0.086979
15 0.984135 0.484375 0.031731 0.063542
15 0.968029 0.535156 0.041827 0.108854
15 0.987380 0.581250 0.025240 0.090625
15 0.963341 0.638542 0.032452 0.095833
15 0.928125 0.537760 0.051442 0.099479
15 0.918269 0.635156 0.056250 0.116146
15 0.887380 0.460677 0.053606 0.090104
15 0.887260 0.371354 0.033173 0.096875
15 0.850120 0.362500 0.041106 0.102083
15 0.837981 0.420573 0.032692 0.070312
15 0.859255 0.516406 0.058894 0.121354
15 0.835216 0.590625 0.077163 0.086458
15 0.869712 0.251823 0.043269 0.064062
15 0.870192 0.304948 0.040865 0.047396
15 0.806250 0.342969 0.037019 0.075521
15 0.820312 0.255469 0.045913 0.088021
15 0.843510 0.186719 0.031731 0.066146
15 0.881490 0.132292 0.038942 0.110417
15 0.927284 0.123698 0.046875 0.080729
15 0.909014 0.043229 0.058413 0.085417
15 0.851322 0.042448 0.052644 0.079687
15 0.830889 0.127604 0.068029 0.117708
15 0.796154 0.184635 0.031731 0.092188
15 0.807212 0.083073 0.030769 0.065104
15 0.795673 0.022656 0.034615 0.044271
15 0.770312 0.128385 0.039183 0.136979
15 0.731731 0.232552 0.036538 0.129688
15 0.726562 0.351562 0.034375 0.086458
15 0.752885 0.409896 0.045192 0.167708
15 0.796875 0.474479 0.057692 0.157292
15 0.729808 0.441667 0.033654 0.068750
15 0.726322 0.529948 0.040625 0.083854
15 0.761418 0.568229 0.047356 0.094792
15 0.723798 0.619010 0.049519 0.079687
15 0.777644 0.659115 0.049038 0.072396
15 0.873197 0.679427 0.077644 0.111979
15 0.883774 0.758854 0.058413 0.070833
15 0.835817 0.744792 0.016346 0.066667
15 0.809736 0.706250 0.040144 0.135417
15 0.790625 0.755990 0.038462 0.089063
15 0.744471 0.710417 0.054808 0.120833
15 0.726923 0.786719 0.051442 0.078646
15 0.789784 0.832292 0.052163 0.093750
15 0.830889 0.835938 0.039183 0.086458
15 0.751082 0.869010 0.059856 0.086979
15 0.946154 0.826562 0.036058 0.117708
15 0.789423 0.950781 0.059615 0.098437
15 0.722957 0.936719 0.059856 0.114062
15 0.667188 0.953125 0.047356 0.093750
15 0.625481 0.954688 0.051442 0.090625
15 0.626563 0.857292 0.040625 0.086458
15 0.675481 0.824219 0.073077 0.127604
15 0.643269 0.754167 0.027885 0.086458
15 0.688221 0.686198 0.051923 0.119271
15 0.653486 0.627344 0.064183 0.075521
15 0.615144 0.715104 0.036538 0.108333
15 0.593029 0.821354 0.035096 0.088542
15 0.581731 0.919792 0.062019 0.091667
15 0.568990 0.978385 0.058654 0.043229
15 0.511659 0.971875 0.039663 0.056250
15 0.513101 0.887500 0.038221 0.114583
15 0.552284 0.869010 0.045433 0.083854
15 0.516106 0.793490 0.051442 0.089063
15 0.537981 0.730469 0.046154 0.068229
15 0.572476 0.762240 0.051202 0.126562
15 0.553486 0.636979 0.032933 0.125000
15 0.592548 0.613802 0.054327 0.105729
15 0.506611 0.693750 0.040625 0.097917
15 0.475240 0.701042 0.033173 0.097917
15 0.476923 0.770833 0.029327 0.077083
15 0.470913 0.876563 0.061058 0.130208
15 0.464543 0.968750 0.037740 0.062500
15 0.496154 0.949479 0.030769 0.046875
15 0.407813 0.913021 0.042548 0.173958
15 0.372957 0.898958 0.041587 0.101042
15 0.361659 0.973958 0.034856 0.052083
15 0.439543 0.771094 0.031490 0.157812
15 0.396875 0.806510 0.039904 0.083854
15 0.399038 0.716927 0.035577 0.084896
15 0.460457 0.618229 0.028125 0.093750
15 0.419351 0.643750 0.052644 0.081250
15 0.438341 0.571875 0.035817 0.076042
15 0.478726 0.498177 0.037260 0.168229
15 0.500601 0.612240 0.048317 0.060937
15 0.522596 0.577604 0.031731 0.065625
15 0.516106 0.488021 0.036058 0.112500
15 0.555649 0.536719 0.041106 0.078646
15 0.606490 0.521354 0.064904 0.087500
15 0.628486 0.457031 0.040144 0.068229
15 0.579808 0.401302 0.041346 0.132812
15 0.555409 0.468229 0.032452 0.063542
15 0.534375 0.384115 0.059135 0.122396
15 0.487260 0.372656 0.036538 0.108854
15 0.450240 0.489063 0.019712 0.100000
15 0.413341 0.502083 0.034375 0.085417
15 0.383894 0.567708 0.053365 0.069792
15 0.370913 0.657031 0.053846 0.111979
15 0.347957 0.752344 0.048798 0.094271
15 0.348438 0.830469 0.040625 0.071354
15 0.334976 0.920052 0.031010 0.074479
15 0.319231 0.974479 0.037019 0.051042
15 0.295673 0.920052 0.044231 0.078646
15 0.265865 0.970833 0.045192 0.058333
15 0.283534 0.847135 0.066106 0.074479
15 0.318990 0.786458 0.029808 0.072917
15 0.292067 0.733073 0.052885 0.155729
15 0.263341 0.752604 0.015625 0.114583
15 0.348558 0.634635 0.022596 0.067187
15 0.315024 0.587760 0.045913 0.092188
15 0.337861 0.543750 0.038221 0.079167
15 0.356490 0.472656 0.065865 0.093229
15 0.383534 0.434115 0.024279 0.095312
15 0.415385 0.417708 0.049519 0.120833
15 0.452284 0.354167 0.046394 0.148958
15 0.402885 0.321875 0.052885 0.096875
15 0.363462 0.357812 0.028846 0.108333
15 0.321394 0.364583 0.050481 0.130208
15 0.296875 0.487240 0.044712 0.105729
15 0.268149 0.546354 0.034856 0.104167
15 0.275962 0.647656 0.054808 0.084896
15 0.212981 0.959896 0.048077 0.080208
15 0.146274 0.980469 0.064183 0.039062
15 0.100361 0.936719 0.057452 0.091146
15 0.169351 0.891146 0.062740 0.113542
15 0.149760 0.935156 0.043750 0.075521
15 0.228726 0.897917 0.041106 0.082292
15 0.219231 0.819010 0.038462 0.105729
15 0.244832 0.801302 0.023798 0.114062
15 0.217668 0.717708 0.068510 0.111458
15 0.177043 0.792448 0.053606 0.135937
15 0.133173 0.810417 0.035577 0.072917
15 0.080889 0.782552 0.037740 0.127604
15 0.048798 0.750521 0.043750 0.105208
15 0.124038 0.716927 0.047115 0.105729
15 0.174760 0.669531 0.061058 0.086979
15 0.163822 0.578906 0.080529 0.090104
15 0.114423 0.606771 0.030769 0.121875
15 0.084135 0.562500 0.037500 0.112500
15 0.052284 0.572656 0.034375 0.122396
15 0.027885 0.633854 0.055288 0.097917
15 0.237260 0.572135 0.039423 0.158854
15 0.204327 0.534115 0.034615 0.063021
15 0.196755 0.453125 0.054087 0.132292
15 0.139303 0.461458 0.049279 0.133333
15 0.113221 0.490885 0.028846 0.103646
15 0.071154 0.422656 0.039423 0.154688
15 0.121514 0.346615 0.044471 0.093229
15 0.095793 0.380208 0.036779 0.093750
15 0.162500 0.331771 0.061058 0.137500
15 0.244591 0.327083 0.063221 0.107292
15 0.201202 0.282552 0.039904 0.077604
15 0.236178 0.244010 0.038221 0.068229
15 0.205409 0.354167 0.023317 0.059375
15 0.286779 0.283073 0.038942 0.095312
15 0.246514 0.439323 0.056490 0.109896
15 0.284736 0.394792 0.021394 0.087500
15 0.362260 0.259635 0.035096 0.111979
15 0.397356 0.230990 0.037981 0.109896
15 0.327284 0.233333 0.033894 0.118750
15 0.278125 0.124740 0.037019 0.133854
15 0.246514 0.176823 0.029087 0.109896
15 0.234615 0.100781 0.026923 0.099479
15 0.205048 0.101823 0.046154 0.182812
15 0.178846 0.201302 0.069231 0.084896
15 0.147596 0.261979 0.050962 0.062500
15 0.119471 0.199219 0.046635 0.101562
15 0.094111 0.274219 0.045433 0.074479
15 0.059495 0.254427 0.042067 0.170313
15 0.018990 0.237240 0.037500 0.152604
15 0.025721 0.132552 0.049038 0.100521
15 0.061058 0.071875 0.056250 0.093750
15 0.017909 0.026823 0.035337 0.052604
15 0.072115 0.015104 0.038462 0.029167
15 0.162620 0.013021 0.041106 0.025000
15 0.143750 0.108073 0.050962 0.086979
15 0.172356 0.124219 0.025962 0.066146
15 0.256130 0.032031 0.040144 0.048438
15 0.316947 0.114323 0.040144 0.116146
15 0.362740 0.160938 0.042788 0.131250
15 0.356731 0.056510 0.054327 0.089063
15 0.308293 0.028125 0.039663 0.053125
15 0.395553 0.058594 0.032933 0.111979
15 0.414784 0.166667 0.048317 0.091667
15 0.431731 0.086979 0.043269 0.144792
15 0.449159 0.033854 0.034375 0.066667
15 0.478486 0.022656 0.025240 0.044271
15 0.506851 0.019792 0.030529 0.038542
15 0.509135 0.073698 0.033654 0.070312
15 0.473558 0.128125 0.037981 0.121875
15 0.508894 0.159115 0.042308 0.085938
15 0.473558 0.260156 0.041827 0.127604
15 0.668990 0.545833 0.068750 0.093750
15 0.681971 0.454427 0.048077 0.084896
15 0.640745 0.387240 0.049279 0.081771
15 0.602163 0.293490 0.028846 0.098437
15 0.569952 0.262760 0.062981 0.131771
15 0.518389 0.244271 0.042067 0.155208
15 0.608053 0.373958 0.025240 0.069792
15 0.639183 0.262760 0.046154 0.129688
15 0.692909 0.297396 0.042548 0.118750
15 0.688462 0.385937 0.043269 0.084375
15 0.689543 0.218229 0.040144 0.093750
15 0.723317 0.122396 0.028846 0.114583
15 0.681611 0.127083 0.056971 0.126042
15 0.632452 0.116927 0.033173 0.139063
15 0.588101 0.109115 0.048798 0.138021
15 0.545072 0.115365 0.033894 0.111979
15 0.560216 0.027083 0.042067 0.053125
15 0.606971 0.046615 0.038462 0.092188
15 0.679087 0.035417 0.061058 0.069792
15 0.745553 0.042188 0.041587 0.082292
