15 0.980529 0.177083 0.038942 0.117708
15 0.925962 0.140104 0.073077 0.071875
15 0.932933 0.236719 0.053846 0.123438
15 0.967788 0.288802 0.038942 0.096354
15 0.992308 0.313542 0.015385 0.117708
15 0.968510 0.375000 0.029808 0.071875
15 0.932692 0.394792 0.041827 0.168750
15 0.972476 0.438021 0.047356 0.091667
15 0.928125 0.516146 0.059135 0.081250
15 0.905529 0.571615 0.066346 0.110937
15 0.974159 0.574219 0.051683 0.097396
15 0.965264 0.754687 0.069471 0.136458
15 0.922596 0.675000 0.062019 0.104167
15 0.903365 0.771875 0.053365 0.111458
15 0.897356 0.881771 0.052404 0.145833
15 0.975481 0.853385 0.049038 0.077604
15 0.968990 0.933594 0.062019 0.089063
15 0.946755 0.980469 0.045433 0.039062
15 0.898798 0.979688 0.034615 0.040625
15 0.863341 0.964844 0.041587 0.070312
15 0.850962 0.866927 0.040385 0.154688
15 0.815625 0.951302 0.048077 0.085938
15 0.765264 0.970573 0.047356 0.058854
15 0.769712 0.915885 0.034135 0.056771
15 0.809495 0.864062 0.060337 0.091667
15 0.749399 0.831250 0.049279 0.094792
15 0.728606 0.906771 0.059615 0.082292
15 0.718269 0.975000 0.043269 0.050000
15 0.677885 0.980208 0.026442 0.039583
15 0.668269 0.899219 0.029808 0.095312
15 0.649279 0.944531 0.046635 0.110937
15 0.607692 0.914323 0.033654 0.120313
15 0.638582 0.884635 0.030529 0.089063
15 0.664543 0.793229 0.064183 0.093750
15 0.701683 0.815625 0.027404 0.146875
15 0.738101 0.732292 0.046394 0.088542
15 0.781971 0.772396 0.037500 0.084375
15 0.826082 0.759635 0.049760 0.109896
15 0.862500 0.719792 0.044231 0.106250
15 0.817548 0.663281 0.031731 0.101562
15 0.775120 0.677604 0.051202 0.103125
15 0.729447 0.627344 0.034856 0.120313
15 0.684615 0.608073 0.046635 0.098437
15 0.687260 0.693750 0.060577 0.103125
15 0.649038 0.714063 0.036538 0.100000
15 0.607933 0.676302 0.042788 0.100521
15 0.605769 0.791146 0.045673 0.123958
15 0.576923 0.824219 0.029808 0.150521
15 0.583894 0.947917 0.037500 0.094792
15 0.543269 0.968229 0.042788 0.063542
15 0.823438 0.576302 0.043510 0.078646
15 0.850721 0.529687 0.038942 0.070833
15 0.887620 0.457813 0.042067 0.118750
15 0.837500 0.441667 0.052404 0.103125
15 0.854928 0.364844 0.044471 0.088021
15 0.906851 0.341406 0.049760 0.099479
15 0.872596 0.283073 0.074519 0.096354
15 0.914303 0.057292 0.066587 0.103125
15 0.858654 0.186979 0.044231 0.116667
15 0.823197 0.157552 0.059856 0.118229
15 0.838101 0.068229 0.037260 0.081250
15 0.809255 0.067448 0.025721 0.130729
15 0.778005 0.060417 0.036779 0.119792
15 0.738822 0.102344 0.044952 0.066146
15 0.758654 0.167969 0.034135 0.078646
15 0.782452 0.241146 0.028846 0.103125
15 0.814423 0.325781 0.030288 0.111979
15 0.786058 0.419531 0.044231 0.123438
15 0.770913 0.560417 0.062019 0.113542
15 0.698678 0.402865 0.039663 0.108854
15 0.800000 0.506250 0.037981 0.044792
15 0.706971 0.532552 0.053846 0.078646
15 0.658053 0.513802 0.036298 0.085938
15 0.745913 0.362760 0.043750 0.067187
15 0.735096 0.454427 0.062019 0.089063
15 0.685577 0.457813 0.039904 0.059375
15 0.650361 0.382812 0.042067 0.102083
15 0.693510 0.318229 0.033654 0.092708
15 0.754808 0.312760 0.060096 0.046354
15 0.747837 0.253906 0.049038 0.070312
15 0.725120 0.196875 0.036779 0.076042
15 0.687740 0.235417 0.056250 0.086458
15 0.644471 0.289844 0.051923 0.091146
15 0.596995 0.341406 0.040144 0.083854
15 0.622115 0.406771 0.056250 0.135417
15 0.609856 0.447917 0.037981 0.120833
15 0.578245 0.483333 0.038221 0.112500
15 0.563221 0.560156 0.038942 0.078646
15 0.589423 0.603646 0.039904 0.072917
15 0.641466 0.586198 0.043990 0.121354
15 0.562019 0.393490 0.034135 0.074479
15 0.536659 0.496354 0.030529 0.113542
15 0.697356 0.156250 0.039904 0.066667
15 0.639423 0.200260 0.034135 0.101562
15 0.662380 0.102865 0.041587 0.171354
15 0.713221 0.061198 0.067308 0.108854
15 0.620433 0.016406 0.075481 0.031771
15 0.602284 0.097396 0.035817 0.155208
15 0.631971 0.077604 0.027885 0.115625
15 0.580168 0.214062 0.043990 0.106250
15 0.600962 0.241406 0.040865 0.100521
15 0.543990 0.290104 0.063462 0.116667
15 0.528966 0.385156 0.050240 0.129688
15 0.484495 0.344531 0.036298 0.077604
15 0.494111 0.441667 0.042548 0.144792
15 0.492909 0.543490 0.060337 0.105729
15 0.461178 0.499479 0.041106 0.061458
15 0.441346 0.587500 0.042788 0.112500
15 0.481611 0.602083 0.047356 0.125000
15 0.536058 0.615104 0.044231 0.116667
15 0.536058 0.721615 0.032692 0.100521
15 0.490745 0.734896 0.040144 0.122917
15 0.448678 0.677865 0.066106 0.100521
15 0.546514 0.799740 0.040625 0.120313
15 0.502644 0.830208 0.044712 0.093750
15 0.514062 0.916667 0.049760 0.092708
15 0.460577 0.887240 0.043750 0.096354
15 0.451082 0.785937 0.046394 0.104167
15 0.406851 0.804948 0.061298 0.119271
15 0.404687 0.701562 0.035817 0.113542
15 0.451562 0.953125 0.088221 0.091667
15 0.395072 0.921875 0.045433 0.119792
15 0.350361 0.942187 0.045913 0.115625
15 0.313822 0.899219 0.044471 0.099479
15 0.294712 0.958333 0.038942 0.083333
15 0.264062 0.928906 0.031490 0.058854
15 0.245192 0.973437 0.050000 0.053125
15 0.224159 0.927604 0.040144 0.070833
15 0.189663 0.963021 0.052404 0.073958
15 0.180409 0.908854 0.050721 0.104167
15 0.134615 0.977865 0.042788 0.044271
15 0.105168 0.921875 0.031971 0.088542
15 0.085457 0.953646 0.039663 0.092708
15 0.135457 0.917448 0.034856 0.068229
15 0.151202 0.833594 0.052404 0.120313
15 0.234495 0.859896 0.059856 0.076042
15 0.281971 0.843750 0.034135 0.092708
15 0.317668 0.803385 0.046394 0.099479
15 0.352885 0.859375 0.039904 0.080208
15 0.352644 0.762500 0.062981 0.104167
15 0.359736 0.648698 0.055048 0.114062
15 0.404087 0.595313 0.043269 0.105208
15 0.384135 0.477604 0.044712 0.103125
15 0.369712 0.539844 0.039423 0.100521
15 0.322236 0.575000 0.055529 0.145833
15 0.301563 0.675521 0.071875 0.095833
15 0.290144 0.755208 0.067308 0.077083
15 0.234255 0.791667 0.062260 0.111458
15 0.199279 0.767448 0.035096 0.131771
15 0.168750 0.737760 0.027885 0.068229
15 0.137740 0.736719 0.037500 0.105729
15 0.098918 0.739062 0.035337 0.101042
15 0.062740 0.793490 0.037981 0.126562
15 0.099038 0.850781 0.053846 0.106771
15 0.076322 0.667708 0.056490 0.071875
15 0.135337 0.641927 0.052885 0.070312
15 0.184135 0.670312 0.057212 0.083333
15 0.185938 0.602083 0.053606 0.071875
15 0.226202 0.638802 0.033654 0.129688
15 0.244231 0.676302 0.042788 0.128646
15 0.277764 0.576302 0.052163 0.099479
15 0.257572 0.518229 0.055529 0.093750
15 0.213822 0.520833 0.045433 0.100000
15 0.176563 0.487240 0.042067 0.103646
15 0.136418 0.553906 0.065625 0.089063
15 0.092428 0.577604 0.030048 0.125000
15 0.057212 0.601823 0.061058 0.148438
15 0.057212 0.477083 0.037500 0.113542
15 0.120072 0.472135 0.069471 0.129688
15 0.196875 0.428385 0.031731 0.099479
15 0.224159 0.412760 0.044471 0.132812
15 0.266226 0.430729 0.045433 0.092708
15 0.303365 0.389844 0.048077 0.159896
15 0.334615 0.402865 0.063462 0.141146
15 0.324760 0.472656 0.052404 0.075521
15 0.361178 0.380729 0.036298 0.117708
15 0.425240 0.377865 0.048077 0.140104
15 0.455048 0.430729 0.053365 0.092708
15 0.422716 0.478125 0.026202 0.076042
15 0.392067 0.272917 0.051442 0.094792
15 0.386779 0.361719 0.023558 0.081771
15 0.131130 0.399219 0.056010 0.074479
15 0.076683 0.381771 0.049519 0.085417
15 0.046755 0.317188 0.029567 0.094792
15 0.086058 0.269531 0.053365 0.120313
15 0.100361 0.311979 0.027644 0.089583
15 0.128125 0.317708 0.029808 0.095833
15 0.140505 0.258594 0.045913 0.091146
15 0.176322 0.345833 0.056490 0.094792
15 0.226683 0.322656 0.047596 0.099479
15 0.287380 0.325781 0.070433 0.079687
15 0.345553 0.286979 0.036298 0.087500
15 0.304688 0.242448 0.041106 0.072396
15 0.264303 0.228125 0.031010 0.125000
15 0.242067 0.248177 0.048077 0.126562
15 0.204327 0.222396 0.029327 0.092708
15 0.158173 0.190885 0.054327 0.122396
15 0.087139 0.161458 0.049279 0.101042
15 0.046755 0.214583 0.045433 0.084375
15 0.061899 0.079167 0.060817 0.105208
15 0.114062 0.058854 0.056971 0.102083
15 0.146875 0.119792 0.023558 0.063542
15 0.164543 0.083073 0.044952 0.165104
15 0.206370 0.103906 0.027163 0.088021
15 0.219351 0.136719 0.056010 0.080729
15 0.252404 0.049479 0.050481 0.093750
15 0.280168 0.100781 0.058413 0.116146
15 0.202764 0.025000 0.037740 0.048958
15 0.042788 0.023958 0.028846 0.046875
15 0.325962 0.039062 0.052404 0.072917
15 0.322716 0.111719 0.036298 0.089063
15 0.295192 0.167187 0.033654 0.068750
15 0.340264 0.206510 0.069471 0.076563
15 0.374519 0.136458 0.067308 0.102083
15 0.399639 0.198437 0.041587 0.091667
15 0.437019 0.119792 0.041827 0.089583
15 0.402885 0.051823 0.048077 0.102604
15 0.367548 0.030469 0.027885 0.059896
15 0.435697 0.021094 0.040144 0.041146
15 0.467428 0.046875 0.038702 0.089583
15 0.504567 0.083594 0.045192 0.110937
15 0.467668 0.144792 0.040144 0.092708
15 0.440745 0.189062 0.039663 0.061458
15 0.431370 0.260417 0.019952 0.088542
15 0.477043 0.254427 0.036298 0.120313
15 0.503245 0.293229 0.042548 0.084375
15 0.503726 0.189583 0.030048 0.104167
15 0.538101 0.195052 0.045433 0.093229
15 0.552404 0.111719 0.062019 0.079687
15 0.533774 0.040104 0.055529 0.079167
15 0.576683 0.035937 0.030288 0.064583
