15 0.919111 0.044531 0.034856 0.067187
15 0.896995 0.090104 0.055529 0.086458
15 0.880649 0.032292 0.049760 0.056250
15 0.855769 0.165885 0.049038 0.127604
15 0.833894 0.241146 0.047115 0.076042
15 0.879567 0.268490 0.037981 0.098437
15 0.909495 0.160156 0.059375 0.129688
15 0.932452 0.227865 0.065865 0.098437
15 0.959135 0.153906 0.052885 0.100521
15 0.977885 0.259115 0.044231 0.102604
15 0.939663 0.297917 0.051442 0.051042
15 0.971514 0.353385 0.035817 0.085938
15 0.909736 0.358333 0.060817 0.104167
15 0.848317 0.347656 0.056731 0.143229
15 0.806851 0.295573 0.050721 0.099479
15 0.781250 0.175781 0.046635 0.144271
15 0.814063 0.125521 0.050240 0.138542
15 0.740385 0.180469 0.036538 0.060937
15 0.734495 0.263802 0.055529 0.138021
15 0.757692 0.319271 0.033654 0.142708
15 0.788702 0.396875 0.061538 0.114583
15 0.832091 0.470313 0.041106 0.090625
15 0.883293 0.471615 0.059375 0.118229
15 0.939663 0.466927 0.039423 0.106771
15 0.961538 0.421094 0.041827 0.066146
15 0.987981 0.528385 0.024038 0.201563
15 0.963942 0.532292 0.044231 0.126042
15 0.918029 0.542188 0.061538 0.055208
15 0.876803 0.589583 0.060337 0.100000
15 0.984014 0.693229 0.031971 0.137500
15 0.948438 0.752604 0.051683 0.136458
15 0.985096 0.825000 0.029808 0.095833
15 0.963101 0.923698 0.046875 0.089063
15 0.922837 0.854688 0.037019 0.136458
15 0.891827 0.728385 0.072115 0.097396
15 0.901683 0.661979 0.048077 0.070833
15 0.941226 0.623177 0.069471 0.069271
15 0.849279 0.664323 0.044712 0.089063
15 0.866226 0.744010 0.055048 0.075521
15 0.868389 0.817448 0.049760 0.099479
15 0.871755 0.909635 0.051202 0.130729
15 0.904928 0.939583 0.031010 0.114583
15 0.941466 0.972917 0.031490 0.054167
15 0.981250 0.976562 0.037500 0.046875
15 0.993269 0.917188 0.013462 0.055208
15 0.803365 0.966146 0.052404 0.067708
15 0.759375 0.979427 0.030288 0.041146
15 0.744351 0.899740 0.040144 0.143229
15 0.778365 0.905469 0.042788 0.080729
15 0.822356 0.880729 0.039904 0.112500
15 0.815144 0.757292 0.051442 0.164583
15 0.770793 0.798698 0.051202 0.140104
15 0.730529 0.718490 0.058173 0.121354
15 0.712620 0.851562 0.049279 0.170833
15 0.714663 0.964323 0.034135 0.071354
15 0.668269 0.908594 0.048077 0.151562
15 0.622596 0.934896 0.043269 0.126042
15 0.591346 0.948958 0.013942 0.091667
15 0.562019 0.953385 0.034135 0.093229
15 0.523798 0.981771 0.037019 0.036458
15 0.530649 0.899740 0.045433 0.106771
15 0.611298 0.841146 0.057212 0.103125
15 0.653606 0.809635 0.038942 0.067187
15 0.618870 0.749479 0.049760 0.071875
15 0.671755 0.747135 0.051683 0.118229
15 0.701562 0.681771 0.041106 0.063542
15 0.729928 0.594271 0.056010 0.111458
15 0.678966 0.626563 0.039663 0.102083
15 0.634615 0.657292 0.051442 0.118750
15 0.770072 0.652865 0.044471 0.109896
15 0.813822 0.578125 0.066587 0.092708
15 0.781611 0.512760 0.065144 0.086979
15 0.727524 0.432292 0.064183 0.085417
15 0.697957 0.531771 0.049760 0.117708
15 0.629808 0.552604 0.055769 0.085417
15 0.608894 0.615625 0.071635 0.133333
15 0.571034 0.647917 0.066106 0.167708
15 0.553966 0.768490 0.069471 0.117188
15 0.517428 0.727865 0.050721 0.077604
15 0.479087 0.780729 0.069712 0.136458
15 0.487981 0.855729 0.058173 0.069792
15 0.465745 0.946094 0.069471 0.080729
15 0.432452 0.772396 0.037981 0.176042
15 0.391466 0.853646 0.050240 0.125000
15 0.490625 0.658073 0.077404 0.088021
15 0.531250 0.565885 0.048558 0.111979
15 0.498077 0.516667 0.058173 0.117708
15 0.450361 0.612760 0.055529 0.139063
15 0.393630 0.669010 0.054567 0.119271
15 0.340745 0.675260 0.065144 0.122396
15 0.300481 0.770573 0.078365 0.119271
15 0.346394 0.853125 0.062500 0.093750
15 0.349880 0.906250 0.044952 0.095833
15 0.381971 0.955208 0.033173 0.089583
15 0.327524 0.982812 0.054567 0.034375
15 0.296755 0.952604 0.064663 0.082292
15 0.241947 0.953906 0.051202 0.092188
15 0.277524 0.872135 0.070913 0.090104
15 0.634976 0.463281 0.055048 0.110937
15 0.582812 0.495312 0.051202 0.121875
15 0.531731 0.454167 0.058173 0.100000
15 0.587620 0.391146 0.049279 0.101042
15 0.615865 0.361458 0.052404 0.085417
15 0.630288 0.284115 0.058654 0.097396
15 0.678486 0.294792 0.051202 0.135417
15 0.689543 0.369792 0.059856 0.092708
15 0.656851 0.178125 0.041106 0.107292
15 0.699038 0.151562 0.057212 0.121875
15 0.724880 0.051823 0.044952 0.098437
15 0.668269 0.081510 0.054327 0.088021
15 0.622356 0.130208 0.035096 0.106250
15 0.581851 0.133073 0.051683 0.111979
15 0.593750 0.260937 0.043269 0.094792
15 0.566466 0.264844 0.026202 0.058854
15 0.652764 0.025260 0.054567 0.049479
15 0.609495 0.033594 0.054567 0.066146
15 0.549399 0.038021 0.064663 0.075000
15 0.508053 0.016667 0.031010 0.032292
15 0.473798 0.046094 0.048077 0.089063
15 0.437019 0.080208 0.043750 0.062500
15 0.527524 0.103906 0.060337 0.089063
15 0.547837 0.173698 0.037981 0.048438
15 0.525601 0.235937 0.073798 0.101042
15 0.549038 0.357031 0.048077 0.171354
15 0.511538 0.348177 0.033654 0.109896
15 0.479087 0.330990 0.048077 0.111979
15 0.475361 0.452865 0.035337 0.120313
15 0.434014 0.513802 0.049760 0.170313
15 0.387380 0.509635 0.065144 0.122396
15 0.419351 0.386458 0.069471 0.091667
15 0.380889 0.411979 0.071394 0.105208
15 0.399279 0.333333 0.030288 0.061458
15 0.452644 0.305469 0.033654 0.054688
15 0.417428 0.255729 0.055048 0.114583
15 0.458413 0.222917 0.052404 0.083333
15 0.476683 0.159115 0.058173 0.131771
15 0.416827 0.129948 0.062500 0.118229
15 0.403365 0.028906 0.062019 0.056771
15 0.355529 0.094792 0.063462 0.110417
15 0.337380 0.175260 0.040144 0.101562
15 0.380649 0.191927 0.040144 0.070312
15 0.357812 0.269010 0.069471 0.088021
15 0.320793 0.342969 0.054087 0.099479
15 0.343510 0.456250 0.042788 0.125000
15 0.300721 0.454688 0.043750 0.107292
15 0.264423 0.448177 0.047115 0.161979
15 0.260216 0.336198 0.044952 0.069271
15 0.285577 0.265104 0.053846 0.146875
15 0.263341 0.145573 0.031010 0.151562
15 0.300240 0.109115 0.047115 0.150521
15 0.242548 0.259635 0.028846 0.085938
15 0.216346 0.392969 0.042788 0.152604
15 0.251563 0.090885 0.044952 0.139063
15 0.213702 0.235417 0.051442 0.178125
15 0.159495 0.286198 0.051683 0.131771
15 0.111899 0.257552 0.069952 0.108854
15 0.141587 0.164062 0.081250 0.123958
15 0.170673 0.071094 0.060577 0.141146
15 0.208894 0.059635 0.052404 0.118229
15 0.078846 0.031771 0.076442 0.062500
15 0.046514 0.145833 0.049279 0.123958
15 0.019351 0.061719 0.038221 0.122396
15 0.008413 0.308333 0.016346 0.092708
15 0.049159 0.314063 0.066106 0.145833
15 0.034856 0.446615 0.069231 0.128646
15 0.081250 0.474219 0.049038 0.098437
15 0.044351 0.560677 0.075721 0.088021
15 0.147115 0.436198 0.063462 0.126562
15 0.142909 0.562240 0.078606 0.121354
15 0.215024 0.545052 0.044471 0.165104
15 0.231490 0.623698 0.043269 0.193229
15 0.283053 0.640885 0.055529 0.109896
15 0.294111 0.564323 0.056010 0.108854
15 0.354687 0.566146 0.078125 0.093750
15 0.255889 0.753125 0.052163 0.114583
15 0.221154 0.839583 0.039423 0.129167
15 0.175000 0.901042 0.066827 0.115625
15 0.195433 0.975260 0.038462 0.049479
15 0.154327 0.975260 0.037500 0.049479
15 0.094832 0.954427 0.054087 0.091146
15 0.110096 0.878125 0.071635 0.093750
15 0.050481 0.885156 0.052885 0.130729
15 0.018269 0.959115 0.036058 0.081771
15 0.012380 0.854688 0.024279 0.090625
15 0.025721 0.765625 0.050962 0.081250
15 0.025721 0.676562 0.050962 0.136458
15 0.083534 0.742969 0.068990 0.185938
15 0.143269 0.684375 0.062500 0.122917
15 0.195553 0.683333 0.030048 0.081250
15 0.145793 0.785156 0.044952 0.122396
