15 0.925521 0.020913 0.105208 0.037981
15 0.896875 0.050601 0.150000 0.055529
15 0.792708 0.040745 0.089583 0.045913
15 0.826302 0.084736 0.101562 0.035337
15 0.959635 0.083534 0.080729 0.043029
15 0.896094 0.108894 0.084896 0.037981
15 0.964583 0.124639 0.070833 0.043029
15 0.933854 0.159736 0.037500 0.032452
15 0.976042 0.163582 0.047917 0.028606
15 0.876042 0.158173 0.094792 0.082212
15 0.946094 0.198558 0.107813 0.037981
15 0.964323 0.234135 0.071354 0.031731
15 0.896094 0.243269 0.111979 0.041346
15 0.830990 0.222716 0.114062 0.043029
15 0.791406 0.201803 0.075521 0.037740
15 0.771615 0.174880 0.115104 0.055048
15 0.773438 0.137500 0.080208 0.036058
15 0.800260 0.116947 0.073438 0.054567
15 0.702865 0.130409 0.115104 0.053125
15 0.672135 0.180288 0.099479 0.055769
15 0.680208 0.082332 0.154167 0.046875
15 0.718750 0.042308 0.094792 0.041827
15 0.628906 0.027404 0.117188 0.042308
15 0.558594 0.059375 0.084896 0.040385
15 0.514323 0.089183 0.139063 0.038942
15 0.583854 0.119952 0.139583 0.071635
15 0.569792 0.168269 0.104167 0.045192
15 0.588281 0.209135 0.100521 0.042308
15 0.650781 0.221394 0.076563 0.035577
15 0.727083 0.244952 0.100000 0.058173
15 0.620833 0.254447 0.122917 0.059375
15 0.504948 0.210096 0.085938 0.049519
15 0.519010 0.262019 0.093229 0.055769
15 0.451823 0.176202 0.131771 0.037500
15 0.414062 0.203846 0.094792 0.039904
15 0.409375 0.244471 0.109375 0.050962
15 0.467708 0.290625 0.108333 0.045192
15 0.540625 0.324159 0.105208 0.037260
15 0.369010 0.282212 0.080729 0.049519
15 0.281250 0.276923 0.083333 0.039904
15 0.287240 0.241707 0.097396 0.031490
15 0.303385 0.185337 0.117188 0.033173
15 0.377604 0.144712 0.103125 0.054327
15 0.476302 0.130288 0.083854 0.048077
15 0.408594 0.096034 0.075521 0.043029
15 0.425260 0.049760 0.094271 0.053846
15 0.487500 0.037139 0.095833 0.057452
15 0.346354 0.032452 0.077083 0.036058
15 0.333594 0.075120 0.064062 0.049279
15 0.291146 0.120553 0.157292 0.033413
15 0.249740 0.154207 0.100521 0.039183
15 0.221094 0.191346 0.083854 0.030769
15 0.190104 0.220553 0.120833 0.029567
15 0.184635 0.249279 0.126562 0.044231
15 0.088542 0.255168 0.078125 0.058894
15 0.136719 0.193029 0.103646 0.074519
15 0.061979 0.174038 0.086458 0.058173
15 0.114844 0.146394 0.115104 0.023558
15 0.158073 0.124279 0.110937 0.039904
15 0.085417 0.108173 0.071875 0.038942
15 0.119792 0.074399 0.081250 0.049760
15 0.205990 0.093149 0.107813 0.022837
15 0.264844 0.055048 0.094271 0.068269
15 0.177344 0.049279 0.094271 0.049519
15 0.233594 0.017668 0.114062 0.034375
15 0.081250 0.032332 0.097917 0.063221
15 0.038021 0.070192 0.075000 0.037981
15 0.032292 0.117668 0.063542 0.054087
15 0.025000 0.227524 0.048958 0.042548
15 0.044792 0.270433 0.088542 0.037019
15 0.034896 0.309736 0.068750 0.037260
15 0.109115 0.306731 0.089063 0.039423
15 0.178906 0.288462 0.080729 0.035096
15 0.255469 0.304447 0.100521 0.044952
15 0.841146 0.280889 0.122917 0.047837
15 0.948698 0.277163 0.089063 0.058173
15 0.982812 0.300240 0.034375 0.047596
15 0.878385 0.318510 0.111979 0.038462
15 0.891146 0.353846 0.135417 0.038462
15 0.708333 0.306731 0.119792 0.041827
15 0.735677 0.347716 0.106771 0.043510
15 0.611198 0.350721 0.131771 0.031250
15 0.570833 0.389062 0.081250 0.056971
15 0.652344 0.403966 0.074479 0.072837
15 0.750781 0.396394 0.115104 0.054808
15 0.840104 0.392188 0.070833 0.055529
15 0.928646 0.400481 0.091667 0.067308
15 0.985677 0.415865 0.028646 0.047596
15 0.988021 0.374760 0.023958 0.028365
15 0.873437 0.441587 0.067708 0.031731
15 0.946615 0.460817 0.098437 0.036058
15 0.822135 0.459856 0.106771 0.047115
15 0.897656 0.497236 0.135937 0.040625
15 0.980990 0.499880 0.038021 0.045433
15 0.783073 0.478125 0.047396 0.034135
15 0.712500 0.440986 0.114583 0.037740
15 0.709635 0.484255 0.101562 0.031971
15 0.639062 0.472716 0.091667 0.039183
15 0.601562 0.497716 0.106250 0.037260
15 0.584896 0.449760 0.087500 0.043269
15 0.470052 0.445433 0.148438 0.036538
15 0.494531 0.401082 0.095312 0.052163
15 0.390625 0.408293 0.098958 0.038702
15 0.375521 0.370072 0.120833 0.034375
15 0.395833 0.331130 0.129167 0.041106
15 0.287240 0.354928 0.089063 0.061779
15 0.235156 0.400000 0.106771 0.048558
15 0.193750 0.330529 0.106250 0.040865
15 0.135156 0.360817 0.109896 0.057692
15 0.039583 0.354928 0.070833 0.046875
15 0.077083 0.401442 0.130208 0.043750
15 0.160156 0.436779 0.117188 0.035096
15 0.261719 0.445673 0.096354 0.038462
15 0.345052 0.438582 0.093229 0.043510
15 0.319271 0.471274 0.098958 0.029087
15 0.417187 0.483053 0.076042 0.048798
15 0.498698 0.479447 0.066146 0.024279
15 0.067187 0.453966 0.125000 0.031971
15 0.046615 0.482692 0.092188 0.029327
15 0.044531 0.518389 0.088021 0.040144
15 0.129167 0.501322 0.103125 0.038221
15 0.239844 0.481971 0.120313 0.032692
15 0.320573 0.506731 0.088021 0.044231
15 0.175260 0.521875 0.167187 0.044231
15 0.114323 0.551442 0.108854 0.028365
15 0.204687 0.558173 0.069792 0.039904
15 0.273698 0.551322 0.071354 0.045913
15 0.020573 0.562740 0.040104 0.050962
15 0.070312 0.577284 0.075000 0.042548
15 0.149479 0.589904 0.112500 0.046154
15 0.045573 0.623798 0.085938 0.048077
15 0.122396 0.629087 0.088542 0.041346
15 0.336979 0.570072 0.090625 0.046875
15 0.315885 0.603125 0.092188 0.032212
15 0.400000 0.597837 0.082292 0.042788
15 0.422656 0.539663 0.078646 0.062019
15 0.357292 0.522476 0.079167 0.038221
15 0.489844 0.553606 0.083854 0.048077
15 0.582031 0.550721 0.084896 0.061538
15 0.639844 0.577404 0.090104 0.056250
15 0.675521 0.529808 0.079167 0.047115
15 0.705469 0.584375 0.074479 0.051923
15 0.833594 0.559135 0.144271 0.032692
15 0.765885 0.515264 0.148438 0.044952
15 0.819271 0.531370 0.073958 0.022837
15 0.889844 0.532091 0.081771 0.037740
15 0.961979 0.548077 0.076042 0.050000
15 0.940104 0.590264 0.070833 0.045433
15 0.881771 0.598317 0.097917 0.044231
15 0.791406 0.594351 0.075521 0.032452
15 0.502604 0.597476 0.107292 0.038221
15 0.221875 0.621394 0.114583 0.029808
15 0.317188 0.638702 0.081250 0.062500
15 0.264323 0.657091 0.066146 0.044952
15 0.174740 0.654687 0.110937 0.051683
15 0.035937 0.674639 0.070833 0.051202
15 0.124479 0.699279 0.119792 0.040865
15 0.236979 0.694952 0.115625 0.046154
15 0.312760 0.684856 0.057813 0.033173
15 0.375000 0.667668 0.082292 0.046394
15 0.395052 0.628486 0.075521 0.028606
15 0.475781 0.640865 0.114062 0.062981
15 0.558073 0.643870 0.085938 0.046875
15 0.640104 0.631490 0.109375 0.060096
15 0.580990 0.610096 0.060937 0.032212
15 0.694531 0.639062 0.081771 0.031010
15 0.788021 0.629447 0.129167 0.043029
15 0.876823 0.648918 0.134896 0.039183
15 0.970833 0.638582 0.058333 0.045913
15 0.973958 0.682572 0.052083 0.031971
15 0.903385 0.682933 0.089063 0.031250
15 0.821094 0.682813 0.089063 0.061298
15 0.838281 0.719351 0.076563 0.031490
15 0.738802 0.710697 0.071354 0.041106
15 0.718490 0.677524 0.124479 0.043990
15 0.636458 0.680649 0.067708 0.043029
15 0.675000 0.727284 0.072917 0.051202
15 0.585938 0.721394 0.100000 0.044712
15 0.514323 0.712260 0.108854 0.058173
15 0.514062 0.681010 0.126042 0.052404
15 0.409635 0.715986 0.111979 0.043029
15 0.431510 0.678005 0.046354 0.032933
15 0.339583 0.725120 0.080208 0.033894
15 0.254688 0.738582 0.095833 0.043510
15 0.145833 0.737500 0.110417 0.046635
15 0.056510 0.729567 0.111979 0.062500
15 0.087500 0.775361 0.087500 0.038702
15 0.022656 0.787019 0.044271 0.032692
15 0.174479 0.783774 0.125000 0.054087
15 0.057813 0.811899 0.105208 0.036298
15 0.213021 0.815745 0.143750 0.052644
15 0.136198 0.847596 0.086979 0.045673
15 0.056250 0.856490 0.108333 0.049519
15 0.187500 0.874519 0.097917 0.059135
15 0.069271 0.895673 0.137500 0.037981
15 0.064844 0.921635 0.082812 0.010096
15 0.042708 0.934014 0.084375 0.014183
15 0.156771 0.917548 0.075000 0.032212
15 0.281510 0.903245 0.099479 0.060817
15 0.342448 0.755649 0.103646 0.039663
15 0.312240 0.779207 0.115104 0.035337
15 0.454167 0.763221 0.125000 0.043269
15 0.575781 0.770433 0.127604 0.053365
15 0.473958 0.808654 0.145833 0.048558
15 0.574740 0.819832 0.077604 0.058413
15 0.679688 0.775962 0.126042 0.033654
15 0.695312 0.813582 0.128125 0.051683
15 0.788021 0.800601 0.107292 0.049760
15 0.773438 0.748437 0.125000 0.042548
15 0.875000 0.773077 0.089583 0.055769
15 0.953906 0.776923 0.049479 0.035577
15 0.940365 0.725240 0.093229 0.054808
15 0.917708 0.808053 0.126042 0.058894
15 0.920573 0.842548 0.101562 0.039423
15 0.836719 0.854567 0.092188 0.050481
15 0.739583 0.864543 0.090625 0.037260
15 0.665365 0.861538 0.119271 0.046635
15 0.582292 0.903125 0.092708 0.062500
15 0.677344 0.909856 0.097396 0.053846
15 0.797396 0.934495 0.129167 0.053125
15 0.785417 0.893269 0.095833 0.032692
15 0.891927 0.886298 0.109896 0.043269
15 0.970833 0.888822 0.058333 0.039183
15 0.978385 0.934976 0.043229 0.050240
15 0.920052 0.944712 0.108854 0.066346
15 0.844271 0.981250 0.098958 0.036538
15 0.950260 0.989663 0.078646 0.020673
15 0.751823 0.961538 0.075521 0.046635
15 0.772135 0.988942 0.065104 0.022115
15 0.675000 0.970673 0.081250 0.054808
15 0.576823 0.961298 0.090104 0.068750
15 0.488542 0.972236 0.100000 0.040625
15 0.442448 0.992067 0.069271 0.015865
15 0.434896 0.931971 0.102083 0.048077
15 0.502083 0.902404 0.081250 0.071154
15 0.358333 0.879327 0.094792 0.067308
15 0.336979 0.933173 0.098958 0.037981
15 0.355990 0.970072 0.142187 0.043510
15 0.241927 0.976562 0.114062 0.046875
15 0.222656 0.934014 0.092188 0.041106
15 0.133594 0.955288 0.089063 0.042788
15 0.039844 0.972596 0.078646 0.054808
15 0.126562 0.987019 0.121875 0.025962
