15 0.989543 0.101562 0.020913 0.162500
15 0.968750 0.163021 0.027404 0.079167
15 0.986538 0.244010 0.026923 0.095312
15 0.981250 0.387500 0.037500 0.196875
15 0.942548 0.402865 0.049038 0.214062
15 0.890865 0.365104 0.058654 0.118750
15 0.897236 0.485938 0.036779 0.118750
15 0.857692 0.468750 0.050000 0.119792
15 0.833053 0.359375 0.056490 0.096875
15 0.883413 0.291667 0.058654 0.051042
15 0.894351 0.222135 0.047837 0.109896
15 0.946154 0.221875 0.053365 0.123958
15 0.931851 0.104167 0.059375 0.130208
15 0.853486 0.161979 0.043029 0.070833
15 0.837139 0.252344 0.060337 0.121354
15 0.889062 0.046094 0.068510 0.091146
15 0.841106 0.097917 0.040385 0.128125
15 0.805168 0.096094 0.091587 0.179688
15 0.794712 0.195833 0.051442 0.082292
15 0.793029 0.287500 0.031731 0.111458
15 0.759615 0.328906 0.053846 0.113021
15 0.751923 0.413802 0.038462 0.060937
15 0.809856 0.423958 0.055769 0.140625
15 0.731370 0.254167 0.071875 0.163542
15 0.667668 0.290104 0.043029 0.129167
15 0.692788 0.401562 0.085577 0.100000
15 0.716707 0.494792 0.060337 0.118750
15 0.625240 0.533073 0.063462 0.149479
15 0.626683 0.328646 0.065385 0.110417
15 0.623798 0.229427 0.050962 0.099479
15 0.642788 0.140625 0.044712 0.078125
15 0.719231 0.145313 0.063942 0.122917
15 0.684615 0.161458 0.048077 0.130208
15 0.745192 0.152865 0.021154 0.043229
15 0.759976 0.049479 0.049279 0.097917
15 0.723798 0.046094 0.032692 0.091146
15 0.685577 0.061458 0.046635 0.115625
15 0.641466 0.051302 0.061298 0.101562
15 0.605048 0.147656 0.034615 0.125521
15 0.567067 0.056250 0.043269 0.108333
15 0.602524 0.038802 0.022356 0.076563
15 0.773558 0.488542 0.055288 0.140625
15 0.815144 0.542708 0.078846 0.084375
15 0.876923 0.610156 0.054327 0.141146
15 0.942067 0.576302 0.077885 0.169271
15 0.987861 0.543750 0.024279 0.104167
15 0.972957 0.695833 0.053606 0.178125
15 0.912861 0.717187 0.076202 0.129167
15 0.828486 0.634115 0.068510 0.097396
15 0.831731 0.757552 0.069712 0.123438
15 0.906130 0.871094 0.078125 0.196354
15 0.969231 0.829948 0.061538 0.143229
15 0.975841 0.938542 0.048317 0.122917
15 0.866827 0.955208 0.051442 0.089583
15 0.839784 0.871094 0.069952 0.132812
15 0.800962 0.934115 0.066827 0.131771
15 0.774519 0.722656 0.059135 0.120313
15 0.741226 0.662500 0.045913 0.132292
15 0.709736 0.666927 0.025240 0.128646
15 0.700120 0.804167 0.068990 0.134375
15 0.754808 0.830729 0.069231 0.122917
15 0.743389 0.935417 0.073317 0.121875
15 0.684135 0.931250 0.052404 0.121875
15 0.628726 0.956510 0.057452 0.086979
15 0.577764 0.946875 0.040625 0.085417
15 0.610096 0.802604 0.052404 0.129167
15 0.635697 0.860677 0.056010 0.121354
15 0.561298 0.854948 0.045192 0.144271
15 0.659375 0.746354 0.064423 0.100000
15 0.673558 0.609635 0.059135 0.206771
15 0.619231 0.673438 0.050000 0.131250
15 0.568870 0.672396 0.050721 0.145833
15 0.618510 0.455208 0.056731 0.092708
15 0.574519 0.390885 0.049038 0.126562
15 0.529928 0.137500 0.067548 0.109375
15 0.491346 0.210938 0.045673 0.125000
15 0.562260 0.245573 0.076923 0.129688
15 0.524038 0.342708 0.053365 0.135417
15 0.527764 0.458594 0.049760 0.081771
15 0.559255 0.515365 0.068029 0.127604
15 0.471635 0.403125 0.055288 0.126042
15 0.416106 0.373698 0.065385 0.110937
15 0.446034 0.275260 0.068990 0.121354
15 0.433774 0.165625 0.046394 0.146875
15 0.468149 0.093490 0.046394 0.125521
15 0.490865 0.023958 0.025481 0.046875
15 0.517067 0.048177 0.044231 0.095312
15 0.464303 0.020052 0.031010 0.039062
15 0.410337 0.023958 0.037500 0.046875
15 0.378846 0.078125 0.073558 0.111458
15 0.382692 0.171354 0.051442 0.143750
15 0.377885 0.283594 0.065865 0.119271
15 0.329207 0.195312 0.064663 0.166667
15 0.272476 0.170313 0.046875 0.108333
15 0.307812 0.056510 0.054087 0.108854
15 0.280288 0.006250 0.033654 0.011458
15 0.251803 0.092969 0.048317 0.184896
15 0.206490 0.067187 0.055769 0.133333
15 0.204207 0.181510 0.066106 0.199479
15 0.261298 0.293490 0.062981 0.118229
15 0.213221 0.339062 0.059615 0.120833
15 0.261659 0.396875 0.079087 0.122917
15 0.321875 0.342969 0.048077 0.126562
15 0.363341 0.442448 0.073317 0.176563
15 0.405168 0.505208 0.106971 0.138542
15 0.469231 0.509375 0.054327 0.069792
15 0.514423 0.576042 0.055288 0.127083
15 0.466707 0.652083 0.060817 0.120833
15 0.429207 0.610417 0.068029 0.094792
15 0.350841 0.594531 0.088221 0.115104
15 0.279327 0.597135 0.047115 0.096354
15 0.294591 0.485938 0.076202 0.141667
15 0.245793 0.503385 0.055048 0.135937
15 0.195072 0.430469 0.061298 0.100521
15 0.143990 0.403906 0.043269 0.136979
15 0.163702 0.533854 0.062500 0.133333
15 0.112380 0.499740 0.038221 0.132812
15 0.504928 0.746094 0.076683 0.161979
15 0.444231 0.818750 0.081250 0.148958
15 0.517428 0.834896 0.052163 0.083333
15 0.512981 0.938542 0.063942 0.122917
15 0.467548 0.938802 0.045192 0.122396
15 0.417067 0.909896 0.038462 0.120833
15 0.369231 0.978385 0.066827 0.043229
15 0.366707 0.902604 0.057933 0.115625
15 0.376923 0.781771 0.069231 0.112500
15 0.309135 0.801042 0.039423 0.089583
15 0.313582 0.905469 0.056010 0.173437
15 0.266346 0.914323 0.050000 0.113021
15 0.239183 0.982552 0.058654 0.034896
15 0.316947 0.708073 0.046875 0.116146
15 0.364904 0.681771 0.065865 0.150000
15 0.415144 0.712760 0.046154 0.121354
15 0.262380 0.771354 0.061298 0.150000
15 0.243510 0.845313 0.046154 0.060417
15 0.263582 0.664583 0.059375 0.086458
15 0.209976 0.702083 0.052644 0.198958
15 0.165505 0.654948 0.059856 0.115104
15 0.156731 0.790625 0.048558 0.143750
15 0.187139 0.867188 0.070433 0.122917
15 0.203726 0.951042 0.048317 0.097917
15 0.151202 0.941667 0.059615 0.113542
15 0.109014 0.915885 0.056490 0.089063
15 0.072115 0.963281 0.072115 0.073438
15 0.057813 0.830208 0.057452 0.142708
15 0.050841 0.903646 0.042548 0.056250
15 0.114423 0.810156 0.061058 0.124479
15 0.111298 0.698698 0.066827 0.105729
15 0.087740 0.570833 0.066346 0.153125
15 0.039183 0.711719 0.077885 0.122396
15 0.033894 0.614844 0.067308 0.074479
15 0.036538 0.519531 0.047596 0.101562
15 0.074038 0.417187 0.067788 0.110417
15 0.019712 0.435156 0.038942 0.121354
15 0.029447 0.327604 0.058413 0.102083
15 0.091106 0.325521 0.075000 0.079167
15 0.162861 0.292448 0.053125 0.140104
15 0.087019 0.233854 0.093750 0.122917
15 0.039303 0.166667 0.040625 0.094792
15 0.024639 0.237760 0.037260 0.079687
15 0.149519 0.111719 0.057212 0.210938
15 0.096034 0.098698 0.050240 0.151562
15 0.047115 0.079687 0.053846 0.114583
15 0.102644 0.030469 0.054808 0.059896
