15 0.684375 0.058333 0.104688 0.093750
15 0.776172 0.213021 0.094531 0.142708
15 0.688281 0.134896 0.096875 0.092708
15 0.598828 0.092708 0.074219 0.154167
15 0.507031 0.068750 0.092188 0.085417
15 0.383594 0.068750 0.070312 0.062500
15 0.297656 0.065625 0.095312 0.120833
15 0.281250 0.170313 0.073438 0.115625
15 0.380469 0.148958 0.109375 0.083333
15 0.227344 0.222917 0.082812 0.072917
15 0.512109 0.145833 0.128906 0.085417
15 0.622266 0.221354 0.069531 0.103125
15 0.710547 0.270313 0.082031 0.107292
15 0.737109 0.340625 0.092969 0.102083
15 0.746094 0.411979 0.085938 0.071875
15 0.816016 0.444271 0.078906 0.109375
15 0.761328 0.518750 0.092969 0.158333
15 0.803906 0.609375 0.095312 0.068750
15 0.842578 0.715104 0.078906 0.136458
15 0.747656 0.733854 0.107813 0.165625
15 0.723047 0.874479 0.158594 0.119792
15 0.594922 0.938021 0.121094 0.119792
15 0.505859 0.963021 0.078906 0.071875
15 0.414062 0.961979 0.104688 0.076042
15 0.547266 0.238542 0.114844 0.129167
15 0.503125 0.306250 0.081250 0.095833
15 0.411328 0.255729 0.100781 0.161458
15 0.322266 0.250521 0.077344 0.069792
15 0.277344 0.317708 0.114062 0.131250
15 0.182812 0.307812 0.070312 0.096875
15 0.191016 0.436458 0.144531 0.177083
15 0.128125 0.521875 0.070312 0.125000
15 0.344531 0.432812 0.160938 0.130208
15 0.394141 0.405729 0.066406 0.138542
15 0.484766 0.450521 0.102344 0.176042
15 0.510547 0.386979 0.067969 0.078125
15 0.586328 0.350000 0.075781 0.141667
15 0.642578 0.395833 0.074219 0.141667
15 0.682813 0.561979 0.065625 0.117708
15 0.627344 0.502083 0.082812 0.122917
15 0.614062 0.579167 0.071875 0.135417
15 0.534766 0.534375 0.071094 0.125000
15 0.555469 0.668750 0.073438 0.139583
15 0.630469 0.694792 0.079687 0.087500
15 0.702344 0.643750 0.067187 0.095833
15 0.653906 0.765104 0.082812 0.092708
15 0.587109 0.793229 0.069531 0.101042
15 0.512891 0.767188 0.110156 0.151042
15 0.453906 0.671354 0.079687 0.209375
15 0.408984 0.580208 0.108594 0.129167
15 0.322656 0.535417 0.098437 0.085417
15 0.338281 0.633333 0.078125 0.097917
15 0.375781 0.756250 0.101562 0.129167
15 0.304297 0.716146 0.046094 0.065625
15 0.257812 0.660937 0.079687 0.134375
15 0.192969 0.616146 0.131250 0.146875
15 0.234375 0.792188 0.103125 0.105208
15 0.286719 0.833854 0.151562 0.109375
15 0.410156 0.871354 0.106250 0.136458
15 0.339844 0.936979 0.057813 0.069792
15 0.507031 0.877083 0.085938 0.127083
15 0.582031 0.879687 0.071875 0.071875
