15 0.032791 0.957031 0.062791 0.085938
15 0.136512 0.973698 0.103721 0.039062
15 0.272558 0.976042 0.089302 0.047917
15 0.366977 0.955208 0.088372 0.086458
15 0.236744 0.871875 0.120000 0.156250
15 0.114651 0.861458 0.124186 0.120833
15 0.059535 0.772396 0.093023 0.122917
15 0.137907 0.702865 0.133488 0.111979
15 0.049535 0.619792 0.085116 0.132292
15 0.016279 0.596615 0.031628 0.046354
15 0.031395 0.521354 0.061860 0.104167
15 0.106279 0.508854 0.080465 0.131250
15 0.175814 0.577865 0.116279 0.119271
15 0.210000 0.455469 0.144651 0.122396
15 0.266279 0.529948 0.103721 0.095312
15 0.342093 0.461458 0.126047 0.123958
15 0.452326 0.529948 0.132558 0.132812
15 0.351860 0.593750 0.127907 0.102083
15 0.279767 0.660156 0.094419 0.093229
15 0.268140 0.765365 0.114884 0.101562
15 0.382326 0.722396 0.140465 0.155208
15 0.472558 0.639583 0.120930 0.100000
15 0.497907 0.738281 0.101860 0.108854
15 0.351395 0.857031 0.111163 0.142187
15 0.496744 0.838802 0.158140 0.088021
15 0.507907 0.924740 0.170233 0.080729
15 0.487674 0.983594 0.149302 0.032813
15 0.625581 0.970573 0.092093 0.058854
15 0.752093 0.869531 0.186047 0.125521
15 0.712558 0.730729 0.120000 0.156250
15 0.614884 0.835938 0.113488 0.108333
15 0.746744 0.977083 0.101860 0.045833
15 0.846047 0.966667 0.093023 0.066667
15 0.921163 0.923958 0.121395 0.126042
15 0.934186 0.784375 0.131628 0.141667
15 0.881395 0.622135 0.142326 0.171354
15 0.804186 0.682292 0.115349 0.098958
15 0.779302 0.765365 0.090698 0.071354
15 0.665349 0.653125 0.109302 0.105208
15 0.585814 0.697656 0.082326 0.172396
15 0.571860 0.563542 0.110233 0.173958
15 0.645116 0.529167 0.117209 0.157292
15 0.801628 0.489844 0.154884 0.086979
15 0.940930 0.531510 0.118140 0.135937
15 0.860698 0.409115 0.120465 0.088021
15 0.721628 0.392188 0.173488 0.100000
15 0.793721 0.309115 0.145581 0.085938
15 0.653721 0.280729 0.134419 0.103125
15 0.542326 0.408333 0.146047 0.132292
15 0.413953 0.347135 0.094884 0.133854
15 0.500233 0.262500 0.143721 0.122917
15 0.339767 0.259635 0.123256 0.123438
15 0.314186 0.371875 0.086977 0.079167
15 0.237674 0.320052 0.133953 0.124479
15 0.129070 0.310156 0.072093 0.146354
15 0.059767 0.363281 0.096279 0.135937
15 0.931395 0.250000 0.137209 0.226042
15 0.844186 0.198958 0.155349 0.121875
15 0.903256 0.083854 0.132093 0.106250
15 0.669767 0.147396 0.130233 0.146875
15 0.769302 0.117969 0.096744 0.123438
15 0.810233 0.028125 0.168372 0.055208
15 0.651395 0.060156 0.104651 0.091146
15 0.544884 0.035156 0.102791 0.065104
15 0.493721 0.123698 0.128837 0.122396
15 0.437209 0.069271 0.098605 0.103125
15 0.362558 0.170833 0.126047 0.102083
15 0.233721 0.137240 0.122326 0.119271
15 0.215814 0.204948 0.107907 0.122396
15 0.133488 0.160938 0.076279 0.132292
15 0.053721 0.188802 0.106512 0.094271
15 0.040000 0.103385 0.079070 0.065104
15 0.071628 0.048698 0.142326 0.096354
15 0.157674 0.037240 0.113488 0.073438
15 0.283721 0.053125 0.117209 0.105208
15 0.390698 0.039062 0.118140 0.077083
15 0.570000 0.140885 0.106512 0.114062
15 0.046279 0.285417 0.091628 0.075000
