15 0.304167 0.198678 0.090625 0.045913
15 0.464583 0.188221 0.109375 0.027885
15 0.371354 0.228125 0.090625 0.040865
15 0.494792 0.218029 0.126042 0.035096
15 0.437500 0.245913 0.085417 0.030288
15 0.181250 0.229327 0.087500 0.034135
15 0.675260 0.189543 0.152604 0.037740
15 0.637500 0.236418 0.121875 0.040144
15 0.841406 0.239543 0.147396 0.033894
15 0.750781 0.273798 0.080729 0.045192
15 0.644792 0.290264 0.123958 0.031971
15 0.512240 0.302524 0.114062 0.043029
15 0.468229 0.269832 0.122917 0.043029
15 0.365365 0.277524 0.115104 0.049279
15 0.303906 0.302163 0.081771 0.050481
15 0.240625 0.290144 0.054167 0.035577
15 0.197135 0.311058 0.059896 0.050962
15 0.149219 0.273918 0.068229 0.061298
15 0.078125 0.272716 0.069792 0.058894
15 0.109635 0.327885 0.115104 0.048077
15 0.085677 0.376322 0.086979 0.062260
15 0.179948 0.362861 0.101562 0.043510
15 0.257292 0.384014 0.076042 0.037740
15 0.413542 0.315625 0.105208 0.032692
15 0.357812 0.330529 0.092708 0.038462
15 0.351042 0.366587 0.129167 0.042788
15 0.450781 0.358053 0.075521 0.040625
15 0.515885 0.345433 0.069271 0.050962
15 0.591406 0.333173 0.101562 0.048077
15 0.666406 0.328846 0.060937 0.047596
15 0.738281 0.343389 0.088021 0.067548
15 0.821094 0.321995 0.106771 0.040625
15 0.834635 0.359495 0.114062 0.049279
15 0.952344 0.190865 0.086979 0.047596
15 0.956250 0.395192 0.087500 0.063462
15 0.886198 0.411659 0.092188 0.056971
15 0.841667 0.444832 0.085417 0.054087
15 0.934896 0.457452 0.125000 0.038462
15 0.798177 0.393870 0.090104 0.043510
15 0.761979 0.420673 0.078125 0.051923
15 0.701823 0.391707 0.070312 0.054087
15 0.603125 0.417428 0.077083 0.050721
15 0.628646 0.370312 0.102083 0.038702
15 0.552344 0.387620 0.067187 0.040144
15 0.428646 0.441947 0.078125 0.056490
15 0.302865 0.470553 0.067187 0.044471
15 0.188021 0.457452 0.108333 0.038462
15 0.098437 0.427163 0.079167 0.057212
15 0.107552 0.487019 0.119271 0.057692
15 0.075000 0.531851 0.076042 0.061298
15 0.155990 0.530048 0.081771 0.036538
15 0.212760 0.558053 0.113021 0.043510
15 0.273177 0.529087 0.100521 0.043750
15 0.124479 0.569952 0.081250 0.037019
15 0.073438 0.579087 0.075000 0.035577
15 0.145573 0.609495 0.073438 0.045913
15 0.649740 0.470313 0.122396 0.031971
15 0.722396 0.441466 0.131250 0.041587
15 0.750781 0.481010 0.090104 0.050481
15 0.846615 0.497476 0.086979 0.056490
15 0.963802 0.497596 0.060937 0.039423
15 0.930729 0.542909 0.118750 0.044952
15 0.792969 0.556130 0.148438 0.039663
15 0.705469 0.559615 0.071354 0.036538
15 0.758073 0.522837 0.120313 0.028846
15 0.608854 0.532813 0.108333 0.038221
15 0.540104 0.572716 0.103125 0.063702
15 0.630729 0.581731 0.088542 0.056731
15 0.722396 0.608774 0.092708 0.045433
15 0.812500 0.599399 0.120833 0.043990
15 0.927604 0.597837 0.107292 0.060096
15 0.975260 0.591106 0.049479 0.035577
15 0.905208 0.642308 0.128125 0.028365
15 0.916667 0.673798 0.135417 0.044712
15 0.972656 0.680048 0.054688 0.025962
15 0.815104 0.666587 0.073958 0.047115
15 0.810156 0.630529 0.094271 0.024038
15 0.709896 0.651322 0.116667 0.030529
15 0.754948 0.674639 0.094271 0.027163
15 0.633333 0.637500 0.098958 0.049038
15 0.464062 0.609495 0.083333 0.057933
15 0.576042 0.670673 0.072917 0.060096
15 0.636198 0.693149 0.082812 0.053125
15 0.692448 0.716827 0.097396 0.062500
15 0.475000 0.675841 0.135417 0.052644
15 0.343229 0.684014 0.095833 0.041106
15 0.225781 0.693149 0.069271 0.054087
15 0.196615 0.651563 0.101562 0.045913
15 0.108333 0.676562 0.046875 0.037260
15 0.048698 0.672957 0.090104 0.054087
15 0.065885 0.630048 0.074479 0.050000
15 0.138542 0.702644 0.107292 0.036058
15 0.170833 0.739423 0.078125 0.043750
15 0.256771 0.730168 0.085417 0.031971
15 0.246094 0.771034 0.107813 0.054567
15 0.342187 0.762500 0.104167 0.046635
15 0.344792 0.726683 0.087500 0.035096
15 0.425000 0.723437 0.075000 0.044471
15 0.513021 0.717788 0.133333 0.047596
15 0.466146 0.774159 0.098958 0.066106
15 0.391927 0.775240 0.080729 0.061058
15 0.296615 0.809736 0.091146 0.043990
15 0.554688 0.768269 0.093750 0.060096
15 0.401302 0.821394 0.135937 0.035096
15 0.319271 0.833774 0.054167 0.054087
15 0.758073 0.754928 0.094271 0.054567
15 0.800000 0.711178 0.106250 0.041106
15 0.855469 0.740625 0.115104 0.036058
15 0.803125 0.803486 0.134375 0.044471
15 0.632292 0.791226 0.129167 0.039183
15 0.594792 0.821755 0.121875 0.054087
15 0.713802 0.845433 0.098437 0.061058
15 0.639844 0.871394 0.096354 0.036058
15 0.549479 0.849880 0.104167 0.040144
15 0.417448 0.860817 0.161979 0.048077
15 0.461979 0.888702 0.079167 0.024519
15 0.532552 0.891707 0.140104 0.037740
15 0.433594 0.919712 0.111979 0.060577
15 0.627865 0.906010 0.094271 0.033173
15 0.554167 0.937019 0.120833 0.039904
15 0.487500 0.961298 0.106250 0.033654
15 0.952604 0.838341 0.075000 0.059856
15 0.942708 0.919471 0.096875 0.075962
15 0.712500 0.921635 0.107292 0.061538
15 0.643229 0.956490 0.103125 0.062981
15 0.568229 0.979567 0.072917 0.040865
15 0.821615 0.988221 0.119271 0.023558
15 0.647135 0.992308 0.065104 0.015385
15 0.505208 0.990745 0.055208 0.018510
15 0.229167 0.975120 0.067708 0.042067
15 0.073958 0.982212 0.104167 0.035577
