15 0.992668 0.488281 0.014663 0.126562
15 0.927404 0.493750 0.072596 0.086458
15 0.864183 0.424219 0.058654 0.118229
15 0.768029 0.390625 0.047115 0.111458
15 0.743029 0.437500 0.040385 0.137500
15 0.767067 0.519792 0.054808 0.097917
15 0.801562 0.568490 0.043510 0.103646
15 0.810817 0.662500 0.033654 0.079167
15 0.846514 0.694271 0.035817 0.137500
15 0.952404 0.637240 0.049038 0.088021
15 0.978365 0.656250 0.040865 0.086458
15 0.980409 0.750781 0.039183 0.097396
15 0.942548 0.823698 0.061538 0.106771
15 0.983173 0.861719 0.033654 0.076563
15 0.940625 0.904948 0.048077 0.069271
15 0.919591 0.940625 0.045433 0.102083
15 0.871514 0.910677 0.041587 0.061979
15 0.895192 0.805208 0.034135 0.146875
15 0.859255 0.809896 0.039663 0.127083
15 0.818630 0.796615 0.054567 0.102604
15 0.834495 0.887500 0.048317 0.094792
15 0.798317 0.903906 0.048077 0.074479
15 0.822236 0.969010 0.042548 0.061979
15 0.775962 0.940104 0.062981 0.072917
15 0.776322 0.986198 0.030048 0.027604
15 0.726202 0.965885 0.058654 0.068229
15 0.783293 0.753125 0.039183 0.082292
15 0.767308 0.663802 0.063942 0.098437
15 0.722115 0.694792 0.051442 0.113542
15 0.721995 0.590625 0.053606 0.119792
15 0.679808 0.631250 0.037019 0.061458
15 0.643389 0.721094 0.051683 0.103646
15 0.698558 0.431771 0.049519 0.086458
15 0.720192 0.359375 0.036538 0.072917
15 0.676562 0.345833 0.043029 0.076042
15 0.649038 0.404427 0.035096 0.067187
15 0.626683 0.329427 0.056731 0.086979
15 0.587620 0.307812 0.025240 0.058333
15 0.619351 0.429688 0.043990 0.118750
15 0.667668 0.463021 0.041106 0.066667
15 0.672596 0.517708 0.050962 0.057292
15 0.653606 0.579167 0.053846 0.100000
15 0.610697 0.609115 0.031010 0.094271
15 0.623437 0.526563 0.036298 0.056250
15 0.578726 0.553385 0.052163 0.097396
15 0.584615 0.475260 0.055769 0.071354
15 0.547356 0.490625 0.052885 0.076042
15 0.515865 0.457292 0.057212 0.065625
15 0.545072 0.395833 0.050240 0.076042
15 0.556731 0.309375 0.042788 0.096875
15 0.516466 0.290104 0.036779 0.060417
15 0.502284 0.336719 0.043510 0.094271
15 0.675962 0.964844 0.037981 0.070312
15 0.651322 0.888542 0.043510 0.132292
15 0.608053 0.886198 0.031971 0.115104
15 0.563942 0.907813 0.038942 0.081250
15 0.532332 0.878646 0.047356 0.097917
15 0.575962 0.838281 0.043750 0.069271
15 0.567548 0.786979 0.044712 0.104167
15 0.599038 0.763021 0.032212 0.079167
15 0.584495 0.682031 0.045913 0.094271
15 0.551442 0.718750 0.029327 0.116667
15 0.514062 0.782031 0.048798 0.115104
15 0.524760 0.693229 0.033654 0.081250
15 0.570553 0.635677 0.039183 0.067187
15 0.534014 0.613281 0.047356 0.085938
15 0.477284 0.643490 0.056971 0.074479
15 0.490986 0.720052 0.033413 0.072396
15 0.455048 0.765885 0.050000 0.069271
15 0.444952 0.869271 0.038462 0.087500
15 0.483534 0.860417 0.045913 0.070833
15 0.492668 0.907552 0.043510 0.068229
15 0.487380 0.972135 0.022837 0.055729
15 0.459495 0.951302 0.030529 0.097396
15 0.421274 0.958333 0.042548 0.083333
15 0.379207 0.956250 0.037260 0.087500
15 0.345313 0.958594 0.036298 0.082812
15 0.321995 0.933073 0.024760 0.067187
15 0.368389 0.829688 0.063221 0.087500
15 0.408654 0.887240 0.036538 0.086979
15 0.412861 0.798177 0.045433 0.088021
15 0.405288 0.707031 0.039904 0.076563
15 0.443389 0.700000 0.050240 0.078125
15 0.437740 0.630208 0.026923 0.076042
15 0.405769 0.617188 0.044712 0.097917
15 0.348197 0.683073 0.036298 0.099479
15 0.479447 0.580469 0.043510 0.064062
15 0.490144 0.513021 0.040385 0.066667
15 0.441346 0.535417 0.049519 0.105208
15 0.409135 0.521875 0.031731 0.107292
15 0.383774 0.471354 0.056010 0.079167
15 0.439543 0.446615 0.048317 0.073438
15 0.484255 0.409896 0.046875 0.075000
15 0.465625 0.312500 0.034615 0.105208
15 0.433654 0.342969 0.037019 0.122396
15 0.413942 0.268229 0.058173 0.085417
15 0.387981 0.367969 0.038942 0.113021
15 0.345192 0.372917 0.037981 0.094792
