15 0.968990 0.030469 0.040385 0.059896
15 0.969471 0.111198 0.050000 0.116146
15 0.925240 0.192188 0.063462 0.095833
15 0.936538 0.062500 0.025481 0.123958
15 0.912981 0.017969 0.035096 0.034896
15 0.896514 0.086198 0.063702 0.126562
15 0.867909 0.016927 0.036298 0.032813
15 0.826562 0.042969 0.044952 0.084896
15 0.826562 0.119792 0.046394 0.090625
15 0.857572 0.157031 0.070913 0.098437
15 0.881851 0.260417 0.045913 0.143750
15 0.910697 0.330729 0.031010 0.172917
15 0.953606 0.329427 0.050481 0.128646
15 0.970313 0.440625 0.035817 0.116667
15 0.944471 0.439063 0.033173 0.106250
15 0.914062 0.484375 0.055529 0.119792
15 0.950361 0.584635 0.080529 0.129688
15 0.886418 0.533854 0.040625 0.115625
15 0.835337 0.531250 0.066827 0.112500
15 0.856490 0.629427 0.047596 0.100521
15 0.901322 0.660417 0.054567 0.112500
15 0.950601 0.713542 0.066587 0.119792
15 0.953245 0.842187 0.065144 0.132292
15 0.958774 0.952865 0.065625 0.094271
15 0.897716 0.969792 0.053606 0.060417
15 0.895312 0.858594 0.056010 0.158854
15 0.834375 0.912500 0.085096 0.096875
15 0.819111 0.982292 0.060817 0.035417
15 0.836418 0.818490 0.052644 0.095312
15 0.856370 0.729948 0.076202 0.100521
15 0.804447 0.659896 0.054567 0.156250
15 0.792428 0.752865 0.054087 0.094271
15 0.738942 0.650000 0.078365 0.130208
15 0.756250 0.528385 0.089904 0.134896
15 0.821514 0.460938 0.037260 0.083333
15 0.788942 0.415885 0.051442 0.192188
15 0.829567 0.306510 0.077885 0.107813
15 0.829207 0.383594 0.036298 0.074479
15 0.868269 0.404687 0.055288 0.122917
15 0.830889 0.231510 0.049279 0.053646
15 0.788341 0.204948 0.053125 0.102604
15 0.754687 0.311198 0.055529 0.130729
15 0.776923 0.842969 0.042788 0.118229
15 0.744832 0.885156 0.063702 0.138021
15 0.744832 0.769271 0.031971 0.085417
15 0.710697 0.727604 0.043510 0.118750
15 0.702524 0.913542 0.061298 0.162500
15 0.672837 0.874740 0.054808 0.114062
15 0.663462 0.797135 0.057692 0.166146
15 0.665264 0.688542 0.041106 0.071875
15 0.741827 0.421094 0.035096 0.114062
15 0.704808 0.434635 0.050481 0.103646
15 0.669111 0.565625 0.050240 0.145833
15 0.662139 0.427344 0.035817 0.103646
15 0.671875 0.340365 0.047115 0.092188
15 0.712740 0.330729 0.032692 0.133333
15 0.694471 0.256510 0.046154 0.094271
15 0.637981 0.216667 0.083654 0.111458
15 0.618990 0.329167 0.052404 0.125000
15 0.612620 0.443490 0.061779 0.106771
15 0.653606 0.283073 0.030769 0.053646
15 0.681130 0.167187 0.043510 0.104167
15 0.731971 0.167448 0.062019 0.159896
15 0.781971 0.115365 0.047596 0.110937
15 0.785457 0.034635 0.040144 0.067187
15 0.746034 0.065365 0.068510 0.098437
15 0.683173 0.062760 0.051442 0.124479
15 0.647356 0.060937 0.034615 0.105208
15 0.603486 0.107031 0.097356 0.095312
15 0.527043 0.255729 0.061779 0.117708
15 0.571274 0.300521 0.058894 0.125000
15 0.573077 0.202083 0.056731 0.098958
15 0.576322 0.039323 0.069952 0.076563
15 0.530409 0.117969 0.051202 0.088021
15 0.562019 0.410156 0.062981 0.110937
15 0.570793 0.520312 0.056490 0.121875
15 0.631130 0.516667 0.064663 0.091667
15 0.621875 0.616406 0.049038 0.120313
15 0.701683 0.521615 0.038462 0.108854
15 0.611178 0.715625 0.068990 0.103125
15 0.617067 0.862240 0.050962 0.099479
15 0.590745 0.807292 0.031971 0.107292
15 0.546394 0.737500 0.064423 0.085417
15 0.518990 0.839323 0.060096 0.124479
15 0.553005 0.915625 0.075721 0.093750
15 0.626202 0.933333 0.035577 0.059375
15 0.534615 0.977865 0.054327 0.044271
15 0.492788 0.938281 0.031731 0.107813
15 0.450120 0.865365 0.067548 0.146354
15 0.484856 0.755208 0.050962 0.088542
15 0.374760 0.964844 0.050481 0.070312
15 0.387981 0.908854 0.061538 0.106250
15 0.403365 0.836719 0.031250 0.083854
15 0.433293 0.762760 0.049760 0.155729
15 0.463822 0.652865 0.049760 0.110937
15 0.512861 0.644531 0.042067 0.110937
15 0.368630 0.671094 0.083894 0.077604
15 0.357812 0.794531 0.042548 0.144271
15 0.382812 0.758073 0.017067 0.100521
15 0.326683 0.935156 0.065865 0.093229
15 0.314063 0.861198 0.052644 0.120313
15 0.326202 0.729167 0.056250 0.113542
15 0.255168 0.969271 0.094471 0.061458
15 0.263462 0.869531 0.052885 0.119271
15 0.288822 0.783333 0.039183 0.120833
15 0.234736 0.913542 0.034856 0.089583
15 0.174279 0.912760 0.081731 0.118229
15 0.151082 0.952604 0.054087 0.094792
15 0.102404 0.835938 0.063462 0.120833
15 0.170313 0.804688 0.066106 0.076042
15 0.221514 0.822135 0.036779 0.093229
15 0.202163 0.732292 0.076923 0.095833
15 0.243870 0.652083 0.075721 0.146875
15 0.200841 0.617188 0.017067 0.056250
15 0.202043 0.531250 0.056490 0.122917
15 0.259014 0.541667 0.050721 0.117708
15 0.309014 0.531510 0.057452 0.119271
15 0.336178 0.591927 0.058894 0.126562
15 0.040505 0.853646 0.071875 0.130208
15 0.055409 0.911719 0.044471 0.074479
15 0.123317 0.722917 0.077404 0.095833
15 0.084976 0.626042 0.054567 0.134375
15 0.055288 0.738021 0.056731 0.118750
15 0.018870 0.678125 0.037260 0.072917
15 0.012861 0.760417 0.025240 0.097917
15 0.052644 0.975521 0.073558 0.048958
15 0.140986 0.535937 0.078606 0.127083
15 0.151202 0.620313 0.071154 0.096875
15 0.132812 0.666146 0.038702 0.063542
15 0.060817 0.549479 0.047115 0.142708
15 0.094832 0.510938 0.030529 0.092708
15 0.027644 0.583594 0.046154 0.130729
15 0.014543 0.467448 0.028606 0.111979
15 0.129207 0.405729 0.060817 0.137500
15 0.083534 0.436979 0.029087 0.090625
15 0.049279 0.436198 0.040865 0.088021
15 0.021274 0.358333 0.042067 0.135417
15 0.055529 0.341667 0.055769 0.107292
15 0.100841 0.335938 0.038221 0.066667
15 0.198077 0.426302 0.052885 0.099479
15 0.167788 0.489583 0.023558 0.078125
15 0.251442 0.466667 0.049038 0.086458
15 0.258293 0.375781 0.041587 0.130729
15 0.176442 0.348958 0.055288 0.095833
15 0.229928 0.340625 0.029567 0.066667
15 0.289784 0.392708 0.025721 0.132292
15 0.323678 0.323958 0.047837 0.104167
15 0.323798 0.423958 0.055769 0.105208
15 0.379327 0.328906 0.078365 0.100521
15 0.359495 0.388542 0.037740 0.045833
15 0.382933 0.462240 0.050962 0.122396
15 0.355769 0.501823 0.048077 0.073438
15 0.391106 0.561198 0.052885 0.091146
15 0.420553 0.595313 0.032933 0.107292
15 0.290144 0.630729 0.032692 0.098958
15 0.515264 0.531250 0.057452 0.107292
15 0.459014 0.563281 0.066106 0.091146
15 0.461418 0.483594 0.046394 0.089063
15 0.444712 0.396094 0.041827 0.169271
15 0.417788 0.427083 0.032692 0.167708
15 0.505288 0.433594 0.048558 0.092188
15 0.511178 0.341406 0.071875 0.095312
15 0.441827 0.224219 0.057692 0.128646
15 0.465745 0.269010 0.031490 0.086979
15 0.494351 0.175521 0.047837 0.117708
15 0.508293 0.060417 0.066106 0.109375
15 0.459736 0.058594 0.067067 0.080729
15 0.456971 0.129427 0.037500 0.065104
15 0.397837 0.225260 0.039423 0.096354
15 0.431130 0.312500 0.027163 0.055208
15 0.388702 0.112240 0.074038 0.123438
15 0.425481 0.019010 0.048558 0.036979
15 0.389423 0.044531 0.064904 0.055729
15 0.372957 0.019531 0.043990 0.038021
15 0.330769 0.029948 0.041346 0.058854
15 0.304928 0.133594 0.043029 0.183854
15 0.350361 0.190365 0.061779 0.117188
15 0.334736 0.231771 0.060817 0.072917
15 0.281370 0.288021 0.038702 0.082292
15 0.239663 0.265625 0.040385 0.090625
15 0.259135 0.179948 0.058654 0.126562
15 0.212981 0.202604 0.039904 0.101042
15 0.231611 0.058854 0.070433 0.116667
15 0.175841 0.139323 0.062740 0.102604
15 0.175000 0.223177 0.039904 0.085938
15 0.196034 0.282292 0.049279 0.073958
15 0.136538 0.290104 0.050481 0.075000
15 0.137260 0.192969 0.047596 0.102604
15 0.092909 0.251563 0.052644 0.095833
15 0.101082 0.109896 0.066106 0.120833
15 0.130529 0.049479 0.094231 0.097917
15 0.054928 0.110937 0.042067 0.085417
15 0.020553 0.227083 0.040625 0.131250
15 0.048197 0.285417 0.035337 0.039583
15 0.046274 0.188802 0.031010 0.107813
15 0.049880 0.081250 0.046875 0.097917
15 0.033413 0.042448 0.040865 0.083854
15 0.012861 0.120573 0.021394 0.078646
15 0.181611 0.039323 0.031490 0.076563
15 0.011899 0.021875 0.023317 0.042708
15 0.107332 0.907813 0.034375 0.048958
