15 0.853375 0.026902 0.026750 0.046196
15 0.824250 0.017663 0.028500 0.032065
15 0.794375 0.016033 0.026250 0.030978
15 0.797375 0.050815 0.025250 0.052717
15 0.829750 0.047554 0.027000 0.050543
15 0.858375 0.072011 0.022750 0.044022
15 0.830750 0.090489 0.035000 0.041848
15 0.861250 0.137500 0.031500 0.071739
15 0.866125 0.191576 0.021750 0.044022
15 0.837000 0.199728 0.035000 0.051630
15 0.825875 0.132337 0.030750 0.070109
15 0.793750 0.095924 0.031500 0.048370
15 0.800250 0.146739 0.027000 0.045652
15 0.790750 0.172011 0.039500 0.049457
15 0.806625 0.220652 0.032750 0.059783
15 0.851500 0.236141 0.034500 0.041848
15 0.883250 0.247011 0.028500 0.083152
15 0.868125 0.303804 0.036750 0.053261
15 0.833750 0.282337 0.028500 0.052717
15 0.804625 0.274185 0.026250 0.053804
15 0.781625 0.279348 0.028750 0.059783
15 0.773750 0.222826 0.019500 0.039130
15 0.757875 0.167663 0.027750 0.076630
15 0.764375 0.127989 0.031250 0.034239
15 0.762625 0.078533 0.035750 0.057065
15 0.751875 0.026630 0.033750 0.052174
15 0.723625 0.023370 0.018250 0.045652
15 0.715375 0.076359 0.029750 0.084239
15 0.738750 0.074185 0.014500 0.036413
15 0.725125 0.129348 0.023750 0.050000
15 0.729125 0.183152 0.029250 0.048913
15 0.718500 0.224728 0.025500 0.041848
15 0.746500 0.222554 0.028000 0.057065
15 0.721875 0.275815 0.024250 0.055978
15 0.750625 0.290489 0.036250 0.079891
15 0.695125 0.250000 0.027750 0.041304
15 0.696500 0.180435 0.031000 0.058696
15 0.672250 0.211141 0.025500 0.040761
15 0.698875 0.135870 0.026750 0.032609
15 0.667125 0.174728 0.024250 0.032065
15 0.685875 0.122826 0.022750 0.041304
15 0.684250 0.069837 0.024500 0.061413
15 0.658625 0.125272 0.025250 0.051630
15 0.657125 0.065761 0.028750 0.061957
15 0.701875 0.019022 0.018750 0.036957
15 0.675500 0.031522 0.029500 0.035870
15 0.653125 0.012500 0.021750 0.023913
15 0.885625 0.378533 0.037750 0.077717
15 0.846375 0.412772 0.036250 0.059239
15 0.824500 0.379348 0.034000 0.078261
15 0.832375 0.338043 0.031750 0.048913
15 0.791750 0.340489 0.039000 0.064674
15 0.787500 0.392391 0.034500 0.065217
15 0.801250 0.463043 0.036500 0.076087
15 0.861125 0.463315 0.048750 0.057065
15 0.811375 0.539402 0.041250 0.091848
15 0.927875 0.546467 0.034750 0.069022
15 0.944125 0.621196 0.039250 0.073913
15 0.964625 0.696196 0.053750 0.056522
15 0.926250 0.649185 0.048500 0.083152
15 0.900500 0.688315 0.037000 0.082065
15 0.874625 0.624185 0.036250 0.066848
15 0.858000 0.664402 0.036500 0.095109
15 0.829000 0.676902 0.028000 0.076630
15 0.810375 0.626902 0.043750 0.055978
15 0.782750 0.582065 0.023500 0.081522
15 0.758875 0.637500 0.046250 0.052174
15 0.756125 0.565217 0.033750 0.073913
15 0.748000 0.506250 0.042000 0.042935
15 0.764750 0.470924 0.031000 0.053804
15 0.735250 0.458696 0.030500 0.058696
15 0.754500 0.422554 0.038000 0.044022
15 0.748250 0.374185 0.037000 0.046196
15 0.717000 0.395380 0.027500 0.040761
15 0.705125 0.437500 0.031250 0.071739
15 0.702375 0.492391 0.038750 0.043478
15 0.720750 0.541033 0.035000 0.055978
15 0.723500 0.610870 0.022000 0.085870
15 0.694875 0.607065 0.030750 0.084783
15 0.711375 0.691576 0.042250 0.066848
15 0.798000 0.692391 0.033000 0.067391
15 0.845375 0.746467 0.030750 0.071196
15 0.877875 0.733967 0.038750 0.063587
15 0.924000 0.777989 0.035500 0.067935
15 0.879000 0.791304 0.050500 0.058696
15 0.828750 0.818750 0.045000 0.058152
15 0.807625 0.755978 0.039750 0.071739
15 0.764375 0.717391 0.044750 0.105435
15 0.727375 0.767663 0.039750 0.072283
15 0.694250 0.748098 0.024000 0.083152
15 0.672000 0.679076 0.019500 0.079891
15 0.676875 0.534783 0.043750 0.077174
15 0.947375 0.838315 0.048750 0.078804
15 0.985875 0.883152 0.028250 0.061957
15 0.961875 0.909239 0.032750 0.061957
15 0.928125 0.914946 0.047250 0.102717
15 0.878500 0.870652 0.056500 0.101087
15 0.827375 0.895380 0.057750 0.084239
15 0.816750 0.957880 0.051000 0.084239
15 0.861250 0.970109 0.041000 0.059783
15 0.778250 0.981250 0.027500 0.037500
15 0.759500 0.908696 0.047500 0.085870
15 0.782125 0.832609 0.036750 0.109783
15 0.740375 0.835870 0.040250 0.068478
15 0.695125 0.845109 0.037750 0.067391
15 0.703375 0.940489 0.033250 0.119022
15 0.735000 0.968750 0.040000 0.062500
15 0.945625 0.985598 0.029750 0.028804
15 0.986500 0.957609 0.027000 0.084783
15 0.669375 0.954620 0.035750 0.090761
15 0.658875 0.894022 0.037250 0.077174
15 0.622500 0.947826 0.048500 0.097826
15 0.593000 0.879620 0.043000 0.083152
15 0.627000 0.838859 0.041000 0.086413
15 0.652375 0.804620 0.027750 0.070109
15 0.662000 0.751630 0.027000 0.070652
15 0.629375 0.742391 0.037250 0.079348
15 0.587500 0.797554 0.037500 0.084239
15 0.588750 0.991304 0.022000 0.017391
15 0.544125 0.965489 0.040750 0.069022
15 0.547000 0.863315 0.045000 0.087500
15 0.539125 0.773370 0.040250 0.084783
15 0.569250 0.726087 0.042500 0.070652
15 0.591125 0.686685 0.030250 0.103804
15 0.616875 0.688043 0.017750 0.064130
15 0.640750 0.657880 0.032000 0.080978
15 0.613250 0.621196 0.030000 0.063043
15 0.649625 0.599185 0.049250 0.082065
15 0.626875 0.534783 0.025750 0.072826
15 0.601625 0.572554 0.030250 0.046196
15 0.571000 0.607065 0.042000 0.064130
15 0.513250 0.700000 0.041500 0.070652
15 0.500250 0.751902 0.037000 0.080978
15 0.526500 0.658152 0.027500 0.075000
15 0.502625 0.908967 0.046250 0.077717
15 0.534125 0.584239 0.030250 0.072826
15 0.526750 0.525000 0.042500 0.059783
15 0.559250 0.530978 0.023000 0.071739
15 0.592000 0.518750 0.040500 0.075543
15 0.567250 0.475272 0.039000 0.053804
15 0.531500 0.461685 0.031000 0.066848
15 0.499125 0.494022 0.041750 0.071739
15 0.495750 0.581522 0.037500 0.072826
15 0.584375 0.446739 0.028250 0.064130
15 0.621875 0.447011 0.031750 0.070109
15 0.646625 0.482337 0.028750 0.072283
15 0.678250 0.460870 0.023500 0.066304
15 0.660500 0.422011 0.029000 0.055978
15 0.685375 0.382880 0.031250 0.051630
15 0.714500 0.344022 0.039500 0.053261
15 0.677000 0.335054 0.026000 0.035326
15 0.660375 0.301359 0.037250 0.048370
15 0.658250 0.348098 0.023500 0.040761
15 0.641750 0.367120 0.028000 0.084239
15 0.618500 0.377989 0.023000 0.054891
15 0.599250 0.394837 0.025000 0.070109
15 0.588625 0.358696 0.025250 0.063043
15 0.620000 0.322011 0.038000 0.061413
15 0.661250 0.248913 0.035000 0.056522
15 0.623375 0.272283 0.036750 0.041304
15 0.585375 0.273098 0.033750 0.038587
15 0.588500 0.314130 0.026500 0.035870
15 0.561000 0.332609 0.023000 0.066304
15 0.553125 0.397011 0.027750 0.060326
15 0.531500 0.401630 0.024500 0.050000
15 0.509625 0.375815 0.026750 0.077717
15 0.492375 0.430435 0.027250 0.051087
15 0.530000 0.322011 0.030500 0.053804
15 0.549625 0.283152 0.028750 0.045652
15 0.525000 0.273641 0.022500 0.039674
15 0.498750 0.305435 0.031500 0.058696
15 0.559250 0.232337 0.039500 0.052717
15 0.576125 0.186957 0.045250 0.051087
15 0.599500 0.230435 0.027500 0.055435
15 0.612250 0.187500 0.020500 0.040217
15 0.632500 0.147283 0.027500 0.033696
15 0.643875 0.187772 0.025750 0.059239
15 0.629250 0.222554 0.029500 0.058152
15 0.631500 0.116304 0.029000 0.025000
15 0.606875 0.141576 0.020750 0.047283
15 0.576875 0.131793 0.040250 0.069022
15 0.549500 0.176359 0.026000 0.037500
15 0.529625 0.133152 0.029250 0.061957
15 0.620625 0.087772 0.030750 0.039674
15 0.628250 0.036413 0.028000 0.071739
15 0.606375 0.037500 0.017750 0.057609
15 0.587125 0.045109 0.028750 0.064130
15 0.580125 0.091576 0.019250 0.025543
15 0.552250 0.055435 0.025500 0.059783
15 0.540375 0.099185 0.012750 0.036413
15 0.560625 0.103804 0.017250 0.035870
15 0.496250 0.129348 0.033000 0.051087
15 0.518000 0.092120 0.020000 0.027717
15 0.505125 0.063315 0.041250 0.030978
15 0.489500 0.099185 0.029000 0.037500
15 0.528625 0.044293 0.023250 0.060326
15 0.545250 0.010870 0.022500 0.020652
15 0.489125 0.022283 0.021750 0.036957
15 0.506750 0.023641 0.015000 0.046196
15 0.527750 0.231250 0.022000 0.038587
15 0.529375 0.189130 0.018250 0.045652
15 0.507375 0.192663 0.025750 0.083152
15 0.506250 0.258152 0.019500 0.040217
15 0.473875 0.252989 0.044750 0.070109
15 0.481875 0.185054 0.026250 0.058152
15 0.459500 0.217391 0.019500 0.056522
15 0.458375 0.148098 0.020750 0.039674
15 0.475250 0.135598 0.015000 0.052717
15 0.469625 0.063859 0.027250 0.045109
15 0.457750 0.105435 0.024500 0.047826
15 0.440500 0.066033 0.027500 0.058152
15 0.434625 0.142120 0.023250 0.052717
15 0.443000 0.187228 0.030500 0.042935
15 0.429750 0.223641 0.032500 0.074457
15 0.404750 0.153804 0.033000 0.055435
15 0.407250 0.103804 0.034000 0.044565
15 0.375875 0.137228 0.017250 0.055978
15 0.387000 0.186685 0.025000 0.058152
15 0.403250 0.238859 0.017500 0.057065
15 0.447500 0.286141 0.019500 0.055978
15 0.422875 0.290217 0.029250 0.053261
15 0.395750 0.285326 0.031000 0.069565
15 0.469250 0.312772 0.020500 0.035326
15 0.474750 0.358696 0.037000 0.073913
15 0.467375 0.456250 0.024750 0.089674
15 0.441375 0.354348 0.024750 0.067391
15 0.457875 0.531522 0.026750 0.091304
15 0.481125 0.626630 0.036750 0.081522
15 0.446500 0.626630 0.027500 0.093478
15 0.431125 0.556522 0.033750 0.069565
15 0.425125 0.493750 0.045250 0.059239
15 0.435875 0.431250 0.033250 0.057065
15 0.422625 0.382337 0.021250 0.048370
15 0.408000 0.348641 0.037000 0.053804
15 0.403750 0.423370 0.026000 0.071739
15 0.398500 0.547283 0.024000 0.077174
15 0.439375 0.702174 0.035250 0.075000
15 0.399625 0.673098 0.035250 0.098370
15 0.473250 0.701630 0.040500 0.081522
15 0.435875 0.824457 0.029750 0.088043
15 0.409875 0.755163 0.060250 0.055978
15 0.397625 0.844293 0.041250 0.086413
15 0.462500 0.890761 0.037500 0.123913
15 0.494125 0.827989 0.050750 0.066848
15 0.468500 0.976630 0.049500 0.046739
15 0.427625 0.985870 0.026250 0.028261
15 0.384250 0.981522 0.034000 0.036957
15 0.366250 0.916033 0.064500 0.105978
15 0.332500 0.838859 0.034000 0.094022
15 0.350375 0.772554 0.038250 0.079891
15 0.363875 0.689674 0.031250 0.095652
15 0.375500 0.588587 0.031000 0.084783
15 0.344250 0.609783 0.031000 0.080435
15 0.328000 0.687500 0.043500 0.092391
15 0.329625 0.972283 0.050750 0.055435
15 0.290250 0.916848 0.070000 0.085870
15 0.256375 0.958696 0.048250 0.082609
15 0.208375 0.969837 0.051750 0.060326
15 0.280625 0.804348 0.041250 0.086957
15 0.249125 0.861685 0.030750 0.097283
15 0.215625 0.845652 0.038750 0.072826
15 0.215125 0.909783 0.035250 0.055435
15 0.301500 0.747011 0.042500 0.087500
15 0.280000 0.677174 0.044000 0.079348
15 0.247625 0.729348 0.034250 0.079348
15 0.228000 0.784239 0.029000 0.053261
15 0.219750 0.721196 0.036500 0.092391
15 0.309125 0.619022 0.033750 0.072826
15 0.271750 0.589946 0.041500 0.069022
15 0.245875 0.646739 0.029250 0.071739
15 0.223000 0.611141 0.026000 0.117935
15 0.153625 0.989130 0.030250 0.021739
15 0.113375 0.993750 0.029250 0.012500
15 0.171250 0.923641 0.048500 0.100543
15 0.134750 0.887228 0.030500 0.080978
15 0.105375 0.813587 0.045750 0.078261
15 0.151750 0.797011 0.050500 0.094022
15 0.132250 0.736957 0.035500 0.056522
15 0.192625 0.768478 0.034250 0.073913
15 0.190125 0.697011 0.029250 0.070109
15 0.163750 0.664130 0.051500 0.091304
15 0.162000 0.594022 0.045000 0.066304
15 0.200625 0.559783 0.028750 0.082609
15 0.241750 0.549728 0.029500 0.050543
15 0.146250 0.555163 0.054000 0.108152
15 0.383750 0.486413 0.038000 0.061957
15 0.353375 0.530707 0.020750 0.083152
15 0.320625 0.535326 0.033250 0.081522
15 0.283250 0.535870 0.032500 0.043478
15 0.284375 0.473370 0.029750 0.088043
15 0.252250 0.479891 0.037500 0.064130
15 0.322250 0.471467 0.045000 0.064674
15 0.366750 0.454348 0.037500 0.061957
15 0.351000 0.421467 0.043500 0.050543
15 0.387125 0.396467 0.039750 0.046196
15 0.377000 0.343207 0.026000 0.057065
15 0.345000 0.320380 0.035000 0.038587
15 0.343000 0.372283 0.034000 0.061957
15 0.315625 0.400000 0.033750 0.035870
15 0.312875 0.338859 0.029250 0.071196
15 0.280875 0.372011 0.034250 0.061413
15 0.299000 0.431522 0.038000 0.034783
15 0.256125 0.419837 0.038750 0.040761
15 0.239625 0.368478 0.037250 0.057609
15 0.355375 0.255163 0.033750 0.085326
15 0.375125 0.229891 0.028750 0.050000
15 0.361250 0.188587 0.022000 0.053261
15 0.329500 0.217391 0.024000 0.065217
15 0.330625 0.285326 0.026250 0.048913
15 0.303375 0.258424 0.034750 0.071196
15 0.266625 0.297283 0.025250 0.055435
15 0.285250 0.322011 0.030500 0.039674
15 0.241625 0.307065 0.034750 0.055435
15 0.242000 0.262500 0.022000 0.042391
15 0.272000 0.252989 0.022000 0.037500
15 0.260375 0.216576 0.025750 0.053804
15 0.284625 0.191033 0.018750 0.079891
15 0.314750 0.171739 0.037500 0.067391
15 0.353750 0.135054 0.024000 0.060326
15 0.340375 0.088043 0.019750 0.085870
15 0.317875 0.060598 0.025750 0.050543
15 0.290625 0.039946 0.021750 0.047283
15 0.303125 0.113859 0.040750 0.046196
15 0.290500 0.142391 0.019500 0.036957
15 0.266125 0.118478 0.018250 0.044565
15 0.247625 0.154076 0.042250 0.067935
15 0.217375 0.200815 0.026250 0.071196
15 0.238750 0.214946 0.019500 0.044022
15 0.256625 0.083424 0.038250 0.033152
15 0.285125 0.091576 0.027250 0.044022
15 0.234750 0.120924 0.029000 0.059239
15 0.248750 0.033152 0.032000 0.059783
15 0.197250 0.072283 0.027000 0.069565
15 0.274125 0.032065 0.011250 0.051087
15 0.195500 0.154891 0.037000 0.070652
15 0.181750 0.116033 0.027500 0.045109
15 0.221375 0.067663 0.024250 0.078804
15 0.213125 0.020652 0.036250 0.040217
15 0.215875 0.252174 0.030250 0.045652
15 0.200000 0.283696 0.042000 0.048913
15 0.185000 0.209239 0.033500 0.038043
15 0.175250 0.242391 0.033500 0.057609
15 0.208000 0.347011 0.031500 0.072283
15 0.173750 0.331250 0.044000 0.055978
15 0.172875 0.385598 0.040250 0.062500
15 0.162500 0.442120 0.045500 0.069022
15 0.210500 0.432337 0.042000 0.079891
15 0.210000 0.502717 0.046500 0.056522
15 0.183125 0.485598 0.034750 0.057065
