15 0.847135 0.042668 0.126562 0.084856
15 0.958854 0.090144 0.070833 0.073077
15 0.948698 0.134856 0.097396 0.035577
15 0.951562 0.176923 0.096875 0.060577
15 0.955990 0.233413 0.088021 0.050000
15 0.955469 0.033053 0.068229 0.043029
15 0.855469 0.120192 0.113021 0.076923
15 0.827083 0.184495 0.112500 0.057452
15 0.776042 0.252404 0.132292 0.061058
15 0.897135 0.292668 0.148438 0.055529
15 0.956510 0.333173 0.086979 0.035577
15 0.897656 0.370312 0.145313 0.054567
15 0.728385 0.150240 0.123438 0.068269
15 0.664323 0.082933 0.125521 0.061538
15 0.751563 0.081611 0.075000 0.068990
15 0.706510 0.022115 0.113021 0.043750
15 0.581250 0.023798 0.113542 0.044712
15 0.535677 0.068630 0.074479 0.032933
15 0.571615 0.121635 0.161979 0.075000
15 0.647135 0.197236 0.095312 0.064183
15 0.719010 0.213822 0.114062 0.041106
15 0.714323 0.314303 0.115104 0.066587
15 0.656771 0.260457 0.100000 0.057933
15 0.554948 0.242188 0.091146 0.090625
15 0.533594 0.178966 0.105729 0.043510
15 0.473438 0.231370 0.106250 0.069952
15 0.434896 0.286418 0.107292 0.051202
15 0.351823 0.222115 0.130729 0.054808
15 0.396354 0.173798 0.160417 0.037981
15 0.440104 0.126202 0.127083 0.062981
15 0.332813 0.150000 0.107292 0.047596
15 0.217448 0.154207 0.197396 0.045913
15 0.277344 0.090625 0.170313 0.068269
15 0.466146 0.050120 0.109375 0.076202
15 0.328125 0.065144 0.128125 0.046154
15 0.368750 0.025962 0.127083 0.051442
15 0.259635 0.022596 0.089063 0.044712
15 0.177083 0.047115 0.154167 0.049038
15 0.048438 0.055769 0.081250 0.057692
15 0.167448 0.100481 0.136979 0.050481
15 0.096875 0.120913 0.138542 0.043750
15 0.014063 0.112260 0.027083 0.047115
15 0.084375 0.011418 0.167708 0.022356
15 0.070052 0.189784 0.088021 0.054087
15 0.186458 0.193870 0.131250 0.042067
15 0.142448 0.238582 0.110937 0.043510
15 0.079948 0.255889 0.109896 0.077163
15 0.255729 0.248197 0.120833 0.053606
15 0.233073 0.303005 0.152604 0.074279
15 0.325781 0.294712 0.095312 0.080769
15 0.421094 0.338822 0.167187 0.046394
15 0.612500 0.315986 0.077083 0.034856
15 0.083333 0.327764 0.151042 0.027644
15 0.056771 0.365385 0.104167 0.045673
15 0.213542 0.362740 0.161458 0.049519
15 0.643490 0.354207 0.219271 0.054567
15 0.727083 0.387139 0.132292 0.058894
15 0.847135 0.410697 0.107813 0.038221
15 0.929688 0.439543 0.120833 0.067548
15 0.982031 0.382091 0.035937 0.038221
15 0.862240 0.464543 0.098437 0.057452
15 0.959115 0.503966 0.081771 0.055529
15 0.980729 0.556731 0.038542 0.048558
15 0.929167 0.580889 0.104167 0.053125
15 0.867708 0.528365 0.107292 0.050000
15 0.830729 0.585457 0.081250 0.069952
15 0.733854 0.545913 0.112500 0.063942
15 0.685937 0.558413 0.097917 0.076923
15 0.743490 0.467428 0.117188 0.067548
15 0.735417 0.504808 0.107292 0.035096
15 0.650781 0.441226 0.122396 0.039183
15 0.601302 0.496755 0.113021 0.056010
15 0.547135 0.434976 0.091146 0.082452
15 0.601042 0.396635 0.101042 0.037981
15 0.503646 0.372837 0.080208 0.067788
15 0.445573 0.439423 0.098437 0.049519
15 0.396615 0.391106 0.118229 0.040865
15 0.320052 0.452524 0.142187 0.062740
15 0.280469 0.390865 0.091146 0.064423
15 0.202604 0.426683 0.111458 0.074038
15 0.090365 0.407212 0.101562 0.048077
15 0.029687 0.435817 0.058333 0.060096
15 0.051302 0.493630 0.101562 0.052644
15 0.166146 0.477404 0.123958 0.036538
15 0.212500 0.511298 0.213542 0.050000
15 0.323177 0.511298 0.094271 0.039904
15 0.428385 0.493990 0.085938 0.048558
15 0.453385 0.509856 0.150521 0.057212
15 0.500521 0.555649 0.095833 0.071394
15 0.588281 0.557813 0.082812 0.052163
15 0.086458 0.538101 0.127083 0.051683
15 0.130990 0.576683 0.174479 0.048558
15 0.256771 0.558894 0.109375 0.055288
15 0.386198 0.573438 0.088021 0.065144
15 0.320312 0.570553 0.054167 0.054567
15 0.041667 0.591947 0.082292 0.050240
15 0.163802 0.625962 0.144271 0.046154
15 0.324740 0.630288 0.158854 0.055769
15 0.446094 0.616707 0.063021 0.042548
15 0.546094 0.628726 0.113021 0.054567
15 0.696875 0.601923 0.158333 0.027885
15 0.688281 0.644591 0.117188 0.051202
15 0.616406 0.647957 0.039062 0.067067
15 0.874479 0.650000 0.153125 0.050000
15 0.910156 0.695072 0.118229 0.057933
15 0.793490 0.694111 0.121354 0.053125
15 0.665625 0.701683 0.130208 0.049038
15 0.541667 0.678846 0.110417 0.056731
15 0.537500 0.741707 0.160417 0.068029
15 0.407292 0.729688 0.134375 0.081010
15 0.329427 0.679808 0.111979 0.063462
15 0.257031 0.719591 0.088021 0.090144
15 0.215625 0.656731 0.079167 0.046635
15 0.152865 0.695913 0.116146 0.084615
15 0.048177 0.695312 0.095312 0.067548
15 0.073177 0.740865 0.117188 0.037500
15 0.184375 0.763462 0.105208 0.059615
15 0.077865 0.791707 0.152604 0.051202
15 0.090885 0.846274 0.122396 0.053125
15 0.256771 0.809135 0.079167 0.060577
15 0.336198 0.789663 0.142187 0.060096
15 0.039323 0.883173 0.077604 0.063462
15 0.027604 0.829808 0.054167 0.034135
15 0.114062 0.932212 0.110417 0.060577
15 0.069792 0.972596 0.110417 0.051923
15 0.988281 0.704087 0.023438 0.059135
15 0.964583 0.763822 0.070833 0.054087
15 0.913281 0.737500 0.114062 0.049519
15 0.928906 0.796034 0.113021 0.061779
15 0.980729 0.833894 0.038542 0.034135
15 0.953646 0.876082 0.092708 0.042548
15 0.925781 0.896995 0.086979 0.044952
15 0.865625 0.852404 0.161458 0.050000
15 0.821615 0.914423 0.110937 0.087019
15 0.937760 0.961538 0.095312 0.065865
15 0.824740 0.976562 0.086979 0.042067
15 0.724479 0.977644 0.098958 0.034135
15 0.622656 0.964303 0.092188 0.051683
15 0.602083 0.922596 0.129167 0.048077
15 0.707292 0.898918 0.122917 0.080048
15 0.608594 0.849639 0.111979 0.069471
15 0.657292 0.820793 0.151042 0.074279
15 0.700260 0.762620 0.163021 0.066106
15 0.798177 0.745913 0.172396 0.056731
15 0.475000 0.822716 0.150000 0.052644
15 0.509635 0.878125 0.133854 0.051442
15 0.538021 0.948438 0.103125 0.065144
15 0.624219 0.972236 0.073438 0.055529
15 0.477344 0.969952 0.068229 0.059135
15 0.395833 0.947716 0.120833 0.050721
15 0.377344 0.986418 0.111979 0.019471
15 0.329688 0.892909 0.161458 0.064183
15 0.234115 0.937981 0.118229 0.074038
15 0.264323 0.973558 0.122396 0.052885
