15 0.942125 0.838043 0.115750 0.310870
15 0.804750 0.876359 0.153500 0.219022
15 0.692625 0.937772 0.123750 0.124457
15 0.552375 0.946196 0.134750 0.107609
15 0.643750 0.774728 0.170000 0.277717
15 0.778750 0.674185 0.091500 0.185326
15 0.894750 0.584511 0.157000 0.247283
15 0.983125 0.593478 0.033750 0.235870
15 0.913750 0.431250 0.084000 0.152717
15 0.968250 0.408424 0.063500 0.122283
15 0.962625 0.324185 0.074750 0.107065
15 0.889250 0.269565 0.076500 0.182609
15 0.903375 0.189674 0.043750 0.070652
15 0.976500 0.203261 0.047000 0.109783
15 0.948125 0.088587 0.065250 0.128261
15 0.877375 0.072826 0.073750 0.144565
15 0.823625 0.113587 0.104750 0.120652
15 0.745375 0.233967 0.065250 0.102717
15 0.819750 0.342120 0.097000 0.312500
15 0.733625 0.444022 0.086250 0.226087
15 0.677375 0.556522 0.068250 0.146739
15 0.576375 0.551359 0.152250 0.153804
15 0.646875 0.355707 0.083250 0.197283
15 0.539500 0.390489 0.130000 0.173370
15 0.526000 0.232609 0.084500 0.208696
15 0.589250 0.170924 0.089000 0.223370
15 0.679125 0.195924 0.072750 0.203804
15 0.739500 0.097554 0.066000 0.128804
15 0.684000 0.052174 0.073000 0.073913
15 0.597125 0.039674 0.070250 0.078261
15 0.489625 0.102174 0.086750 0.113043
15 0.415875 0.257065 0.132750 0.271739
15 0.450000 0.530163 0.095000 0.269022
15 0.477750 0.818478 0.180000 0.314130
15 0.413500 0.984783 0.080500 0.030435
15 0.210750 0.949185 0.107000 0.101630
15 0.317750 0.763315 0.157000 0.373370
15 0.308250 0.557880 0.092500 0.110326
15 0.312750 0.403804 0.150000 0.236957
15 0.156625 0.481793 0.134750 0.235326
15 0.170500 0.779348 0.176500 0.441304
15 0.038125 0.866848 0.075750 0.244565
15 0.023500 0.661957 0.046500 0.116304
15 0.060000 0.443207 0.119500 0.303804
15 0.077375 0.246196 0.154250 0.139130
15 0.207250 0.226630 0.118000 0.265217
15 0.256125 0.066848 0.118750 0.132609
15 0.387125 0.060598 0.109750 0.105978
15 0.320375 0.191848 0.116750 0.178261
15 0.142375 0.082609 0.120250 0.164130
15 0.050250 0.084239 0.094500 0.167391
