15 0.879750 0.858967 0.239500 0.277717
15 0.706625 0.677174 0.108250 0.333696
15 0.975125 0.653804 0.049750 0.256522
15 0.845375 0.576902 0.166750 0.313587
15 0.777375 0.357880 0.086250 0.223370
15 0.932750 0.280978 0.134500 0.361957
15 0.803750 0.125543 0.116500 0.250000
15 0.910375 0.054620 0.135250 0.108152
15 0.697250 0.077989 0.103500 0.154891
15 0.585000 0.124185 0.129000 0.247283
15 0.562125 0.263587 0.118250 0.306522
15 0.678125 0.369293 0.101250 0.282065
15 0.576375 0.765489 0.150750 0.464674
15 0.491000 0.469022 0.173000 0.391304
15 0.413500 0.201902 0.136000 0.230978
15 0.443000 0.059239 0.091000 0.117391
15 0.303500 0.066033 0.110500 0.130978
15 0.262125 0.280978 0.152750 0.241304
15 0.088500 0.414402 0.176500 0.312500
15 0.122125 0.611685 0.243750 0.328804
15 0.321250 0.689946 0.200000 0.389674
15 0.174250 0.135598 0.128500 0.270109
