15 0.477446 0.165625 0.059239 0.026750
15 0.443478 0.175750 0.068478 0.021500
15 0.506522 0.199500 0.047826 0.026000
15 0.454348 0.205000 0.057609 0.019000
15 0.404620 0.193500 0.057065 0.016500
15 0.401630 0.207625 0.051087 0.013750
15 0.347826 0.206750 0.050000 0.018500
15 0.341304 0.224750 0.036957 0.014500
15 0.388043 0.222500 0.042391 0.012500
15 0.292391 0.211750 0.057609 0.032500
15 0.202717 0.223125 0.070652 0.016250
15 0.174457 0.207125 0.056522 0.018250
15 0.138315 0.235000 0.050543 0.026000
15 0.209783 0.254375 0.041304 0.015750
15 0.181793 0.266250 0.058152 0.022000
15 0.118750 0.270125 0.049457 0.026250
15 0.125815 0.292125 0.040761 0.014250
15 0.172283 0.299125 0.044565 0.016750
15 0.143207 0.310875 0.045109 0.015250
15 0.098913 0.302625 0.035870 0.022750
15 0.219837 0.295000 0.039674 0.016000
15 0.223641 0.311625 0.045109 0.018250
15 0.166576 0.321000 0.080978 0.020500
15 0.101359 0.324500 0.046196 0.020000
15 0.084783 0.345375 0.045652 0.020250
15 0.149457 0.342125 0.059783 0.017750
15 0.201902 0.344625 0.025543 0.020750
15 0.249457 0.330000 0.050000 0.028500
15 0.263315 0.342000 0.051630 0.024500
15 0.271739 0.295250 0.064130 0.033000
15 0.304348 0.286375 0.035870 0.022250
15 0.279076 0.267750 0.055978 0.027500
15 0.316848 0.274125 0.044565 0.025750
15 0.244565 0.236875 0.065217 0.019750
15 0.296467 0.241000 0.063587 0.018500
15 0.354076 0.239375 0.027717 0.014250
15 0.364402 0.256000 0.040761 0.019500
15 0.435054 0.249125 0.041848 0.022250
15 0.414130 0.235375 0.072826 0.021250
15 0.443207 0.223250 0.046196 0.015000
15 0.483696 0.224875 0.022826 0.020750
15 0.499185 0.234875 0.041848 0.018250
15 0.501359 0.261250 0.038587 0.020500
15 0.509511 0.249750 0.016848 0.010000
15 0.468478 0.262250 0.027174 0.020500
15 0.447826 0.274375 0.023913 0.015750
15 0.417935 0.274250 0.028261 0.009000
15 0.396467 0.266000 0.039674 0.016500
15 0.381522 0.283375 0.050000 0.026250
15 0.348370 0.282625 0.017391 0.023750
15 0.578533 0.183750 0.049457 0.023000
15 0.558967 0.202875 0.038587 0.021750
15 0.535598 0.221250 0.053804 0.019000
15 0.597283 0.221750 0.048913 0.030000
15 0.574728 0.220875 0.028804 0.016250
15 0.599728 0.202125 0.032065 0.019750
15 0.635598 0.191875 0.030978 0.019250
15 0.661957 0.180875 0.045652 0.018750
15 0.725543 0.187875 0.031522 0.023750
15 0.689946 0.205250 0.073370 0.026500
15 0.758967 0.185375 0.024457 0.011250
15 0.759239 0.201375 0.041304 0.021750
15 0.786141 0.205875 0.027717 0.017250
15 0.738043 0.217500 0.031522 0.015500
15 0.703804 0.224875 0.042391 0.017250
15 0.653804 0.218500 0.053261 0.024500
15 0.614946 0.248375 0.061413 0.030750
15 0.684239 0.237750 0.032609 0.005500
15 0.645380 0.234375 0.024457 0.012250
15 0.566576 0.241375 0.028804 0.015250
15 0.545652 0.249125 0.043478 0.033250
15 0.771196 0.222750 0.035870 0.013500
15 0.811141 0.221500 0.046196 0.010000
15 0.824728 0.208750 0.046196 0.016500
15 0.833152 0.184375 0.065217 0.015250
15 0.842391 0.199875 0.043478 0.016250
15 0.866304 0.212875 0.029348 0.007750
15 0.926630 0.199625 0.073913 0.024250
15 0.902717 0.186625 0.052174 0.016750
15 0.875815 0.201000 0.030978 0.016500
15 0.633967 0.278125 0.040761 0.020750
15 0.607609 0.268250 0.028261 0.011000
15 0.585054 0.285125 0.052717 0.028250
15 0.558424 0.273625 0.027717 0.015750
15 0.517391 0.281750 0.061957 0.015500
15 0.462772 0.293625 0.049457 0.028750
15 0.512228 0.301750 0.033152 0.016500
15 0.549457 0.317125 0.040217 0.020250
15 0.593750 0.311875 0.042935 0.018750
15 0.636141 0.295500 0.042935 0.021000
15 0.637500 0.314375 0.047826 0.018250
15 0.495652 0.318125 0.056522 0.018750
15 0.447826 0.315125 0.032609 0.008250
15 0.451902 0.329375 0.047283 0.019750
15 0.406522 0.314375 0.043478 0.024250
15 0.424457 0.288250 0.027174 0.030000
15 0.342120 0.303625 0.045109 0.025750
15 0.354348 0.324750 0.047826 0.019500
15 0.302989 0.319250 0.037500 0.014000
15 0.311141 0.338000 0.034239 0.015000
15 0.345380 0.349875 0.047283 0.018250
15 0.309783 0.367250 0.039130 0.024500
15 0.401630 0.341750 0.044565 0.027000
15 0.392935 0.369125 0.065217 0.025750
15 0.347554 0.381125 0.032065 0.023750
15 0.439946 0.345625 0.030978 0.012750
15 0.477717 0.350000 0.032609 0.016500
15 0.521467 0.361250 0.055978 0.027500
15 0.511957 0.335875 0.067391 0.020250
15 0.573370 0.342500 0.027174 0.015000
15 0.595109 0.354625 0.035870 0.015250
15 0.563043 0.367000 0.026087 0.012500
15 0.635870 0.337500 0.057609 0.019500
15 0.599457 0.333000 0.048913 0.022000
15 0.691033 0.365500 0.053804 0.028000
15 0.640217 0.365625 0.042391 0.017250
15 0.634511 0.350750 0.033152 0.012500
15 0.755163 0.364625 0.059239 0.019250
15 0.758967 0.379500 0.054891 0.012000
15 0.799728 0.362500 0.041848 0.022000
15 0.816576 0.342625 0.061413 0.021750
15 0.871196 0.336250 0.054348 0.024500
15 0.916576 0.322500 0.053804 0.014000
15 0.978533 0.330375 0.042935 0.019750
15 0.933696 0.343875 0.069565 0.017250
15 0.884511 0.355500 0.042935 0.016500
15 0.839946 0.355250 0.040761 0.016000
15 0.923913 0.363250 0.031522 0.027000
15 0.887228 0.390625 0.060326 0.023250
15 0.855707 0.377250 0.070109 0.025000
15 0.836685 0.369125 0.026630 0.011250
15 0.814674 0.377375 0.026087 0.010250
15 0.839946 0.397500 0.032065 0.013500
15 0.931522 0.328750 0.053261 0.013000
15 0.993207 0.367375 0.013587 0.021750
15 0.966304 0.369375 0.036957 0.028750
15 0.992935 0.384250 0.014130 0.009000
15 0.986957 0.396000 0.026087 0.011500
15 0.944022 0.388250 0.052174 0.018000
15 0.790217 0.391375 0.058696 0.020250
15 0.715489 0.386500 0.025543 0.008000
15 0.729076 0.399250 0.061413 0.016500
15 0.685326 0.396750 0.029348 0.020000
15 0.647011 0.392250 0.042935 0.035000
15 0.604348 0.380250 0.044565 0.024500
15 0.565217 0.387000 0.034783 0.024500
15 0.605978 0.401375 0.034783 0.018750
15 0.521196 0.394875 0.051087 0.015750
15 0.513859 0.377625 0.045109 0.017250
15 0.467663 0.369000 0.047283 0.020000
15 0.456522 0.393125 0.058696 0.023750
15 0.377174 0.399375 0.050000 0.016750
15 0.319293 0.401875 0.053804 0.016250
15 0.286685 0.379375 0.058152 0.021750
15 0.262500 0.363875 0.026087 0.012250
15 0.231522 0.375625 0.023913 0.020250
15 0.183152 0.367250 0.067391 0.027500
15 0.104076 0.372375 0.041848 0.021750
15 0.073098 0.361625 0.042935 0.012250
15 0.070924 0.382000 0.046196 0.025500
15 0.125543 0.386125 0.031522 0.014250
15 0.103804 0.401500 0.053261 0.015000
15 0.147554 0.410500 0.049457 0.019000
15 0.171467 0.398375 0.045109 0.012250
15 0.183424 0.385125 0.049457 0.008250
15 0.224728 0.357625 0.024457 0.014250
15 0.227174 0.398375 0.053261 0.025750
15 0.197011 0.417125 0.050543 0.018750
15 0.116033 0.425250 0.035326 0.024000
15 0.069293 0.422000 0.050543 0.034500
15 0.040761 0.421125 0.047826 0.024750
15 0.064402 0.448250 0.048370 0.020500
15 0.027446 0.446375 0.028804 0.024750
15 0.131522 0.452125 0.042391 0.022250
15 0.102989 0.463500 0.038587 0.023500
15 0.167935 0.436625 0.051087 0.019750
15 0.209239 0.426625 0.030435 0.016250
15 0.236141 0.432250 0.054891 0.032500
15 0.288587 0.419375 0.047826 0.024750
15 0.345924 0.421875 0.052717 0.021250
15 0.390217 0.418750 0.041304 0.020500
15 0.428804 0.410875 0.046739 0.018250
15 0.477174 0.414125 0.040217 0.017750
15 0.438315 0.435000 0.032065 0.028500
15 0.391304 0.436250 0.066304 0.013000
15 0.338587 0.445125 0.035870 0.019750
15 0.292663 0.450750 0.046196 0.033000
15 0.204891 0.461000 0.100000 0.022500
15 0.142391 0.475750 0.034783 0.021000
15 0.111685 0.486750 0.030978 0.019500
15 0.207609 0.481375 0.075000 0.013750
15 0.180435 0.495625 0.045652 0.013750
15 0.052174 0.474500 0.068478 0.029500
15 0.012228 0.475375 0.023370 0.018750
15 0.322554 0.472500 0.060326 0.029500
15 0.262500 0.479500 0.079348 0.017500
15 0.361685 0.468375 0.027717 0.017750
15 0.395652 0.455875 0.041304 0.018750
15 0.430435 0.460125 0.052174 0.014750
15 0.379620 0.479125 0.058152 0.020250
15 0.433424 0.475750 0.051630 0.019500
15 0.306793 0.505375 0.066848 0.028750
15 0.351630 0.506500 0.030435 0.023500
15 0.385598 0.496750 0.030978 0.028000
15 0.234783 0.499375 0.051087 0.027250
15 0.469293 0.436750 0.050543 0.029500
15 0.472283 0.455250 0.020652 0.011500
15 0.472554 0.465250 0.027717 0.014000
15 0.481522 0.482750 0.022826 0.014000
15 0.462228 0.500750 0.033152 0.021000
15 0.505435 0.496500 0.046739 0.009000
15 0.428261 0.496625 0.048913 0.020750
15 0.417391 0.516875 0.053261 0.016750
15 0.467120 0.526625 0.060326 0.023250
15 0.364674 0.532375 0.035870 0.018750
15 0.398098 0.542750 0.057065 0.017500
15 0.321739 0.533000 0.042391 0.024000
15 0.265489 0.531125 0.044022 0.015750
15 0.245109 0.517375 0.039130 0.020750
15 0.185598 0.520000 0.053804 0.027000
15 0.129620 0.512875 0.037500 0.019250
15 0.077174 0.505250 0.058696 0.028500
15 0.047554 0.512250 0.045109 0.022000
15 0.011141 0.500375 0.021196 0.027250
15 0.012772 0.527500 0.024457 0.025500
15 0.040217 0.540750 0.048913 0.023500
15 0.095380 0.537625 0.047283 0.027750
15 0.146467 0.548375 0.037500 0.034750
15 0.215761 0.550625 0.055435 0.029250
15 0.265489 0.555750 0.044022 0.027500
15 0.300815 0.542625 0.045109 0.026750
15 0.346739 0.552000 0.046739 0.012000
15 0.341304 0.567500 0.053261 0.015500
15 0.390489 0.561875 0.047283 0.019250
15 0.435326 0.552500 0.034783 0.022000
15 0.436957 0.573875 0.027174 0.018250
15 0.489674 0.580125 0.048913 0.019250
15 0.348098 0.584125 0.036413 0.017250
15 0.298913 0.578500 0.057609 0.020500
15 0.193478 0.563875 0.072826 0.026250
15 0.174185 0.582500 0.097283 0.016500
15 0.110870 0.571125 0.035870 0.019750
15 0.070380 0.563625 0.046196 0.022250
15 0.061141 0.586875 0.088587 0.022250
15 0.122554 0.594750 0.042935 0.016000
15 0.182065 0.601875 0.064130 0.016750
15 0.084511 0.610125 0.044022 0.026750
15 0.004348 0.599750 0.007609 0.019000
15 0.038315 0.631500 0.075543 0.024000
15 0.096196 0.640500 0.050000 0.025500
15 0.151630 0.624250 0.077174 0.040000
15 0.215761 0.621875 0.045652 0.024250
15 0.256793 0.624250 0.052717 0.042500
15 0.346196 0.605750 0.046739 0.019500
15 0.333967 0.626000 0.088587 0.020500
15 0.399185 0.592250 0.076630 0.039000
15 0.430978 0.617750 0.054348 0.020500
15 0.031250 0.661875 0.061413 0.041250
15 0.011685 0.688625 0.022283 0.020250
15 0.069022 0.693250 0.056522 0.019500
15 0.095924 0.666125 0.066848 0.023250
15 0.153533 0.663375 0.058152 0.032250
15 0.199457 0.646500 0.034783 0.020500
15 0.227717 0.668375 0.076087 0.024250
15 0.159783 0.691250 0.098913 0.020500
15 0.106522 0.716125 0.060870 0.043250
15 0.026087 0.716750 0.051087 0.040500
15 0.022826 0.752125 0.044565 0.030250
15 0.024457 0.779250 0.047826 0.022500
15 0.032609 0.811125 0.064130 0.041750
15 0.072554 0.832125 0.076630 0.049750
15 0.149728 0.850875 0.094022 0.059750
15 0.248370 0.860875 0.080435 0.047750
15 0.304076 0.817250 0.125543 0.034500
15 0.335326 0.853250 0.085870 0.037500
15 0.157880 0.909125 0.085326 0.033250
15 0.241304 0.924000 0.090217 0.049500
15 0.116304 0.974500 0.092391 0.041000
15 0.329076 0.912375 0.073370 0.044750
15 0.387500 0.894000 0.069565 0.032000
15 0.404076 0.934125 0.065761 0.054250
15 0.456793 0.912375 0.074457 0.037250
15 0.416304 0.986375 0.107609 0.027250
15 0.493478 0.944750 0.079348 0.038000
15 0.562500 0.991250 0.092391 0.017500
15 0.588315 0.917875 0.082065 0.031750
15 0.539402 0.894625 0.074457 0.049750
15 0.241848 0.714250 0.080435 0.040000
15 0.168207 0.729125 0.088587 0.025750
15 0.138859 0.752625 0.087500 0.020750
15 0.221739 0.748125 0.077174 0.029250
15 0.201630 0.775000 0.108696 0.027500
15 0.289674 0.754625 0.057609 0.036750
15 0.330163 0.736000 0.044022 0.025500
15 0.313859 0.718000 0.037500 0.023000
15 0.365761 0.735875 0.043478 0.036750
15 0.425815 0.744875 0.077717 0.026250
15 0.368750 0.773625 0.098370 0.034250
15 0.310054 0.787875 0.045109 0.023250
15 0.362500 0.811375 0.065217 0.038250
15 0.427717 0.802250 0.055435 0.031000
15 0.471467 0.779250 0.082065 0.034500
15 0.399185 0.711375 0.100543 0.027750
15 0.351087 0.696875 0.065217 0.018250
15 0.314130 0.674375 0.081522 0.032750
15 0.247826 0.690250 0.068478 0.018500
15 0.380163 0.673375 0.040761 0.018750
15 0.416576 0.681125 0.059239 0.032250
15 0.462772 0.674375 0.030978 0.019250
15 0.489130 0.729000 0.073913 0.034500
15 0.397011 0.650750 0.039674 0.022000
15 0.446196 0.648500 0.047826 0.031000
15 0.455707 0.630500 0.067935 0.010000
15 0.493478 0.608875 0.048913 0.035750
15 0.520109 0.642500 0.059783 0.026500
15 0.550543 0.663500 0.058696 0.032000
15 0.494837 0.683250 0.049457 0.045500
15 0.545109 0.722875 0.055435 0.048250
15 0.573913 0.705000 0.056522 0.037500
15 0.597554 0.649375 0.058152 0.025250
15 0.592120 0.628500 0.049457 0.019000
15 0.542120 0.612125 0.047283 0.044250
15 0.576359 0.603625 0.051630 0.025750
15 0.553533 0.579375 0.074457 0.019750
15 0.458424 0.590500 0.021196 0.026500
15 0.480163 0.554875 0.067935 0.032750
15 0.551630 0.539000 0.066304 0.027500
15 0.512500 0.513875 0.071739 0.023250
15 0.558152 0.503625 0.056522 0.034750
15 0.618750 0.480375 0.094022 0.020250
15 0.502174 0.444250 0.036957 0.018000
15 0.541304 0.452875 0.043478 0.024750
15 0.516033 0.472750 0.059239 0.036500
15 0.599185 0.458000 0.063587 0.027000
15 0.649457 0.463375 0.026087 0.011250
15 0.607609 0.443250 0.057609 0.025500
15 0.544293 0.430375 0.060326 0.016750
15 0.588587 0.419250 0.033696 0.022500
15 0.541304 0.410625 0.060870 0.020750
15 0.647011 0.429750 0.030978 0.031500
15 0.682609 0.446375 0.052174 0.033250
15 0.735326 0.453250 0.032609 0.029000
15 0.744022 0.427375 0.042391 0.026250
15 0.685870 0.416625 0.055435 0.030750
15 0.803533 0.421375 0.055978 0.023250
15 0.786413 0.408375 0.086957 0.018250
15 0.794837 0.459250 0.049457 0.025500
15 0.785054 0.440500 0.039674 0.012500
15 0.829891 0.439875 0.035870 0.022750
15 0.734783 0.481375 0.031522 0.018250
15 0.696467 0.476750 0.051630 0.021000
15 0.673370 0.503000 0.070652 0.038000
15 0.730978 0.502875 0.048913 0.023750
15 0.603804 0.521500 0.042391 0.025500
15 0.647011 0.526875 0.071196 0.028250
15 0.614130 0.555250 0.061957 0.027500
15 0.664130 0.558625 0.039130 0.029250
15 0.622011 0.581125 0.059239 0.027250
15 0.676630 0.587500 0.033696 0.035000
15 0.630978 0.607125 0.042391 0.023750
15 0.649728 0.622625 0.064674 0.027250
15 0.674728 0.640500 0.038587 0.013000
15 0.692120 0.659000 0.091848 0.018500
15 0.623370 0.694125 0.059783 0.043750
15 0.595652 0.675000 0.035870 0.019000
15 0.688315 0.682750 0.051630 0.028500
15 0.745652 0.680250 0.059783 0.027000
15 0.740217 0.709875 0.101087 0.030750
15 0.789946 0.697000 0.048370 0.025000
15 0.800543 0.665125 0.047826 0.036250
15 0.743750 0.657750 0.042935 0.014500
15 0.760326 0.646125 0.046739 0.015750
15 0.715217 0.626750 0.054348 0.029500
15 0.664946 0.722750 0.097283 0.029000
15 0.608967 0.751000 0.057065 0.026500
15 0.664402 0.756000 0.040761 0.026000
15 0.561685 0.766625 0.042935 0.020250
15 0.521467 0.756000 0.063587 0.023000
15 0.547283 0.792125 0.052174 0.023250
15 0.621739 0.788375 0.102174 0.032250
15 0.715761 0.792500 0.070652 0.023000
15 0.565761 0.817375 0.080435 0.023750
15 0.490761 0.807750 0.053261 0.014000
15 0.507065 0.830375 0.042391 0.033250
15 0.459239 0.844125 0.072826 0.046250
15 0.566576 0.844750 0.082065 0.025500
15 0.492935 0.868750 0.051087 0.040000
15 0.414946 0.856000 0.062500 0.044000
15 0.629348 0.950125 0.082609 0.053250
15 0.713587 0.952000 0.078261 0.047500
15 0.689946 0.990375 0.102717 0.019250
15 0.710870 0.909375 0.104348 0.035750
15 0.803261 0.987125 0.109783 0.025750
15 0.788043 0.934125 0.070652 0.042750
15 0.901087 0.990125 0.092391 0.019750
15 0.863587 0.930750 0.072826 0.045500
15 0.811413 0.892125 0.080435 0.038250
15 0.939946 0.946125 0.066848 0.041250
15 0.904891 0.900500 0.082609 0.044500
15 0.760054 0.858750 0.094022 0.045500
15 0.702446 0.870125 0.064674 0.031750
15 0.618207 0.877875 0.083152 0.036750
15 0.643478 0.834750 0.068478 0.058000
15 0.704620 0.820750 0.069022 0.033000
15 0.769293 0.821625 0.059239 0.039750
15 0.838859 0.840875 0.067935 0.046750
15 0.815217 0.858000 0.031522 0.022500
15 0.876630 0.836500 0.057609 0.038000
15 0.866848 0.797750 0.055435 0.039000
15 0.811141 0.808750 0.061413 0.017000
15 0.797011 0.782375 0.091848 0.034750
15 0.822826 0.759625 0.055435 0.021750
15 0.780163 0.748625 0.028804 0.019250
15 0.725000 0.749375 0.078261 0.056750
15 0.849185 0.736750 0.070109 0.028000
15 0.797554 0.729750 0.035326 0.018500
15 0.883152 0.765250 0.056522 0.034500
15 0.942663 0.753500 0.075543 0.037500
15 0.953533 0.777125 0.057065 0.022250
15 0.910870 0.806000 0.031522 0.037500
15 0.953804 0.813250 0.086957 0.061000
15 0.954076 0.865250 0.091848 0.037500
15 0.971739 0.904625 0.054348 0.031250
15 0.985870 0.945250 0.028261 0.041000
15 0.991576 0.758625 0.016848 0.018750
15 0.987500 0.737500 0.025000 0.021500
15 0.935598 0.725500 0.052717 0.021000
15 0.967935 0.705375 0.064130 0.018750
15 0.901359 0.701375 0.063587 0.052750
15 0.841848 0.692875 0.048913 0.053250
15 0.849457 0.654375 0.039130 0.021750
15 0.927717 0.672250 0.076087 0.029000
15 0.901630 0.649000 0.060870 0.018000
15 0.792120 0.629375 0.050543 0.021250
15 0.853804 0.629375 0.072826 0.023750
15 0.960326 0.648125 0.073913 0.035750
15 0.989130 0.682375 0.021739 0.018250
15 0.954348 0.617875 0.047826 0.032750
15 0.914946 0.625625 0.036413 0.018250
15 0.847554 0.594875 0.064674 0.045250
15 0.794293 0.596625 0.030978 0.024250
15 0.745652 0.610000 0.048913 0.029500
15 0.699728 0.607000 0.027717 0.014500
15 0.929891 0.590625 0.061957 0.028750
15 0.986957 0.595125 0.026087 0.024750
15 0.886413 0.573125 0.065217 0.028250
15 0.964946 0.567000 0.070109 0.029500
15 0.904891 0.554750 0.056522 0.023000
15 0.840217 0.559875 0.043478 0.024250
15 0.764674 0.578875 0.065217 0.020750
15 0.712772 0.573250 0.039674 0.037000
15 0.746467 0.558250 0.035326 0.020000
15 0.799185 0.553875 0.057065 0.025250
15 0.709239 0.537375 0.055435 0.026250
15 0.734783 0.522125 0.033696 0.014750
15 0.782609 0.524625 0.075000 0.041750
15 0.816033 0.531875 0.041848 0.018250
15 0.839674 0.514750 0.028261 0.014500
15 0.870109 0.524875 0.067391 0.027250
15 0.955707 0.541750 0.058152 0.021500
15 0.948913 0.518375 0.063043 0.027250
15 0.892391 0.502625 0.033696 0.019750
15 0.945924 0.497250 0.069022 0.014500
15 0.986141 0.505375 0.027717 0.018750
15 0.794565 0.489875 0.044565 0.024250
15 0.762772 0.471625 0.046196 0.023250
15 0.821467 0.466500 0.037500 0.025000
15 0.857880 0.459500 0.041848 0.023500
15 0.875815 0.488500 0.058152 0.024500
15 0.830978 0.497750 0.027174 0.016500
15 0.929620 0.476000 0.045109 0.026000
15 0.977174 0.473875 0.043478 0.033750
15 0.961685 0.452500 0.052717 0.020500
15 0.907337 0.463125 0.044022 0.015250
15 0.906793 0.441000 0.055978 0.025500
15 0.860870 0.439125 0.025000 0.017250
15 0.948370 0.431500 0.041304 0.021000
15 0.987500 0.441875 0.025000 0.018250
15 0.972554 0.416875 0.051630 0.027250
15 0.891848 0.413500 0.086957 0.025500
15 0.840761 0.415375 0.021739 0.019750
