15 0.925962 0.020573 0.059135 0.040104
15 0.956370 0.095312 0.078606 0.114583
15 0.975240 0.240625 0.038942 0.081250
15 0.928125 0.218750 0.047596 0.104167
15 0.938462 0.326823 0.053365 0.096354
15 0.967909 0.382031 0.042548 0.090104
15 0.921755 0.395833 0.045433 0.113542
15 0.959135 0.461719 0.060096 0.071354
15 0.941226 0.556771 0.057933 0.111458
15 0.902284 0.606771 0.056490 0.154167
15 0.879207 0.445833 0.068510 0.113542
15 0.873437 0.552604 0.056490 0.082292
15 0.852404 0.650781 0.043269 0.160938
15 0.809495 0.564063 0.064663 0.105208
15 0.800721 0.713021 0.068269 0.170833
15 0.933654 0.655729 0.082212 0.082292
15 0.985096 0.667969 0.020192 0.122396
15 0.947115 0.751563 0.090865 0.082292
15 0.882933 0.721094 0.052404 0.090104
15 0.872957 0.805990 0.069471 0.075521
15 0.941587 0.846615 0.042308 0.126562
15 0.943389 0.954427 0.055529 0.091146
15 0.975601 0.923177 0.026202 0.151562
15 0.893630 0.954948 0.046875 0.085938
15 0.896875 0.856510 0.037500 0.085938
15 0.856971 0.902865 0.057692 0.108854
15 0.769471 0.935677 0.095673 0.128646
15 0.837620 0.964583 0.050240 0.070833
15 0.798317 0.860156 0.047596 0.076563
15 0.737019 0.833854 0.057212 0.095833
15 0.729447 0.738281 0.074279 0.076563
15 0.714543 0.641146 0.064663 0.117708
15 0.801082 0.431771 0.069952 0.106250
15 0.796514 0.318229 0.061779 0.122917
15 0.882692 0.223698 0.034615 0.119271
15 0.842909 0.302083 0.045913 0.138542
15 0.833413 0.162500 0.049038 0.154167
15 0.882212 0.109896 0.060577 0.106250
15 0.843750 0.033333 0.067788 0.065625
15 0.799639 0.080469 0.045913 0.084896
15 0.789784 0.200781 0.046394 0.105729
15 0.741466 0.196094 0.054567 0.147396
15 0.751563 0.062240 0.040625 0.123438
15 0.710697 0.023438 0.049760 0.045833
15 0.693510 0.120573 0.043269 0.150521
15 0.736899 0.319010 0.054087 0.091146
15 0.696635 0.284115 0.057692 0.140104
15 0.700841 0.432812 0.068510 0.127083
15 0.693630 0.545573 0.050721 0.111979
15 0.649159 0.458854 0.065144 0.112500
15 0.620192 0.531771 0.042788 0.089583
15 0.631370 0.602083 0.075721 0.092708
15 0.642909 0.728125 0.059375 0.127083
15 0.669591 0.809635 0.045433 0.117188
15 0.635697 0.873177 0.046875 0.117188
15 0.696154 0.931510 0.062981 0.120313
15 0.615385 0.968750 0.063942 0.062500
15 0.604808 0.657552 0.053365 0.090104
15 0.589784 0.813021 0.052163 0.107292
15 0.592909 0.899219 0.051202 0.080729
15 0.563101 0.961719 0.026683 0.076563
15 0.529447 0.907552 0.075721 0.143229
15 0.506490 0.842448 0.057692 0.139063
15 0.556851 0.763281 0.044471 0.111979
15 0.550361 0.653385 0.055048 0.147396
15 0.580649 0.501823 0.055529 0.060937
15 0.565505 0.432292 0.083894 0.103125
15 0.517067 0.571094 0.040385 0.100521
15 0.501563 0.643490 0.040625 0.116146
15 0.472356 0.710677 0.043269 0.053646
15 0.446034 0.763021 0.054567 0.083333
15 0.481250 0.828906 0.058654 0.161979
15 0.424159 0.864583 0.051202 0.102083
15 0.428125 0.958854 0.031731 0.082292
15 0.471635 0.957292 0.052404 0.076042
15 0.384736 0.931250 0.037260 0.137500
15 0.396755 0.755729 0.045433 0.106250
15 0.445673 0.635156 0.072115 0.088021
15 0.486418 0.496615 0.041106 0.129688
15 0.437500 0.494792 0.046154 0.112500
15 0.525962 0.314323 0.037981 0.172396
15 0.493269 0.389844 0.051923 0.097396
15 0.465865 0.281250 0.062981 0.090625
15 0.434615 0.372656 0.047596 0.120313
15 0.386779 0.375000 0.048077 0.106250
15 0.400721 0.272656 0.058654 0.089063
15 0.378726 0.500781 0.056490 0.107813
15 0.365745 0.635417 0.059375 0.125000
15 0.341587 0.955990 0.048558 0.088021
15 0.293630 0.945052 0.056490 0.109896
15 0.287861 0.854688 0.031971 0.080208
15 0.314904 0.783594 0.070192 0.167187
15 0.363462 0.843750 0.033654 0.125000
15 0.312500 0.655729 0.048077 0.097917
15 0.297837 0.557292 0.079808 0.089583
15 0.264183 0.644531 0.056250 0.088021
15 0.356490 0.426563 0.034615 0.101042
15 0.324519 0.472917 0.039904 0.070833
15 0.309615 0.385417 0.047596 0.122917
15 0.331490 0.287760 0.059135 0.070312
15 0.353606 0.331510 0.026923 0.058854
15 0.370793 0.194271 0.058894 0.106250
15 0.418870 0.158073 0.036298 0.138021
15 0.462380 0.189323 0.047356 0.096354
15 0.503726 0.228646 0.023317 0.054167
15 0.540505 0.181771 0.074760 0.115625
15 0.527284 0.098437 0.063221 0.090625
15 0.555889 0.327344 0.025240 0.118229
15 0.596875 0.344531 0.047596 0.079687
15 0.620433 0.279427 0.072115 0.105729
15 0.628726 0.110417 0.058894 0.105208
15 0.659495 0.184115 0.059375 0.088021
15 0.599519 0.194531 0.042308 0.042188
15 0.649038 0.025521 0.049038 0.048958
15 0.587620 0.060677 0.046875 0.119271
15 0.531971 0.039323 0.056731 0.076563
15 0.484736 0.041406 0.022837 0.081771
15 0.448437 0.080729 0.049760 0.114583
15 0.401923 0.032031 0.039904 0.063021
15 0.381370 0.074740 0.049279 0.096354
15 0.327644 0.117448 0.048558 0.064062
15 0.318269 0.026302 0.062981 0.051562
15 0.289303 0.268490 0.036779 0.116146
15 0.327644 0.213542 0.024038 0.068750
15 0.265745 0.155729 0.039183 0.089583
15 0.336058 0.068750 0.034135 0.033333
15 0.255409 0.052604 0.068510 0.103125
15 0.221154 0.015365 0.017308 0.029687
15 0.197115 0.076823 0.036058 0.096354
15 0.219832 0.186198 0.063702 0.099479
15 0.247596 0.256771 0.039904 0.060417
15 0.246755 0.333333 0.055529 0.081250
15 0.300721 0.166146 0.025481 0.072917
15 0.212500 0.303125 0.023558 0.092708
15 0.224880 0.413542 0.036298 0.072917
15 0.268389 0.414323 0.029567 0.065104
15 0.250721 0.507552 0.042308 0.093229
15 0.287019 0.482812 0.019712 0.053125
15 0.209976 0.578125 0.043990 0.089583
15 0.191226 0.480469 0.060817 0.143229
15 0.166707 0.519271 0.042548 0.103125
15 0.166106 0.605208 0.042788 0.060417
15 0.136418 0.655208 0.044471 0.085417
15 0.112981 0.725781 0.049519 0.085938
15 0.180288 0.751823 0.057212 0.096354
15 0.223558 0.721354 0.042308 0.145833
15 0.225481 0.843229 0.062981 0.137500
15 0.195312 0.659115 0.056010 0.081771
15 0.193029 0.887760 0.025000 0.082812
15 0.200240 0.966927 0.034135 0.066146
15 0.241587 0.943750 0.048077 0.061458
15 0.153245 0.962240 0.054567 0.075521
15 0.115505 0.943750 0.050240 0.105208
15 0.068149 0.944792 0.060337 0.103125
15 0.031731 0.888802 0.039904 0.118229
15 0.072356 0.796875 0.050962 0.130208
15 0.134495 0.816406 0.059856 0.100521
15 0.036538 0.750521 0.072115 0.110417
15 0.091466 0.616927 0.067067 0.107813
15 0.022596 0.641406 0.044712 0.131771
15 0.018149 0.464323 0.034375 0.194271
15 0.127764 0.537240 0.044952 0.078646
15 0.090264 0.516406 0.031971 0.067187
15 0.079087 0.440365 0.053365 0.084896
15 0.127163 0.450781 0.048077 0.066146
15 0.156250 0.062500 0.038942 0.113542
15 0.113221 0.055469 0.046154 0.107813
15 0.075481 0.041667 0.041827 0.082292
15 0.161538 0.364583 0.082692 0.098958
15 0.177404 0.284635 0.042788 0.085938
15 0.148918 0.176563 0.040625 0.118750
15 0.182212 0.182292 0.021635 0.097917
15 0.108894 0.192188 0.041346 0.122917
15 0.120673 0.293750 0.066827 0.088542
15 0.044471 0.244531 0.088462 0.076563
15 0.067067 0.146875 0.041346 0.111458
15 0.028966 0.034896 0.042548 0.068750
15 0.069591 0.339323 0.054567 0.082812
15 0.015625 0.319792 0.030769 0.102083
15 0.026442 0.133073 0.037981 0.138021
15 0.023197 0.288802 0.031490 0.065104
