15 0.989784 0.049740 0.020433 0.069271
15 0.987620 0.151302 0.024760 0.091146
15 0.968510 0.203646 0.056250 0.071875
15 0.987019 0.261458 0.025962 0.069792
15 0.950601 0.305469 0.053606 0.084896
15 0.908894 0.300260 0.080288 0.095312
15 0.851803 0.281771 0.039183 0.120833
15 0.920072 0.201563 0.044471 0.103125
15 0.878365 0.126823 0.046635 0.140104
15 0.938942 0.082552 0.062981 0.115104
15 0.935817 0.385677 0.040865 0.089063
15 0.969351 0.421354 0.050240 0.097917
15 0.981490 0.339583 0.037019 0.077083
15 0.937019 0.494531 0.054327 0.126562
15 0.890505 0.507552 0.041587 0.113021
15 0.888942 0.434375 0.054327 0.068750
15 0.892188 0.382031 0.041587 0.067187
15 0.850481 0.475260 0.035096 0.093229
15 0.869231 0.587760 0.037981 0.097396
15 0.832452 0.570833 0.037019 0.106250
15 0.817308 0.650260 0.043750 0.089063
15 0.781250 0.654427 0.037500 0.056771
15 0.790264 0.590885 0.046875 0.073438
15 0.796154 0.519271 0.056250 0.073958
15 0.820553 0.451823 0.028125 0.093229
15 0.797716 0.433333 0.033413 0.086458
15 0.764062 0.470052 0.033413 0.133854
15 0.745553 0.590104 0.048798 0.108333
15 0.717308 0.453125 0.049038 0.102083
15 0.683053 0.563021 0.043029 0.093750
15 0.762861 0.714323 0.050240 0.109896
15 0.724038 0.672135 0.042788 0.070312
15 0.713822 0.746615 0.048798 0.067187
15 0.703245 0.821094 0.049760 0.084896
15 0.964423 0.898698 0.048077 0.080729
15 0.676082 0.784115 0.042067 0.068229
15 0.664183 0.870573 0.033173 0.101562
15 0.635697 0.909375 0.044952 0.050000
15 0.628005 0.949479 0.051683 0.089583
15 0.673077 0.707812 0.039423 0.090625
15 0.635096 0.758854 0.043269 0.094792
15 0.627885 0.835417 0.049519 0.082292
15 0.591106 0.832292 0.033654 0.114583
15 0.557692 0.783594 0.045192 0.055729
15 0.546274 0.835938 0.043510 0.076042
15 0.563702 0.888281 0.048558 0.061979
15 0.588582 0.941146 0.043990 0.069792
15 0.539183 0.939583 0.046635 0.081250
15 0.508293 0.842448 0.030529 0.113021
15 0.484856 0.941146 0.061538 0.093750
15 0.446034 0.902604 0.051202 0.140625
15 0.401803 0.908594 0.035817 0.120313
15 0.374760 0.947135 0.051442 0.091146
15 0.540505 0.711979 0.046875 0.088542
15 0.556611 0.627083 0.051202 0.085417
15 0.610216 0.602604 0.062260 0.128125
15 0.475962 0.622917 0.044231 0.114583
15 0.467788 0.713281 0.056250 0.081771
15 0.406731 0.662500 0.035577 0.101042
15 0.370913 0.785417 0.034135 0.083333
15 0.794952 0.343490 0.058654 0.059896
15 0.770312 0.234375 0.039183 0.088542
15 0.713341 0.289583 0.045913 0.103125
15 0.696875 0.213021 0.035096 0.073958
15 0.660817 0.188542 0.037019 0.132292
15 0.608173 0.362500 0.036538 0.105208
15 0.567909 0.266406 0.063221 0.069271
15 0.578606 0.191667 0.049038 0.093750
15 0.612380 0.148177 0.050240 0.075521
15 0.619351 0.071615 0.045433 0.083854
15 0.675601 0.077865 0.040625 0.108854
15 0.566707 0.076823 0.063221 0.099479
15 0.527524 0.066667 0.027163 0.068750
15 0.530409 0.176563 0.031010 0.096875
15 0.491466 0.082292 0.051683 0.083333
15 0.477524 0.157552 0.037260 0.109896
15 0.479447 0.289583 0.056010 0.082292
15 0.437139 0.127083 0.043029 0.105208
15 0.447236 0.070312 0.034375 0.055208
15 0.428846 0.213281 0.050000 0.075521
15 0.400361 0.117448 0.040144 0.113021
15 0.370793 0.161458 0.032933 0.140625
15 0.345433 0.084896 0.056250 0.091667
15 0.324519 0.202344 0.042308 0.110937
15 0.282692 0.227604 0.040385 0.115625
15 0.331731 0.303385 0.056250 0.085938
15 0.385697 0.264323 0.041587 0.084896
15 0.359976 0.344531 0.031490 0.079687
15 0.401442 0.355729 0.053846 0.112500
15 0.379447 0.455469 0.054567 0.095312
15 0.335577 0.814063 0.037981 0.109375
15 0.312019 0.912500 0.041827 0.104167
15 0.281250 0.846354 0.023077 0.132292
15 0.307692 0.806510 0.027885 0.109896
15 0.236178 0.878906 0.064663 0.078646
15 0.233293 0.954688 0.058413 0.087500
15 0.268510 0.713542 0.039904 0.091667
15 0.188341 0.875781 0.034375 0.108854
15 0.155529 0.738802 0.037500 0.110937
15 0.148197 0.572135 0.031490 0.117188
15 0.183053 0.543750 0.045913 0.108333
15 0.228005 0.554688 0.041587 0.065625
15 0.279567 0.532552 0.057212 0.109896
15 0.311779 0.530469 0.041346 0.086979
15 0.248918 0.400000 0.031971 0.139583
15 0.196034 0.408333 0.045913 0.129167
15 0.151562 0.370833 0.042067 0.145833
15 0.198558 0.209635 0.035577 0.151562
15 0.230168 0.292969 0.043990 0.071354
15 0.151803 0.105208 0.051202 0.093750
