15 0.070924 0.148500 0.060326 0.038500
15 0.066033 0.199375 0.067935 0.039250
15 0.035598 0.213125 0.063587 0.031750
15 0.160054 0.207000 0.067935 0.036000
15 0.190217 0.163125 0.101087 0.028750
15 0.235326 0.135875 0.063043 0.026750
15 0.289402 0.116500 0.069022 0.025000
15 0.353261 0.121500 0.050000 0.027000
15 0.398370 0.125500 0.057609 0.027000
15 0.360054 0.150000 0.080978 0.039500
15 0.288315 0.144500 0.066848 0.031000
15 0.280163 0.168500 0.066848 0.023500
15 0.233967 0.190625 0.057065 0.022750
15 0.217391 0.223625 0.104348 0.044750
15 0.109239 0.248625 0.097826 0.023250
15 0.188587 0.257875 0.095652 0.033250
15 0.079891 0.280625 0.083696 0.035750
15 0.156250 0.293500 0.103804 0.041000
15 0.267120 0.273125 0.071196 0.039250
15 0.092935 0.346625 0.110870 0.036250
15 0.339946 0.328750 0.115761 0.053500
15 0.373370 0.270250 0.078261 0.026000
15 0.382065 0.235250 0.101087 0.031000
15 0.293478 0.239875 0.073913 0.028750
15 0.311957 0.215750 0.054348 0.021000
15 0.319565 0.192625 0.088043 0.022750
15 0.387772 0.205500 0.064674 0.019000
15 0.459511 0.199125 0.078804 0.023750
15 0.486141 0.224500 0.094022 0.025000
15 0.545380 0.246000 0.100543 0.039500
15 0.542663 0.207375 0.074457 0.031250
15 0.499728 0.179250 0.065761 0.025000
15 0.415489 0.166250 0.076630 0.039500
15 0.488859 0.156125 0.066848 0.020250
15 0.533152 0.139500 0.117391 0.040000
15 0.590489 0.183875 0.061413 0.029750
15 0.636413 0.160250 0.047826 0.031000
15 0.575543 0.114875 0.053261 0.025750
15 0.664674 0.111875 0.095652 0.047750
15 0.714130 0.131625 0.080435 0.018250
15 0.704891 0.152000 0.058696 0.036500
15 0.716033 0.198250 0.089674 0.033000
15 0.804076 0.178000 0.065761 0.030500
15 0.830163 0.199875 0.084239 0.025750
15 0.902174 0.188000 0.068478 0.032500
15 0.883967 0.154500 0.082065 0.015500
15 0.848641 0.138875 0.071196 0.026250
15 0.801630 0.123750 0.067391 0.034000
15 0.773098 0.097500 0.112500 0.034500
15 0.749728 0.075375 0.080978 0.024750
15 0.929348 0.130250 0.065217 0.031000
15 0.875815 0.101375 0.066848 0.029750
15 0.939402 0.080125 0.060326 0.023750
15 0.962500 0.102500 0.071739 0.029000
15 0.988859 0.128750 0.022283 0.022000
15 0.986957 0.152750 0.026087 0.016500
15 0.971196 0.180250 0.057609 0.038500
15 0.910870 0.231125 0.104348 0.040750
15 0.975815 0.237250 0.048370 0.039000
15 0.989130 0.270125 0.021739 0.020250
15 0.927446 0.287625 0.091848 0.045250
15 0.866304 0.309000 0.100000 0.023500
15 0.605435 0.275375 0.130435 0.029250
15 0.473913 0.292375 0.114130 0.037250
15 0.597554 0.304125 0.082065 0.031250
15 0.464674 0.335000 0.121739 0.036500
15 0.578804 0.330125 0.104348 0.038750
15 0.701630 0.321875 0.103261 0.039750
15 0.800815 0.332375 0.069022 0.044750
15 0.898370 0.338000 0.126087 0.029000
15 0.980163 0.329750 0.039674 0.031000
15 0.687772 0.353500 0.134239 0.027000
15 0.547283 0.376375 0.158696 0.042250
15 0.671739 0.391500 0.113043 0.040000
15 0.779076 0.380000 0.092935 0.036000
15 0.875000 0.383750 0.085870 0.037000
15 0.938859 0.371125 0.095109 0.033750
15 0.973641 0.432125 0.052717 0.050750
15 0.889130 0.435125 0.130435 0.057750
15 0.765761 0.413125 0.107609 0.037250
15 0.610326 0.419000 0.095652 0.039000
15 0.442935 0.453125 0.120652 0.046750
15 0.359511 0.433000 0.097283 0.047500
15 0.446739 0.512500 0.107609 0.056000
15 0.575815 0.517875 0.123370 0.048250
15 0.700815 0.501000 0.127717 0.057500
15 0.783967 0.492875 0.097283 0.046750
15 0.783424 0.456500 0.162500 0.050500
15 0.832065 0.542250 0.145652 0.054500
15 0.693750 0.550250 0.129891 0.075000
15 0.524728 0.587250 0.127717 0.073000
15 0.913043 0.587750 0.120652 0.057000
15 0.971196 0.687000 0.057609 0.046000
15 0.746739 0.666000 0.130435 0.083000
15 0.591848 0.654125 0.100000 0.059250
15 0.482065 0.689625 0.142391 0.054750
15 0.635054 0.731250 0.139674 0.077000
15 0.330435 0.725875 0.150000 0.081750
15 0.475272 0.809625 0.214674 0.066250
15 0.806793 0.821125 0.141848 0.096750
15 0.939946 0.828125 0.111413 0.089750
15 0.930435 0.916625 0.139130 0.080250
15 0.708424 0.919250 0.183152 0.084500
15 0.465761 0.891875 0.188043 0.078250
15 0.281522 0.943250 0.150000 0.106500
15 0.466848 0.962125 0.196739 0.063750
15 0.629620 0.975750 0.152717 0.048500
15 0.855978 0.975000 0.181522 0.050000
15 0.990489 0.981000 0.019022 0.038000
