15 0.936058 0.642188 0.062500 0.138542
15 0.941106 0.807292 0.070192 0.159375
15 0.993510 0.713542 0.012981 0.103125
15 0.984615 0.807292 0.030769 0.093750
15 0.979447 0.938281 0.041106 0.123438
15 0.923197 0.926302 0.069952 0.084896
15 0.867308 0.869010 0.081731 0.085938
15 0.829567 0.961198 0.072115 0.077604
15 0.795433 0.891406 0.096154 0.122396
15 0.721274 0.958333 0.098798 0.071875
15 0.635457 0.956771 0.056490 0.086458
15 0.869591 0.734375 0.052163 0.144792
15 0.820913 0.705208 0.053365 0.142708
15 0.815144 0.769792 0.056731 0.102083
15 0.846154 0.604688 0.055769 0.105208
15 0.848077 0.491927 0.059135 0.122396
15 0.927644 0.445052 0.058173 0.093229
15 0.976803 0.442708 0.037740 0.148958
15 0.926562 0.350000 0.083894 0.091667
15 0.985577 0.332813 0.025481 0.086458
15 0.970433 0.211198 0.057212 0.135937
15 0.912861 0.206250 0.054567 0.115625
15 0.795913 0.530469 0.051442 0.077604
15 0.802644 0.413281 0.061538 0.085938
15 0.844832 0.333854 0.084856 0.075000
15 0.807091 0.199740 0.049279 0.100521
15 0.851202 0.212500 0.041346 0.105208
15 0.882452 0.285417 0.075000 0.065625
15 0.947716 0.079948 0.060817 0.106771
15 0.895072 0.077344 0.046394 0.118229
15 0.849519 0.081771 0.052885 0.154167
15 0.811058 0.047135 0.037981 0.093229
15 0.791707 0.088542 0.045913 0.105208
15 0.771394 0.260156 0.068269 0.099479
15 0.749760 0.362760 0.053846 0.079687
15 0.726202 0.444531 0.058173 0.157812
15 0.733534 0.583333 0.073798 0.151042
15 0.781010 0.628906 0.032212 0.107813
15 0.751322 0.763281 0.058413 0.114062
15 0.712380 0.669010 0.069952 0.071354
15 0.698918 0.763802 0.044471 0.088021
15 0.708173 0.874479 0.048558 0.131250
15 0.667788 0.802083 0.048077 0.130208
15 0.654687 0.869010 0.027163 0.067187
15 0.617067 0.799219 0.043750 0.096354
15 0.626923 0.689844 0.058173 0.129688
15 0.578005 0.727604 0.052163 0.126042
15 0.585577 0.862240 0.076923 0.125521
15 0.577764 0.961198 0.045433 0.066146
15 0.525120 0.962500 0.063221 0.070833
15 0.529928 0.882292 0.052163 0.114583
15 0.466587 0.822135 0.075481 0.149479
15 0.461779 0.938542 0.080769 0.071875
15 0.513101 0.796875 0.027163 0.075000
15 0.416346 0.922135 0.033654 0.151562
15 0.366106 0.945573 0.058173 0.108854
15 0.382452 0.784375 0.029808 0.114583
15 0.420312 0.778906 0.050240 0.148438
15 0.425000 0.670573 0.077404 0.149479
15 0.456731 0.721094 0.029808 0.063021
15 0.506971 0.708333 0.051442 0.066667
15 0.525361 0.607812 0.093510 0.136458
15 0.591106 0.537500 0.053846 0.116667
15 0.644231 0.563021 0.053365 0.135417
15 0.686178 0.572917 0.033894 0.096875
15 0.653005 0.420833 0.045433 0.142708
15 0.599038 0.409635 0.043269 0.120313
15 0.538702 0.472135 0.064423 0.090104
15 0.545312 0.375000 0.054567 0.130208
15 0.475120 0.389062 0.058413 0.210417
15 0.434736 0.540104 0.065144 0.112500
15 0.427764 0.449219 0.050240 0.069271
15 0.373678 0.535417 0.050721 0.177083
15 0.384375 0.660937 0.042308 0.155208
15 0.409255 0.347135 0.064183 0.118229
15 0.421995 0.223958 0.070433 0.131250
15 0.421995 0.084375 0.055529 0.155208
15 0.486899 0.240625 0.050721 0.157292
15 0.500481 0.040625 0.051442 0.080208
15 0.528245 0.104167 0.044952 0.166667
15 0.581611 0.088021 0.074760 0.102083
15 0.587139 0.173698 0.080048 0.069271
15 0.579087 0.269010 0.068269 0.119271
15 0.636779 0.243750 0.050000 0.148958
15 0.678966 0.307812 0.049279 0.170833
15 0.644111 0.327083 0.040625 0.075000
15 0.713101 0.288281 0.041587 0.092188
15 0.697596 0.203125 0.063942 0.078125
15 0.748678 0.157552 0.069952 0.085938
15 0.684135 0.078125 0.047596 0.148958
15 0.757933 0.037760 0.047115 0.074479
15 0.724639 0.027083 0.019952 0.050000
15 0.657452 0.020573 0.048077 0.040104
15 0.637500 0.105208 0.059135 0.085417
15 0.593750 0.030990 0.086058 0.060937
15 0.382452 0.038021 0.053365 0.075000
15 0.363822 0.161979 0.053606 0.104167
15 0.339303 0.052865 0.040625 0.104688
15 0.295192 0.067448 0.047596 0.133854
15 0.311058 0.170833 0.052885 0.121875
15 0.284976 0.307292 0.064663 0.163542
15 0.252524 0.329427 0.021875 0.091146
15 0.256971 0.200260 0.044712 0.169271
15 0.214183 0.166146 0.052404 0.154167
15 0.221995 0.059635 0.085817 0.073438
15 0.371995 0.285677 0.059856 0.076563
15 0.337260 0.260937 0.038942 0.110417
15 0.334976 0.362240 0.080048 0.083854
15 0.302885 0.466927 0.084135 0.100521
15 0.259856 0.441667 0.068750 0.114583
15 0.304447 0.556771 0.058894 0.069792
15 0.331130 0.629687 0.060817 0.168750
15 0.339423 0.714583 0.051923 0.084375
15 0.290144 0.812500 0.082212 0.113542
15 0.319231 0.908594 0.056250 0.088021
15 0.263942 0.923698 0.061058 0.110937
15 0.317308 0.978385 0.032212 0.038021
15 0.226202 0.957292 0.061538 0.085417
15 0.165865 0.941406 0.059135 0.117188
15 0.124760 0.930990 0.037981 0.138021
15 0.076442 0.946615 0.051442 0.106771
15 0.024760 0.973177 0.049038 0.046354
15 0.062740 0.889323 0.025000 0.104688
15 0.023317 0.820573 0.046154 0.116146
15 0.063822 0.768490 0.043029 0.120313
15 0.091466 0.694271 0.050240 0.187500
15 0.032332 0.695833 0.059375 0.104167
15 0.139663 0.813021 0.059135 0.097917
15 0.096995 0.835677 0.027163 0.095312
15 0.211178 0.836719 0.068990 0.129688
15 0.268269 0.726302 0.082212 0.070312
15 0.269832 0.634375 0.060817 0.106250
15 0.242188 0.553646 0.061298 0.095833
15 0.207452 0.619531 0.063462 0.109896
15 0.187019 0.743750 0.072596 0.126042
15 0.142308 0.667188 0.052885 0.114583
15 0.175240 0.543490 0.075962 0.109896
15 0.208413 0.413021 0.042788 0.145833
15 0.161058 0.454688 0.046635 0.115625
15 0.116947 0.562500 0.045913 0.083333
15 0.062981 0.576042 0.054327 0.114583
15 0.110096 0.454688 0.052404 0.136458
15 0.046995 0.440104 0.058894 0.135417
15 0.090625 0.302344 0.063462 0.108854
15 0.169111 0.304167 0.093510 0.134375
15 0.213101 0.172917 0.056490 0.154167
15 0.148077 0.156510 0.048077 0.129688
15 0.088582 0.177083 0.051202 0.132292
15 0.169351 0.044271 0.041587 0.087500
15 0.111659 0.025000 0.051202 0.048958
15 0.008293 0.450000 0.013221 0.104167
15 0.007091 0.133594 0.013702 0.121354
