15 0.645052 0.020673 0.117188 0.034135
15 0.613021 0.062981 0.063542 0.042788
15 0.539844 0.106010 0.089063 0.048077
15 0.470313 0.088462 0.097917 0.051923
15 0.366927 0.122716 0.089063 0.047356
15 0.335938 0.162981 0.080208 0.050481
15 0.266927 0.185817 0.094271 0.060577
15 0.195573 0.162981 0.061979 0.036538
15 0.115885 0.167187 0.094271 0.044952
15 0.120052 0.212260 0.085938 0.049519
15 0.195573 0.203005 0.092188 0.058894
15 0.070312 0.250601 0.087500 0.050240
15 0.183854 0.296394 0.085417 0.045673
15 0.381250 0.229687 0.093750 0.047356
15 0.450781 0.205649 0.119271 0.045913
15 0.439323 0.150120 0.135937 0.072837
15 0.564323 0.161058 0.114062 0.046635
15 0.755990 0.131971 0.110937 0.053365
15 0.854948 0.075000 0.127604 0.038942
15 0.577865 0.216106 0.100521 0.046635
15 0.496354 0.272716 0.085417 0.062260
15 0.415625 0.278486 0.092708 0.042548
15 0.417448 0.313702 0.105729 0.034135
15 0.065365 0.335938 0.100521 0.047356
15 0.106510 0.362260 0.102604 0.059615
15 0.216667 0.366466 0.093750 0.043510
15 0.357812 0.375120 0.101042 0.043510
15 0.498958 0.363462 0.070833 0.054327
15 0.572917 0.359976 0.090625 0.041106
15 0.652604 0.336659 0.079167 0.055048
15 0.730729 0.343269 0.097917 0.060577
15 0.836719 0.303726 0.114062 0.040144
15 0.928906 0.317668 0.100521 0.042067
15 0.914062 0.347957 0.104167 0.029567
15 0.876042 0.378245 0.082292 0.038702
15 0.784375 0.370433 0.104167 0.057212
15 0.854427 0.413822 0.132812 0.031010
15 0.691406 0.410697 0.105729 0.043510
15 0.613802 0.394111 0.132812 0.033413
15 0.445052 0.427404 0.097396 0.061058
15 0.221615 0.415865 0.121354 0.044231
15 0.207552 0.465024 0.075521 0.049760
15 0.132552 0.459135 0.100521 0.051923
15 0.070573 0.494832 0.050521 0.056490
15 0.138542 0.519351 0.106250 0.057452
15 0.249479 0.545192 0.085417 0.058173
15 0.329948 0.524279 0.072396 0.030288
15 0.276302 0.478966 0.061979 0.072837
15 0.473698 0.482933 0.091146 0.055769
15 0.577083 0.475120 0.109375 0.044952
15 0.606510 0.434736 0.083854 0.037260
15 0.679427 0.468149 0.075521 0.052644
15 0.628906 0.513462 0.075521 0.045673
15 0.702865 0.510817 0.072396 0.055769
15 0.769271 0.495192 0.107292 0.040385
15 0.866927 0.525962 0.110937 0.037981
15 0.455208 0.539062 0.128125 0.050240
15 0.360156 0.577524 0.105729 0.044952
15 0.445052 0.601202 0.080729 0.051923
15 0.508073 0.566947 0.075521 0.033413
15 0.561979 0.540625 0.092708 0.033173
15 0.626563 0.582091 0.080208 0.052644
15 0.522396 0.613822 0.101042 0.057452
15 0.628906 0.625962 0.132812 0.028846
15 0.645833 0.664663 0.079167 0.033173
15 0.788542 0.666587 0.126042 0.035577
15 0.930729 0.626683 0.107292 0.042788
15 0.959375 0.593029 0.081250 0.046635
15 0.902865 0.700000 0.116146 0.048077
15 0.832552 0.727163 0.102604 0.049519
15 0.767708 0.740625 0.063542 0.030288
15 0.816406 0.777163 0.073438 0.053365
15 0.952604 0.786779 0.090625 0.054327
15 0.968750 0.829447 0.062500 0.032452
15 0.748177 0.805048 0.045312 0.045673
15 0.692969 0.784495 0.105729 0.052644
15 0.666146 0.740385 0.082292 0.041827
15 0.606250 0.748437 0.073958 0.053606
15 0.567708 0.703486 0.084375 0.036298
15 0.494792 0.673197 0.095833 0.042548
15 0.530729 0.729808 0.090625 0.030288
15 0.403906 0.704207 0.099479 0.053606
15 0.252865 0.640264 0.102604 0.046394
15 0.082292 0.693389 0.070833 0.066106
15 0.176302 0.708894 0.157812 0.044231
15 0.089583 0.804688 0.065625 0.049760
15 0.150260 0.782212 0.105729 0.041827
15 0.235937 0.770553 0.079167 0.052644
15 0.348438 0.737981 0.109375 0.027885
15 0.372917 0.765505 0.087500 0.034856
15 0.456250 0.743750 0.082292 0.050481
15 0.425000 0.792668 0.104167 0.033413
15 0.532292 0.778966 0.090625 0.044952
15 0.457813 0.819351 0.109375 0.046394
15 0.314063 0.810817 0.120833 0.048077
15 0.545052 0.825240 0.085938 0.045673
15 0.637500 0.820072 0.109375 0.051202
15 0.420052 0.863101 0.080729 0.055048
15 0.332292 0.862500 0.104167 0.044231
15 0.249479 0.881490 0.095833 0.046635
15 0.343490 0.907091 0.105729 0.044952
15 0.107292 0.949639 0.087500 0.044952
15 0.170833 0.992308 0.093750 0.015385
15 0.391406 0.976082 0.138021 0.032452
15 0.666927 0.872476 0.094271 0.053606
15 0.775260 0.879087 0.108854 0.069712
15 0.883594 0.879207 0.094271 0.051202
15 0.966927 0.874038 0.066146 0.051923
15 0.830729 0.971394 0.102083 0.048077
15 0.950521 0.987981 0.090625 0.024038
15 0.969531 0.941346 0.060937 0.057692
