15 0.964784 0.978125 0.064183 0.043750
15 0.968510 0.934115 0.052885 0.048438
15 0.962981 0.856250 0.051442 0.094792
15 0.916466 0.932552 0.047837 0.134896
15 0.872716 0.872917 0.055048 0.140625
15 0.867909 0.971875 0.037740 0.056250
15 0.829087 0.929688 0.036538 0.133333
15 0.911899 0.810937 0.033413 0.052083
15 0.932692 0.735938 0.064904 0.187500
15 0.984255 0.740625 0.031490 0.119792
15 0.958173 0.660417 0.045673 0.069792
15 0.973558 0.618750 0.049038 0.104167
15 0.921755 0.546094 0.062740 0.142187
15 0.974279 0.511458 0.042308 0.136458
15 0.948077 0.446875 0.050000 0.085417
15 0.862740 0.580729 0.055769 0.168750
15 0.875481 0.729427 0.066827 0.132812
15 0.831250 0.798438 0.039423 0.118750
15 0.750721 0.974740 0.093269 0.050521
15 0.772596 0.945833 0.072596 0.066667
15 0.797957 0.875000 0.034856 0.065625
15 0.777764 0.828646 0.050240 0.133333
15 0.737380 0.864323 0.038702 0.108854
15 0.682212 0.887500 0.068750 0.167708
15 0.640385 0.951823 0.033173 0.096354
15 0.612981 0.979167 0.028846 0.041667
15 0.595192 0.933854 0.059615 0.087500
15 0.711899 0.788021 0.033894 0.072917
15 0.738822 0.750260 0.050721 0.099479
15 0.806370 0.732292 0.046875 0.088542
15 0.805048 0.640365 0.053846 0.102604
15 0.754207 0.675000 0.046875 0.119792
15 0.699038 0.681250 0.051442 0.103125
15 0.672115 0.758594 0.037981 0.103646
15 0.634976 0.795573 0.047356 0.120313
15 0.596154 0.826823 0.044231 0.111979
15 0.754327 0.517188 0.054808 0.125000
15 0.812260 0.540885 0.050000 0.110937
15 0.818750 0.389323 0.057212 0.174479
15 0.864904 0.371354 0.035577 0.116667
15 0.900120 0.413802 0.051683 0.155729
15 0.977885 0.354167 0.044231 0.154167
15 0.936899 0.330469 0.027644 0.097396
15 0.947236 0.219010 0.042067 0.103646
15 0.979688 0.221094 0.040625 0.108854
15 0.897716 0.281250 0.078125 0.117708
15 0.842788 0.243750 0.054808 0.111458
15 0.898678 0.153125 0.068029 0.136458
15 0.960337 0.119271 0.060577 0.083333
15 0.947476 0.038021 0.071875 0.075000
15 0.888942 0.066667 0.041346 0.130208
15 0.848558 0.057813 0.039904 0.114583
15 0.823077 0.170052 0.075481 0.102604
15 0.779207 0.096615 0.067067 0.094271
15 0.742788 0.193490 0.050962 0.117188
15 0.759135 0.279167 0.050481 0.111458
15 0.771274 0.384635 0.050240 0.115104
15 0.726202 0.402344 0.041346 0.120313
15 0.711298 0.287240 0.050962 0.095312
15 0.689063 0.363281 0.051202 0.143229
15 0.797716 0.031250 0.060337 0.061458
15 0.724519 0.039844 0.087019 0.078646
15 0.700120 0.105729 0.067067 0.100000
15 0.690024 0.168750 0.051202 0.078125
15 0.660817 0.220052 0.051923 0.126562
15 0.636899 0.326302 0.062260 0.077604
15 0.620313 0.258333 0.046394 0.125000
15 0.655769 0.433594 0.038942 0.120313
15 0.692909 0.509375 0.064663 0.111458
15 0.701082 0.592448 0.055529 0.064062
15 0.652404 0.538542 0.032212 0.086458
15 0.639904 0.614583 0.067788 0.128125
15 0.640264 0.697917 0.034375 0.054167
15 0.613101 0.729167 0.023798 0.057292
15 0.618750 0.526302 0.032212 0.080729
15 0.586538 0.481771 0.056250 0.133333
15 0.618149 0.414844 0.051683 0.111979
15 0.632212 0.101823 0.062019 0.100521
15 0.666346 0.029687 0.036058 0.058333
15 0.625000 0.025260 0.045673 0.049479
15 0.578125 0.064583 0.045192 0.128125
15 0.558293 0.148958 0.030048 0.107292
15 0.602885 0.177344 0.059135 0.079687
15 0.576082 0.294271 0.052163 0.122917
15 0.592067 0.680990 0.048077 0.145313
15 0.551803 0.969531 0.059856 0.060937
15 0.507091 0.929688 0.045433 0.095833
15 0.476803 0.962240 0.056010 0.075521
15 0.548077 0.875000 0.049519 0.105208
15 0.556611 0.758333 0.053606 0.123958
15 0.527163 0.775781 0.013462 0.081771
15 0.526202 0.679948 0.044231 0.085938
15 0.488582 0.784635 0.059375 0.177604
15 0.448918 0.767969 0.023317 0.106771
15 0.458534 0.877604 0.049760 0.104167
15 0.434615 0.977083 0.021154 0.045833
15 0.393750 0.960156 0.058654 0.071354
15 0.407813 0.848958 0.051683 0.159375
15 0.408894 0.731250 0.050962 0.108333
15 0.363822 0.742969 0.044952 0.119271
15 0.355168 0.892969 0.051202 0.172396
15 0.301322 0.920833 0.060817 0.158333
15 0.318630 0.807031 0.054567 0.123438
15 0.326923 0.699219 0.036058 0.085938
15 0.352885 0.629167 0.054327 0.100000
15 0.281611 0.749479 0.054087 0.108333
15 0.292308 0.652604 0.057692 0.081250
15 0.395553 0.576823 0.056971 0.121354
15 0.440385 0.665104 0.042788 0.097917
15 0.487019 0.653646 0.039423 0.093750
15 0.525962 0.579948 0.067788 0.127604
15 0.575000 0.606771 0.048077 0.143750
15 0.450361 0.561198 0.066587 0.094271
15 0.507572 0.513542 0.049760 0.061458
15 0.542788 0.453646 0.060096 0.141667
15 0.487981 0.473177 0.058654 0.104688
15 0.487019 0.408854 0.050962 0.079167
15 0.437260 0.458333 0.050000 0.117708
15 0.462740 0.323958 0.056731 0.148958
15 0.522115 0.330990 0.050000 0.104688
15 0.422115 0.355208 0.034135 0.096875
15 0.382572 0.430729 0.061298 0.108333
15 0.387500 0.494531 0.051442 0.040104
15 0.340385 0.542969 0.053846 0.098437
15 0.408293 0.187500 0.087740 0.141667
15 0.451562 0.181771 0.039183 0.095833
15 0.484135 0.131771 0.049519 0.106250
15 0.512260 0.190625 0.055769 0.160417
15 0.538462 0.244010 0.040385 0.074479
15 0.409255 0.280208 0.048798 0.065625
15 0.388341 0.325781 0.034375 0.101562
15 0.546274 0.047656 0.024760 0.091146
15 0.507572 0.048958 0.069471 0.096875
15 0.445192 0.060937 0.065865 0.108333
15 0.406250 0.068750 0.021635 0.103125
15 0.373077 0.086198 0.050481 0.159896
15 0.337981 0.136719 0.047596 0.131771
15 0.291587 0.126562 0.039423 0.137500
15 0.314543 0.038542 0.036298 0.076042
15 0.277885 0.029687 0.032692 0.058333
15 0.272476 0.236458 0.068029 0.084375
15 0.336178 0.250000 0.060817 0.079167
15 0.347716 0.319531 0.068029 0.114062
15 0.317428 0.340885 0.029087 0.060937
15 0.292428 0.314323 0.032452 0.054688
15 0.273317 0.361198 0.061538 0.135937
15 0.323918 0.426823 0.064183 0.097396
15 0.289904 0.487760 0.069712 0.067187
15 0.267788 0.562500 0.089904 0.125000
15 0.236058 0.817187 0.060096 0.106250
15 0.240264 0.933333 0.065144 0.133333
15 0.175841 0.953385 0.067067 0.093229
15 0.172716 0.862760 0.056490 0.136979
15 0.124880 0.898958 0.049760 0.126042
15 0.067548 0.954948 0.066346 0.090104
15 0.021394 0.926823 0.042308 0.146354
15 0.061418 0.838281 0.042548 0.127604
15 0.104327 0.795052 0.048558 0.135937
15 0.151322 0.787500 0.041106 0.076042
15 0.195553 0.764062 0.039663 0.068750
15 0.239904 0.698958 0.054327 0.122917
15 0.196875 0.665365 0.043269 0.136979
15 0.148918 0.709635 0.069471 0.090104
15 0.161659 0.643750 0.038221 0.037500
15 0.229928 0.582031 0.067067 0.110937
15 0.172957 0.532552 0.057933 0.181771
15 0.124639 0.613281 0.043510 0.159896
15 0.071635 0.633073 0.062981 0.121354
15 0.075721 0.507292 0.059615 0.115625
15 0.014904 0.810156 0.029327 0.113021
15 0.012260 0.684115 0.024038 0.148438
15 0.057212 0.723958 0.067788 0.090625
15 0.031490 0.566667 0.062500 0.073958
15 0.035577 0.447917 0.046154 0.175000
15 0.126562 0.458333 0.055048 0.151042
15 0.233293 0.411198 0.060337 0.122396
15 0.227163 0.288281 0.054808 0.097396
15 0.188822 0.238021 0.064663 0.079167
15 0.162139 0.337760 0.058894 0.146354
15 0.123678 0.288021 0.062260 0.106250
15 0.088942 0.379688 0.070192 0.120833
15 0.042067 0.277083 0.078846 0.092708
15 0.021755 0.347917 0.043029 0.051042
15 0.007212 0.449740 0.013942 0.116146
15 0.012260 0.151042 0.024038 0.123958
15 0.048077 0.168490 0.060096 0.107813
15 0.104928 0.197656 0.081010 0.132812
15 0.182332 0.147656 0.073798 0.108854
15 0.227644 0.112760 0.043269 0.171354
15 0.160577 0.042969 0.062019 0.084896
15 0.099159 0.084115 0.088221 0.105729
15 0.027524 0.048958 0.054567 0.096875
15 0.088822 0.018229 0.070433 0.035417
15 0.220673 0.006510 0.039904 0.011979
