15 0.978125 0.130729 0.043750 0.166667
15 0.977764 0.021615 0.044471 0.042188
15 0.914784 0.120313 0.059375 0.185417
15 0.950240 0.244271 0.057692 0.125000
15 0.976442 0.354427 0.037019 0.170313
15 0.943029 0.465365 0.086058 0.157812
15 0.949159 0.588542 0.070433 0.095833
15 0.894351 0.555469 0.045913 0.159896
15 0.846394 0.584896 0.056250 0.137500
15 0.795673 0.631510 0.043269 0.149479
15 0.883293 0.695052 0.075240 0.105729
15 0.827524 0.726302 0.030048 0.102604
15 0.987139 0.608073 0.020913 0.097396
15 0.915625 0.817187 0.057212 0.151042
15 0.963942 0.904167 0.069231 0.118750
15 0.915986 0.955729 0.080529 0.088542
15 0.841947 0.976823 0.051202 0.046354
15 0.848197 0.904167 0.065625 0.095833
15 0.862380 0.805990 0.057452 0.099479
15 0.795072 0.789323 0.057933 0.195312
15 0.783534 0.920052 0.070913 0.123438
15 0.782332 0.992448 0.022356 0.015104
15 0.749760 0.977865 0.033654 0.044271
15 0.718750 0.928646 0.049519 0.135417
15 0.683293 0.982292 0.023798 0.035417
15 0.649399 0.954427 0.043990 0.091146
15 0.742428 0.805208 0.057452 0.113542
15 0.679447 0.828385 0.058894 0.143229
15 0.623077 0.867969 0.051923 0.105729
15 0.610577 0.958594 0.049519 0.075521
15 0.575120 0.892969 0.042067 0.126562
15 0.562740 0.979948 0.043269 0.040104
15 0.639904 0.759896 0.068269 0.179167
15 0.671154 0.641146 0.062019 0.162500
15 0.717187 0.704948 0.053606 0.151562
15 0.744351 0.631510 0.048317 0.174479
15 0.766466 0.520573 0.056010 0.116146
15 0.821154 0.494271 0.067308 0.108333
15 0.806010 0.413021 0.073077 0.131250
15 0.863702 0.406510 0.055769 0.124479
15 0.901202 0.347135 0.074038 0.110937
15 0.866106 0.218750 0.072115 0.163542
15 0.849159 0.071354 0.065144 0.141667
15 0.794952 0.092708 0.056731 0.159375
15 0.809495 0.220573 0.038221 0.117188
15 0.811659 0.308594 0.055529 0.078646
15 0.760337 0.222396 0.057692 0.118750
15 0.741587 0.333073 0.078846 0.128646
15 0.736178 0.438542 0.072356 0.080208
15 0.705288 0.536458 0.035577 0.135417
15 0.652043 0.504427 0.070913 0.095312
15 0.668870 0.406510 0.066587 0.096354
15 0.607212 0.410156 0.052404 0.158854
15 0.666827 0.295573 0.060577 0.120313
15 0.704567 0.209896 0.049038 0.118750
15 0.732812 0.118490 0.074760 0.092188
15 0.754687 0.033854 0.057933 0.066667
15 0.687500 0.061458 0.062019 0.121875
15 0.655769 0.185417 0.050481 0.115625
15 0.605649 0.270833 0.063702 0.144792
15 0.617788 0.104688 0.073558 0.193750
15 0.591466 0.011719 0.029087 0.022396
15 0.560817 0.059635 0.042308 0.109896
15 0.555649 0.188542 0.056010 0.128125
15 0.515024 0.080729 0.060337 0.160417
15 0.532933 0.304427 0.073077 0.124479
15 0.556971 0.419271 0.059615 0.137500
15 0.563702 0.535677 0.046154 0.092188
15 0.583413 0.679427 0.049038 0.103646
15 0.608654 0.589844 0.058173 0.145313
15 0.545673 0.652344 0.032212 0.158854
15 0.571514 0.771875 0.062260 0.107292
15 0.535937 0.869010 0.044952 0.149479
15 0.559736 0.981250 0.040625 0.037500
15 0.478125 0.929427 0.075962 0.141146
15 0.435337 0.930729 0.041346 0.118750
15 0.404808 0.889062 0.065865 0.116667
15 0.383293 0.961458 0.053125 0.077083
15 0.473317 0.808333 0.061538 0.111458
15 0.503846 0.670833 0.046154 0.176042
15 0.454808 0.699479 0.061538 0.131250
15 0.425240 0.796875 0.030769 0.053125
15 0.416226 0.742448 0.017548 0.031771
15 0.376803 0.778125 0.063702 0.138542
15 0.349038 0.876302 0.040385 0.081771
15 0.315505 0.922917 0.067548 0.150000
15 0.268029 0.866146 0.050962 0.170833
15 0.320072 0.784115 0.057452 0.122396
15 0.290986 0.695573 0.043510 0.150521
15 0.333774 0.637240 0.043990 0.170313
15 0.374279 0.526563 0.050962 0.070833
15 0.423077 0.499740 0.055288 0.120313
15 0.426202 0.617708 0.030769 0.098958
15 0.461538 0.585417 0.057692 0.103125
15 0.511418 0.520052 0.057933 0.122396
15 0.471635 0.455208 0.041346 0.101042
15 0.497476 0.376823 0.052644 0.116146
15 0.430529 0.362240 0.075962 0.111979
15 0.378486 0.430469 0.054567 0.102604
15 0.326082 0.505729 0.059375 0.112500
15 0.281611 0.491146 0.057933 0.156250
15 0.251442 0.595052 0.056731 0.084896
15 0.494591 0.220052 0.062740 0.160938
15 0.430048 0.219010 0.058654 0.171354
15 0.381971 0.293750 0.040385 0.157292
15 0.392067 0.113542 0.047115 0.115625
15 0.411899 0.064583 0.056971 0.128125
15 0.454087 0.034635 0.050000 0.068229
15 0.470673 0.102604 0.027885 0.064583
15 0.332813 0.389583 0.044471 0.094792
15 0.329928 0.277344 0.053606 0.124479
15 0.336178 0.132292 0.064183 0.164583
15 0.310337 0.057292 0.061538 0.113542
15 0.267548 0.234375 0.067308 0.109375
15 0.275481 0.020052 0.039423 0.039062
15 0.269952 0.350000 0.080769 0.119792
15 0.253365 0.979167 0.050481 0.041667
15 0.206250 0.988802 0.037981 0.022396
15 0.215986 0.931510 0.058413 0.088021
15 0.225240 0.828906 0.083654 0.138021
15 0.189904 0.795312 0.047115 0.137500
15 0.243029 0.696875 0.054808 0.111458
15 0.195192 0.648698 0.068750 0.180729
15 0.200962 0.470573 0.097596 0.142187
15 0.195433 0.350781 0.073077 0.119271
15 0.221274 0.197135 0.063702 0.168229
15 0.234255 0.063542 0.079567 0.103125
15 0.177885 0.116146 0.061538 0.139583
15 0.139663 0.234375 0.100962 0.148958
15 0.105529 0.394792 0.071154 0.143750
15 0.123918 0.057813 0.084856 0.106250
15 0.064784 0.151562 0.073798 0.120833
15 0.044712 0.046094 0.072596 0.091146
15 0.178846 0.008854 0.035096 0.016667
15 0.124880 0.634375 0.077163 0.135417
15 0.066827 0.684635 0.039423 0.134896
15 0.114784 0.760417 0.068029 0.140625
15 0.142788 0.885417 0.052885 0.153125
15 0.145072 0.983073 0.073317 0.029687
15 0.086538 0.962760 0.044231 0.074479
15 0.084736 0.877344 0.061298 0.124479
15 0.036058 0.947135 0.071635 0.105729
15 0.025962 0.852865 0.051442 0.102604
15 0.024038 0.732812 0.047596 0.147917
15 0.033774 0.396875 0.067067 0.145833
15 0.041346 0.247135 0.082212 0.143229
15 0.007933 0.120573 0.015385 0.109896
15 0.020793 0.609375 0.041106 0.114583
15 0.078966 0.542969 0.083413 0.140104
