15 0.435000 0.461000 0.338000 0.362000
15 0.678333 0.432167 0.175333 0.377667
15 0.813833 0.652500 0.339667 0.276333
15 0.934167 0.556000 0.131667 0.234667
15 0.802667 0.477667 0.113333 0.104667
15 0.909667 0.435000 0.180667 0.083333
15 0.936333 0.291500 0.127333 0.205667
15 0.816167 0.172167 0.142333 0.289000
15 0.937167 0.151500 0.111000 0.087667
15 0.635000 0.204333 0.304667 0.255333
15 0.512167 0.053500 0.247667 0.106333
15 0.328833 0.152667 0.265667 0.301333
15 0.168333 0.196000 0.126667 0.216667
15 0.122833 0.045667 0.164333 0.090667
15 0.064833 0.218333 0.129000 0.323333
15 0.128167 0.399333 0.255667 0.172000
15 0.163167 0.568167 0.325667 0.314333
15 0.121167 0.799333 0.194333 0.192000
15 0.032167 0.840500 0.063667 0.152333
15 0.293333 0.704833 0.148000 0.294333
15 0.978000 0.065000 0.044000 0.110000
15 0.716167 0.789333 0.315667 0.214667
15 0.939167 0.781000 0.121667 0.153333
15 0.932500 0.919333 0.135000 0.161333
15 0.796667 0.950500 0.145333 0.099000
15 0.643833 0.928333 0.242333 0.143333
15 0.383833 0.937000 0.289000 0.123333
15 0.167167 0.944333 0.244333 0.111333
15 0.061500 0.960000 0.122333 0.080000
