15 0.789875 0.144565 0.024250 0.021739
15 0.806250 0.165217 0.028000 0.015217
15 0.823125 0.194022 0.029750 0.036957
15 0.798625 0.188859 0.019750 0.019022
15 0.807500 0.205707 0.015000 0.012500
15 0.821625 0.225815 0.014750 0.029891
15 0.846750 0.227446 0.029000 0.040761
15 0.840000 0.261957 0.037000 0.043478
15 0.804250 0.244565 0.032000 0.059783
15 0.780250 0.209239 0.019000 0.057609
15 0.775750 0.251087 0.028500 0.035870
15 0.755750 0.221467 0.023000 0.033152
15 0.750375 0.192391 0.022250 0.022826
15 0.759750 0.173641 0.011000 0.020109
15 0.762625 0.142663 0.019250 0.017935
15 0.740750 0.167120 0.017000 0.023370
15 0.738875 0.147283 0.022250 0.021739
15 0.721750 0.144565 0.014500 0.026087
15 0.713000 0.151630 0.014500 0.019565
15 0.723125 0.179348 0.022250 0.031522
15 0.704750 0.180163 0.014500 0.029891
15 0.692625 0.152717 0.016250 0.032609
15 0.673000 0.145924 0.019000 0.036413
15 0.667375 0.182880 0.029250 0.038587
15 0.642125 0.177717 0.014250 0.036957
15 0.658625 0.157609 0.011750 0.025000
15 0.652250 0.137228 0.018500 0.033152
15 0.632500 0.145924 0.016000 0.034239
15 0.621500 0.175272 0.017000 0.047283
15 0.629750 0.194022 0.019000 0.021739
15 0.640250 0.218478 0.025000 0.029348
15 0.668375 0.203804 0.013750 0.022826
15 0.681375 0.214130 0.026750 0.020652
15 0.685250 0.236141 0.028000 0.025543
15 0.707125 0.209511 0.021750 0.027717
15 0.728250 0.202446 0.022500 0.023370
15 0.734375 0.224728 0.017750 0.028804
15 0.714500 0.227174 0.025000 0.015217
15 0.720875 0.248641 0.029250 0.028804
15 0.703500 0.273913 0.018500 0.021739
15 0.724750 0.276359 0.015000 0.050543
15 0.748625 0.288315 0.042250 0.059239
15 0.784250 0.290489 0.026000 0.046196
15 0.872500 0.285326 0.042000 0.032609
15 0.890375 0.305707 0.025250 0.024457
15 0.862625 0.320924 0.023250 0.033152
15 0.841375 0.314402 0.019250 0.042935
15 0.818375 0.320109 0.036750 0.039130
15 0.810500 0.347283 0.025000 0.015217
15 0.841875 0.352446 0.029250 0.030978
15 0.897625 0.339674 0.067250 0.040217
15 0.881375 0.383696 0.046250 0.054348
15 0.924500 0.369565 0.031000 0.052174
15 0.955000 0.347554 0.033500 0.036413
15 0.976375 0.389674 0.043750 0.054348
15 0.961250 0.422011 0.020500 0.030978
15 0.934750 0.454620 0.043000 0.052717
15 0.919250 0.416576 0.016000 0.019022
15 0.895625 0.425543 0.037750 0.031522
15 0.907625 0.456250 0.017750 0.034239
15 0.982500 0.449185 0.035000 0.048370
15 0.984125 0.489402 0.031750 0.039674
15 0.975125 0.509783 0.046250 0.031522
15 0.936125 0.515217 0.044250 0.066304
15 0.851125 0.411141 0.042750 0.050543
15 0.840375 0.382065 0.033250 0.033696
15 0.804875 0.376902 0.045250 0.035326
15 0.776375 0.345924 0.030750 0.048370
15 0.777750 0.317391 0.039000 0.023913
15 0.749000 0.331793 0.022500 0.020109
15 0.742625 0.353261 0.030250 0.035870
15 0.737500 0.375000 0.035500 0.030435
15 0.770000 0.385870 0.024000 0.026087
15 0.782750 0.423098 0.038000 0.047283
15 0.811625 0.407609 0.031750 0.027174
15 0.747375 0.418750 0.040750 0.039674
15 0.726250 0.405163 0.027000 0.030978
15 0.698375 0.408424 0.030750 0.041848
15 0.707500 0.358424 0.027000 0.041848
15 0.690500 0.334239 0.021000 0.041304
15 0.715625 0.322554 0.023750 0.041848
15 0.696375 0.296739 0.021250 0.026087
15 0.667125 0.277174 0.030250 0.034783
15 0.675125 0.306522 0.028250 0.031522
15 0.682000 0.377446 0.035000 0.048370
15 0.651250 0.242663 0.031000 0.033152
15 0.646000 0.266848 0.014500 0.017391
15 0.625000 0.250000 0.019000 0.034783
15 0.612875 0.220380 0.019250 0.029891
15 0.608625 0.158696 0.020250 0.048913
15 0.587375 0.202174 0.014750 0.039130
15 0.593000 0.248098 0.023500 0.035326
15 0.607125 0.274185 0.020250 0.021196
15 0.629875 0.286413 0.027250 0.028261
15 0.651250 0.303804 0.015500 0.026087
15 0.630750 0.315489 0.015500 0.028804
15 0.653000 0.349728 0.035000 0.061413
15 0.616750 0.357337 0.032500 0.052717
15 0.602875 0.329076 0.027750 0.026630
15 0.607250 0.305435 0.027000 0.035870
15 0.589250 0.297011 0.024500 0.036413
15 0.589125 0.355707 0.024750 0.047283
15 0.577500 0.398370 0.028000 0.063043
15 0.566750 0.358967 0.019000 0.029891
15 0.568750 0.325000 0.025500 0.035870
15 0.575500 0.261957 0.029500 0.026087
15 0.565250 0.277174 0.025000 0.035870
15 0.573250 0.233696 0.020500 0.025000
15 0.553625 0.232609 0.013750 0.034783
15 0.564750 0.206522 0.020500 0.022826
15 0.572250 0.183967 0.018500 0.028804
15 0.584500 0.169293 0.023500 0.034239
15 0.589625 0.138315 0.024750 0.029891
15 0.563375 0.127174 0.012750 0.018478
15 0.565875 0.147011 0.018250 0.012500
15 0.560125 0.169837 0.008750 0.024457
15 0.543625 0.252989 0.019750 0.028804
15 0.543125 0.291033 0.017750 0.048370
15 0.524625 0.322826 0.029750 0.023913
15 0.535000 0.328533 0.028500 0.020109
15 0.539000 0.356250 0.041500 0.036413
15 0.502875 0.342935 0.023250 0.038043
15 0.510250 0.375272 0.023500 0.020109
15 0.536375 0.389946 0.038750 0.044022
15 0.522625 0.284239 0.021750 0.025000
15 0.503500 0.303261 0.026500 0.032609
15 0.511250 0.270380 0.028500 0.025543
15 0.508125 0.255163 0.014250 0.015761
15 0.499500 0.244022 0.015000 0.014130
15 0.487625 0.272011 0.021250 0.034239
15 0.528000 0.252174 0.014000 0.030435
15 0.508125 0.227717 0.017750 0.019565
15 0.534375 0.210870 0.031250 0.036957
15 0.496375 0.207337 0.016750 0.037500
15 0.513375 0.200272 0.012250 0.025543
15 0.522500 0.177717 0.026500 0.038043
15 0.547000 0.175815 0.019000 0.022283
15 0.542125 0.153533 0.020750 0.019022
15 0.543875 0.136141 0.019750 0.016848
15 0.516875 0.130435 0.031750 0.034783
15 0.518875 0.152446 0.016750 0.014674
15 0.499250 0.161413 0.024500 0.042391
15 0.491250 0.180163 0.017500 0.021196
15 0.478625 0.192663 0.012750 0.024457
15 0.480625 0.228533 0.017750 0.044022
15 0.460375 0.232609 0.025750 0.017391
15 0.459500 0.252717 0.023000 0.019565
15 0.461375 0.276359 0.031750 0.038587
15 0.457625 0.207337 0.022750 0.028804
15 0.475750 0.166033 0.012500 0.026630
15 0.464250 0.128804 0.032000 0.056522
15 0.447625 0.170380 0.029250 0.052717
15 0.426750 0.224728 0.016000 0.036413
15 0.435625 0.242391 0.024750 0.031522
15 0.434875 0.268478 0.018250 0.030435
15 0.419125 0.278804 0.018250 0.022826
15 0.433625 0.295924 0.038750 0.029891
15 0.445875 0.313315 0.023750 0.016848
15 0.476250 0.304891 0.014500 0.033696
15 0.462750 0.323370 0.020500 0.036957
15 0.481500 0.345109 0.018500 0.027174
15 0.436750 0.341848 0.022500 0.045652
15 0.454875 0.362500 0.021750 0.027174
15 0.479625 0.379891 0.031750 0.040217
15 0.499375 0.400272 0.030250 0.019022
15 0.496625 0.424728 0.030750 0.037500
15 0.485875 0.464946 0.036750 0.057065
15 0.536000 0.433152 0.028000 0.039130
15 0.415750 0.327989 0.027500 0.052717
15 0.391125 0.322554 0.013250 0.036413
15 0.397000 0.291576 0.020000 0.037500
15 0.403875 0.241304 0.025250 0.044565
15 0.404000 0.201630 0.029500 0.036957
15 0.426375 0.194293 0.014250 0.021196
15 0.411750 0.169022 0.017500 0.020652
15 0.422000 0.145380 0.013500 0.010326
15 0.438250 0.123641 0.012500 0.015761
15 0.439250 0.142935 0.017500 0.022826
15 0.423750 0.116848 0.018500 0.035870
15 0.402500 0.133152 0.020500 0.051087
15 0.379375 0.163859 0.020250 0.032065
15 0.385500 0.133152 0.016500 0.028261
15 0.369250 0.122283 0.018500 0.025000
15 0.351750 0.130163 0.014500 0.023370
15 0.363125 0.145380 0.015750 0.019022
15 0.366375 0.179620 0.020250 0.019022
15 0.347750 0.212772 0.017000 0.025543
15 0.368375 0.218478 0.028750 0.032609
15 0.373500 0.239130 0.019500 0.034783
15 0.345500 0.250815 0.031000 0.026630
15 0.351750 0.276902 0.028500 0.042935
15 0.331625 0.222011 0.019750 0.034239
15 0.345625 0.173370 0.021250 0.031522
15 0.346625 0.150272 0.020750 0.015761
15 0.316750 0.180163 0.018000 0.026630
15 0.308375 0.205435 0.029250 0.032609
15 0.296250 0.181522 0.018000 0.026087
15 0.322750 0.143750 0.022500 0.046196
15 0.280875 0.141576 0.039750 0.034239
15 0.271750 0.175815 0.028000 0.030978
15 0.261875 0.196196 0.036250 0.041304
15 0.292875 0.226087 0.024750 0.028261
15 0.285500 0.234783 0.026000 0.026087
15 0.273750 0.242391 0.030500 0.015217
15 0.315500 0.238043 0.022000 0.016304
15 0.317375 0.259511 0.014250 0.028804
15 0.299875 0.275815 0.021250 0.044022
15 0.325000 0.291304 0.024500 0.042391
15 0.346125 0.308424 0.018750 0.016848
15 0.372625 0.291033 0.023250 0.032065
15 0.380250 0.265217 0.023500 0.019565
15 0.368500 0.327989 0.024500 0.049457
15 0.343875 0.339946 0.032250 0.039674
15 0.328000 0.363315 0.031000 0.033152
15 0.321500 0.328533 0.014500 0.039674
15 0.303250 0.318478 0.020500 0.032609
15 0.285125 0.301902 0.011750 0.036413
15 0.273625 0.289402 0.009750 0.026630
15 0.272000 0.264130 0.030000 0.033696
15 0.245500 0.267120 0.014500 0.025543
15 0.250375 0.300000 0.030250 0.035870
15 0.267750 0.335598 0.033500 0.050543
15 0.292000 0.357880 0.038000 0.042935
15 0.276125 0.385326 0.020750 0.017391
15 0.299125 0.404076 0.031750 0.035326
15 0.330375 0.394293 0.031750 0.035326
15 0.355375 0.381250 0.020750 0.034239
15 0.374625 0.387772 0.021750 0.028804
15 0.366000 0.412500 0.033500 0.036957
15 0.397125 0.421739 0.027750 0.034783
15 0.409625 0.391576 0.032250 0.051630
15 0.428250 0.375000 0.021500 0.027174
15 0.390875 0.355707 0.033750 0.034239
15 0.448250 0.394565 0.036500 0.029348
15 0.450125 0.423370 0.034750 0.028261
15 0.434000 0.439946 0.015000 0.023370
15 0.415875 0.460054 0.025750 0.051630
15 0.385250 0.466304 0.036500 0.046739
15 0.346000 0.442391 0.047500 0.039130
15 0.329000 0.476902 0.029500 0.041848
15 0.296875 0.442935 0.035250 0.050000
15 0.264625 0.417935 0.030250 0.043478
15 0.246750 0.379891 0.031000 0.050000
15 0.244125 0.344565 0.023750 0.015217
15 0.226750 0.327174 0.028000 0.044565
15 0.197000 0.300543 0.022500 0.030435
15 0.224000 0.281522 0.032000 0.047826
15 0.218750 0.241848 0.033000 0.021739
15 0.171750 0.266576 0.033000 0.036413
15 0.197875 0.229076 0.020250 0.035326
15 0.207875 0.200000 0.020250 0.029348
15 0.232125 0.230707 0.021750 0.026630
15 0.255375 0.224728 0.028750 0.033152
15 0.219375 0.189674 0.017250 0.029348
15 0.236500 0.180707 0.014500 0.027717
15 0.251875 0.152446 0.019250 0.040761
15 0.156250 0.316304 0.048000 0.063043
15 0.194625 0.339130 0.032750 0.059783
15 0.176000 0.364674 0.048000 0.043478
15 0.144875 0.349728 0.024750 0.039674
15 0.215625 0.384511 0.027250 0.029891
15 0.211875 0.407880 0.043250 0.028804
15 0.224250 0.434511 0.037000 0.027717
15 0.224750 0.461141 0.035500 0.027717
15 0.235250 0.480163 0.030000 0.034239
15 0.287625 0.488043 0.051250 0.072826
15 0.204375 0.489674 0.025750 0.047826
15 0.180750 0.438859 0.051500 0.063587
15 0.145375 0.399457 0.022250 0.033696
15 0.108500 0.372554 0.054000 0.075543
15 0.085125 0.408967 0.054750 0.047283
15 0.118250 0.453533 0.053000 0.083152
15 0.068750 0.451359 0.047500 0.034239
15 0.073875 0.483424 0.037250 0.029891
15 0.028125 0.496467 0.044250 0.078804
15 0.070625 0.515217 0.042250 0.046739
15 0.088000 0.529076 0.048000 0.063587
15 0.057750 0.573641 0.036000 0.063587
15 0.019625 0.534511 0.038750 0.060326
15 0.026375 0.600272 0.052250 0.065761
15 0.081875 0.582065 0.022250 0.035870
15 0.105875 0.585598 0.056250 0.049457
15 0.150125 0.548641 0.053750 0.051630
15 0.156250 0.601630 0.036000 0.061957
15 0.141000 0.510054 0.046500 0.052717
15 0.181750 0.499185 0.029500 0.053804
15 0.153125 0.470924 0.020750 0.032065
15 0.215375 0.540217 0.061750 0.052174
15 0.200000 0.588043 0.046500 0.042391
15 0.175250 0.634783 0.052000 0.041304
15 0.251125 0.565761 0.026750 0.039130
15 0.258500 0.523370 0.033500 0.060870
15 0.294750 0.552446 0.051000 0.042935
15 0.279500 0.594837 0.039500 0.064674
15 0.313500 0.594837 0.024000 0.044022
15 0.312375 0.632337 0.045750 0.053804
15 0.233250 0.625543 0.056500 0.082609
15 0.209500 0.682065 0.043500 0.057609
15 0.110750 0.641576 0.060500 0.072283
15 0.047250 0.640761 0.063000 0.058696
15 0.059250 0.688315 0.047500 0.076630
15 0.015375 0.679348 0.030250 0.079348
15 0.023250 0.747011 0.046000 0.072283
15 0.090375 0.737500 0.069750 0.108696
15 0.164125 0.708696 0.066250 0.128261
15 0.260125 0.668478 0.059250 0.078261
15 0.281500 0.688587 0.056000 0.048913
15 0.223625 0.736685 0.039250 0.054891
15 0.199750 0.787500 0.065500 0.066304
15 0.099875 0.812772 0.055250 0.088587
15 0.051625 0.836413 0.041750 0.096739
15 0.017375 0.817935 0.034250 0.088043
15 0.018000 0.902174 0.035500 0.095652
15 0.038000 0.977717 0.075500 0.044565
15 0.082750 0.916304 0.065000 0.117391
15 0.134250 0.864402 0.051500 0.091848
15 0.182250 0.863859 0.064500 0.087500
15 0.148875 0.961413 0.083250 0.072826
15 0.194875 0.985598 0.028750 0.028804
15 0.229750 0.908696 0.074000 0.106522
15 0.245875 0.981522 0.070250 0.036957
15 0.238125 0.817663 0.040750 0.061413
15 0.298375 0.744022 0.114750 0.071739
15 0.306250 0.784783 0.072000 0.078261
15 0.293500 0.870109 0.065000 0.092391
15 0.335500 0.694837 0.038000 0.044022
15 0.344250 0.639402 0.026000 0.050543
15 0.337875 0.953533 0.070750 0.073370
15 0.361375 0.989130 0.049250 0.021739
15 0.396750 0.902174 0.059000 0.103261
15 0.364750 0.863587 0.065500 0.095652
15 0.375750 0.784239 0.053000 0.071739
15 0.372125 0.725815 0.030750 0.045109
15 0.377125 0.678804 0.035750 0.044565
15 0.385625 0.608424 0.052750 0.085326
15 0.340500 0.580435 0.034500 0.067391
15 0.328125 0.527717 0.023750 0.042391
15 0.357500 0.508424 0.032000 0.065761
15 0.384125 0.539402 0.044250 0.065761
15 0.404375 0.506793 0.040250 0.045109
15 0.425875 0.551902 0.036250 0.063587
15 0.421250 0.604348 0.018500 0.055435
15 0.415125 0.678261 0.044750 0.058696
15 0.428250 0.741033 0.063000 0.070109
15 0.457125 0.713043 0.037750 0.056522
15 0.444750 0.618478 0.033000 0.055435
15 0.427000 0.804076 0.060000 0.076630
15 0.479625 0.538043 0.058250 0.047826
15 0.464875 0.588587 0.061750 0.060870
15 0.502750 0.580978 0.033500 0.065217
15 0.531875 0.562228 0.033750 0.061413
15 0.521250 0.506250 0.029500 0.050543
15 0.555250 0.480435 0.041000 0.083696
15 0.534250 0.610870 0.032000 0.052174
15 0.474125 0.650000 0.048750 0.076087
15 0.530625 0.663859 0.054250 0.053804
15 0.511500 0.720380 0.063000 0.083152
15 0.492000 0.785598 0.061000 0.071196
15 0.459500 0.873370 0.063500 0.113043
15 0.437625 0.967663 0.095250 0.064674
15 0.538500 0.967120 0.066500 0.065761
15 0.557000 0.876902 0.050000 0.117935
15 0.529000 0.817120 0.061500 0.112500
15 0.553250 0.762500 0.035500 0.059783
15 0.601875 0.755435 0.055750 0.117391
15 0.608875 0.918207 0.065750 0.121196
15 0.662500 0.979348 0.076500 0.041304
15 0.677500 0.909783 0.057000 0.106522
15 0.674250 0.805707 0.075000 0.065761
15 0.731250 0.891033 0.080500 0.100543
15 0.740000 0.967391 0.064500 0.065217
15 0.804375 0.968207 0.069750 0.063587
15 0.888000 0.982880 0.066500 0.034239
15 0.941750 0.972826 0.042500 0.054348
15 0.883500 0.918750 0.047000 0.094022
15 0.858875 0.847554 0.038250 0.067935
15 0.814625 0.894565 0.072250 0.107609
15 0.786125 0.840217 0.055250 0.113043
15 0.835375 0.802989 0.034750 0.061413
15 0.793750 0.735326 0.058000 0.077174
15 0.731250 0.788859 0.046500 0.112500
15 0.740500 0.731793 0.048500 0.095109
15 0.740125 0.669837 0.056750 0.062500
15 0.777750 0.651902 0.041000 0.077717
15 0.830875 0.678804 0.063250 0.045652
15 0.876750 0.732880 0.062000 0.107065
15 0.906625 0.820109 0.060750 0.172826
15 0.986000 0.974728 0.028000 0.050543
15 0.969375 0.885054 0.061250 0.096196
15 0.944250 0.812228 0.045000 0.076630
15 0.978500 0.779348 0.043000 0.081522
15 0.924500 0.751087 0.032000 0.054348
15 0.971500 0.708696 0.057000 0.061957
15 0.969375 0.647554 0.061250 0.100543
15 0.919375 0.627446 0.055750 0.074457
15 0.898625 0.678533 0.049750 0.091848
15 0.869250 0.646739 0.018500 0.044565
15 0.832000 0.616033 0.036000 0.082065
15 0.792125 0.588587 0.042250 0.066304
15 0.745500 0.583696 0.035000 0.056522
15 0.736500 0.611685 0.028500 0.057065
15 0.973000 0.570652 0.054000 0.089130
15 0.939250 0.589402 0.015500 0.032065
15 0.898500 0.581522 0.061000 0.039130
15 0.851375 0.582337 0.035750 0.048370
15 0.885375 0.532065 0.064250 0.058696
15 0.835750 0.529620 0.038500 0.037500
15 0.889875 0.469022 0.026750 0.067391
15 0.858000 0.476359 0.031000 0.049457
15 0.856375 0.438859 0.039250 0.041848
15 0.826750 0.484511 0.030500 0.046196
15 0.798125 0.499185 0.033250 0.057065
15 0.799125 0.533696 0.034750 0.042391
15 0.793250 0.453804 0.034500 0.044565
15 0.822125 0.441033 0.024250 0.027717
15 0.777250 0.491848 0.022000 0.045652
15 0.760875 0.531250 0.042250 0.041848
15 0.738875 0.493207 0.046250 0.042935
15 0.757125 0.458424 0.027250 0.050543
15 0.727500 0.464130 0.033500 0.026087
15 0.717500 0.538315 0.039500 0.049457
15 0.705000 0.594565 0.035500 0.051087
15 0.701875 0.651087 0.027250 0.061957
15 0.682000 0.740217 0.051000 0.064130
15 0.681000 0.691033 0.026000 0.033152
15 0.677500 0.629076 0.035500 0.071196
15 0.660750 0.584511 0.045000 0.037500
15 0.648250 0.538043 0.030500 0.063043
15 0.679625 0.538043 0.027250 0.069565
15 0.685375 0.503804 0.028250 0.034783
15 0.700125 0.480978 0.028250 0.061957
15 0.663625 0.452174 0.042250 0.055435
15 0.640375 0.414402 0.034250 0.039674
15 0.625000 0.436141 0.034500 0.052717
15 0.601250 0.462228 0.038000 0.061413
15 0.620000 0.517391 0.034500 0.055435
15 0.615250 0.575543 0.040000 0.046739
15 0.591125 0.534511 0.040250 0.035326
15 0.631375 0.647826 0.060250 0.107609
15 0.591125 0.675000 0.057750 0.065217
15 0.577375 0.616304 0.043750 0.053261
15 0.571750 0.562772 0.046000 0.055978
