15 0.857500 0.613043 0.128500 0.271739
15 0.751625 0.450000 0.102750 0.163043
15 0.872250 0.450000 0.128500 0.190217
15 0.981375 0.624457 0.037250 0.131522
15 0.955000 0.795924 0.090000 0.145109
15 0.743750 0.953804 0.114500 0.092391
15 0.538125 0.712228 0.111750 0.285326
15 0.621875 0.603261 0.129250 0.197826
15 0.603750 0.417663 0.107000 0.185326
15 0.687875 0.268207 0.079250 0.152717
15 0.778375 0.270380 0.092250 0.177717
15 0.887125 0.268750 0.118250 0.184239
15 0.974750 0.307337 0.050500 0.173370
15 0.916375 0.134511 0.084750 0.165761
15 0.987000 0.158696 0.026000 0.093478
15 0.934000 0.045652 0.099500 0.090217
15 0.835375 0.028261 0.081250 0.055435
15 0.830125 0.137772 0.072250 0.169022
15 0.735375 0.135870 0.111750 0.093478
15 0.641000 0.186413 0.073000 0.128261
15 0.753750 0.046467 0.071000 0.091848
15 0.660375 0.044837 0.093750 0.088587
15 0.588125 0.029891 0.047750 0.058696
15 0.566250 0.123913 0.087500 0.132609
15 0.577750 0.288587 0.099500 0.166304
15 0.447500 0.255435 0.100000 0.159783
15 0.475750 0.380435 0.128500 0.163043
15 0.419375 0.548098 0.129750 0.160326
15 0.302625 0.569022 0.120250 0.173913
15 0.312750 0.919022 0.105500 0.161957
15 0.275625 0.772283 0.172750 0.267391
15 0.161500 0.717935 0.125000 0.306522
15 0.111750 0.961957 0.087000 0.076087
15 0.034000 0.822826 0.067500 0.214130
15 0.080125 0.475000 0.111250 0.216304
15 0.201250 0.463043 0.134000 0.221739
15 0.349250 0.384239 0.107500 0.185870
15 0.269125 0.347283 0.052750 0.186957
15 0.346750 0.213859 0.093000 0.164674
15 0.437625 0.122283 0.115250 0.120652
15 0.463500 0.032065 0.083500 0.063043
15 0.377875 0.050272 0.074250 0.099457
15 0.306875 0.092391 0.088250 0.096739
15 0.255875 0.188859 0.063750 0.105978
15 0.190625 0.290761 0.072250 0.146739
15 0.112875 0.241848 0.091750 0.244565
15 0.036375 0.325000 0.072250 0.190217
15 0.007625 0.450815 0.014750 0.119022
15 0.009625 0.233424 0.018750 0.086413
15 0.061500 0.139946 0.094500 0.161413
15 0.168750 0.047011 0.095000 0.090761
15 0.186125 0.166304 0.092250 0.127174
15 0.272125 0.022283 0.106250 0.043478
15 0.007875 0.074728 0.015250 0.107065
