15 0.984495 0.027344 0.031010 0.053646
15 0.993870 0.097396 0.012260 0.066667
15 0.945673 0.075521 0.070192 0.141667
15 0.970192 0.204687 0.059615 0.129167
15 0.973317 0.344010 0.053365 0.135937
15 0.895913 0.179427 0.085096 0.172396
15 0.877163 0.041667 0.044712 0.076042
15 0.803245 0.056771 0.106971 0.106250
15 0.825120 0.211458 0.057452 0.189583
15 0.890745 0.346615 0.078125 0.159896
15 0.757812 0.151823 0.082933 0.150521
15 0.688101 0.163802 0.056490 0.134896
15 0.714784 0.366667 0.094471 0.175000
15 0.830048 0.456510 0.087981 0.085938
15 0.817548 0.538542 0.077885 0.172917
15 0.930409 0.465885 0.074760 0.107813
15 0.986899 0.490625 0.026202 0.144792
15 0.854327 0.497656 0.000000 0.000521
15 0.969832 0.624479 0.057452 0.202083
15 0.923438 0.698438 0.077163 0.088542
15 0.899279 0.582812 0.090865 0.159375
15 0.823197 0.661198 0.060817 0.097396
15 0.750721 0.620833 0.069231 0.116667
15 0.739543 0.518750 0.079567 0.128125
15 0.862740 0.764323 0.072596 0.155729
15 0.938822 0.834375 0.075240 0.175000
15 0.983774 0.903385 0.032452 0.155729
15 0.941466 0.961979 0.054087 0.076042
15 0.895192 0.963542 0.077404 0.072917
15 0.828726 0.910937 0.076202 0.178125
15 0.887019 0.890365 0.036058 0.068229
15 0.797115 0.810156 0.055288 0.173437
15 0.750361 0.756250 0.097356 0.159375
15 0.741707 0.906771 0.086298 0.136458
15 0.725361 0.951042 0.068990 0.097917
15 0.679207 0.982812 0.054087 0.034375
15 0.670312 0.757292 0.062740 0.209375
15 0.645673 0.855990 0.049519 0.146354
15 0.685937 0.665885 0.080529 0.084896
15 0.657933 0.532552 0.087019 0.173437
15 0.632212 0.946094 0.048077 0.107813
15 0.681851 0.282813 0.049760 0.136458
15 0.657572 0.051042 0.090144 0.097917
15 0.579087 0.017448 0.063942 0.033854
15 0.573918 0.102083 0.111779 0.120833
15 0.546394 0.191667 0.088942 0.100000
15 0.556250 0.307812 0.035577 0.132292
15 0.615024 0.301302 0.092067 0.254688
15 0.586178 0.445573 0.083413 0.131771
15 0.584255 0.540625 0.056490 0.103125
15 0.612019 0.679427 0.055769 0.195312
15 0.547115 0.656510 0.062981 0.135937
15 0.564063 0.775781 0.082933 0.138021
15 0.512740 0.839323 0.062019 0.226562
15 0.570072 0.921875 0.079087 0.156250
15 0.522837 0.977083 0.038942 0.045833
15 0.470433 0.939063 0.063942 0.115625
15 0.493750 0.661458 0.075000 0.160417
15 0.437500 0.830208 0.084135 0.150000
15 0.430649 0.696615 0.055048 0.117188
15 0.455048 0.572396 0.066827 0.118750
15 0.406490 0.590365 0.055288 0.133854
15 0.425000 0.484115 0.050481 0.092188
15 0.507933 0.488542 0.087500 0.182292
15 0.514062 0.342969 0.044471 0.115104
15 0.455649 0.376823 0.082452 0.190104
15 0.451923 0.249219 0.063462 0.089063
15 0.455529 0.125781 0.089904 0.170313
15 0.504087 0.053385 0.065385 0.105729
15 0.451322 0.019010 0.037260 0.036979
15 0.367067 0.069792 0.091827 0.134375
15 0.341106 0.160156 0.069231 0.074479
15 0.399038 0.202083 0.035096 0.065625
15 0.355409 0.264844 0.114663 0.134896
15 0.381250 0.406510 0.065865 0.149479
15 0.310697 0.307031 0.058894 0.192188
15 0.323678 0.464062 0.085817 0.162500
15 0.379567 0.714323 0.060096 0.172396
15 0.308053 0.560937 0.069952 0.135417
15 0.288221 0.115625 0.067788 0.119792
15 0.247476 0.264323 0.071875 0.225521
15 0.239663 0.445312 0.066827 0.201042
15 0.258293 0.636979 0.048317 0.153125
15 0.316466 0.711198 0.076683 0.132812
15 0.341226 0.846094 0.071875 0.122396
15 0.390986 0.909896 0.090144 0.102083
15 0.406370 0.984635 0.061298 0.030729
15 0.346755 0.951823 0.056971 0.096354
15 0.288101 0.958594 0.058894 0.082812
15 0.265625 0.812760 0.104808 0.216146
15 0.204207 0.955469 0.095913 0.089063
15 0.178125 0.883854 0.046154 0.056250
15 0.137019 0.945833 0.038462 0.108333
15 0.076683 0.985938 0.060577 0.028125
15 0.031490 0.949479 0.062500 0.101042
15 0.080649 0.870052 0.076202 0.140104
15 0.093510 0.958073 0.045192 0.033854
15 0.122476 0.811719 0.066587 0.141146
15 0.198798 0.761458 0.068269 0.163542
15 0.148438 0.745052 0.036298 0.115104
15 0.096995 0.658854 0.051683 0.154167
15 0.149038 0.626302 0.088942 0.198437
15 0.202404 0.574479 0.076442 0.200000
15 0.034736 0.801302 0.068990 0.146354
15 0.035457 0.653385 0.070433 0.144271
15 0.022356 0.507031 0.044231 0.164062
15 0.104447 0.490365 0.083413 0.156771
15 0.126322 0.405990 0.054087 0.123438
15 0.176202 0.412760 0.054327 0.144271
15 0.061779 0.458333 0.056731 0.183333
15 0.075962 0.283594 0.084615 0.165104
15 0.177524 0.283333 0.072837 0.107292
15 0.163702 0.215365 0.050481 0.061979
15 0.129327 0.291667 0.029327 0.084375
15 0.017668 0.304427 0.034856 0.197396
15 0.116587 0.184375 0.049038 0.109375
15 0.229327 0.084115 0.052885 0.127604
15 0.162139 0.096354 0.090144 0.143750
15 0.108173 0.087240 0.025000 0.082812
15 0.057813 0.162760 0.068510 0.103646
15 0.010457 0.133594 0.020433 0.158854
15 0.050000 0.064844 0.079327 0.124479
15 0.132692 0.013281 0.043269 0.025521
15 0.186418 0.016406 0.065144 0.031771
15 0.283654 0.034375 0.061538 0.067708
