15 0.903966 0.693229 0.060337 0.125000
15 0.919832 0.200000 0.060337 0.090625
15 0.939663 0.111458 0.059135 0.092708
15 0.963822 0.083854 0.039663 0.096875
15 0.988101 0.077865 0.023798 0.108854
15 0.898558 0.075781 0.039904 0.106771
15 0.869952 0.066667 0.035096 0.062500
15 0.830288 0.065365 0.072115 0.092188
15 0.782813 0.087760 0.036298 0.109896
15 0.832332 0.179167 0.076202 0.084375
15 0.858654 0.136719 0.059135 0.065104
15 0.855288 0.243229 0.054808 0.096875
15 0.801683 0.261979 0.057692 0.104167
15 0.770673 0.175260 0.035577 0.136979
15 0.728005 0.246094 0.068990 0.102604
15 0.730409 0.148438 0.043029 0.111458
15 0.729447 0.064323 0.055048 0.074479
15 0.677885 0.080990 0.045192 0.118229
15 0.626803 0.059115 0.059856 0.071354
15 0.604447 0.121875 0.042548 0.091667
15 0.639543 0.155469 0.041106 0.120313
15 0.606490 0.221615 0.050962 0.109896
15 0.659014 0.244010 0.056971 0.076563
15 0.653125 0.340885 0.057692 0.124479
15 0.718990 0.384635 0.052404 0.121354
15 0.767668 0.346615 0.048798 0.106771
15 0.823558 0.379948 0.060577 0.105729
15 0.703365 0.491927 0.059135 0.096354
15 0.654687 0.443229 0.042548 0.083333
15 0.629808 0.538802 0.053365 0.077604
15 0.663341 0.971875 0.061779 0.056250
15 0.597236 0.968750 0.063702 0.062500
15 0.568990 0.880990 0.069231 0.157812
15 0.626683 0.785417 0.035096 0.086458
15 0.567067 0.639583 0.038942 0.131250
15 0.485096 0.709375 0.055769 0.096875
15 0.494952 0.897396 0.051442 0.133333
15 0.465625 0.981510 0.060096 0.036979
15 0.439063 0.920573 0.045913 0.105729
15 0.406731 0.680729 0.038462 0.130208
15 0.581731 0.323177 0.041346 0.095312
15 0.555529 0.404687 0.049519 0.152083
15 0.516707 0.327344 0.048798 0.089063
15 0.550841 0.235937 0.046875 0.111458
15 0.500721 0.232292 0.035577 0.094792
15 0.465986 0.265625 0.055529 0.090625
15 0.468149 0.338542 0.051202 0.079167
15 0.462861 0.423698 0.052163 0.099479
15 0.415024 0.388021 0.053606 0.111458
15 0.394712 0.277344 0.033654 0.135937
15 0.436659 0.226562 0.035817 0.076042
15 0.432212 0.160417 0.050000 0.077083
15 0.476683 0.149479 0.053846 0.085417
15 0.521875 0.117708 0.034135 0.116667
15 0.559495 0.094531 0.039183 0.111979
15 0.481851 0.064062 0.056971 0.089583
15 0.432692 0.061198 0.040865 0.082812
15 0.389423 0.063802 0.046635 0.080729
15 0.396274 0.150260 0.031971 0.113021
15 0.358173 0.172917 0.059615 0.128125
15 0.330048 0.067708 0.058173 0.082292
15 0.305048 0.218750 0.043750 0.128125
15 0.321154 0.292969 0.051442 0.098437
15 0.363462 0.295312 0.028846 0.117708
15 0.254207 0.213542 0.049279 0.122917
15 0.203125 0.127604 0.035096 0.132292
15 0.067788 0.140625 0.052885 0.098958
15 0.132091 0.239063 0.037740 0.090625
15 0.100481 0.232813 0.048077 0.098958
15 0.186659 0.360677 0.042548 0.096354
15 0.242188 0.373698 0.070913 0.068229
15 0.256490 0.470313 0.049038 0.128125
15 0.291466 0.507552 0.046394 0.118229
15 0.239303 0.579167 0.051683 0.101042
15 0.188822 0.560937 0.046875 0.097917
15 0.166947 0.493490 0.061779 0.105729
15 0.018029 0.105729 0.035577 0.097917
15 0.034615 0.316406 0.036538 0.123438
15 0.018389 0.526563 0.036298 0.131250
15 0.091707 0.583854 0.056971 0.105208
15 0.080889 0.699219 0.055048 0.136979
15 0.007091 0.706510 0.013702 0.077604
15 0.204447 0.731250 0.066587 0.122917
15 0.135337 0.807031 0.053365 0.132812
15 0.084856 0.829167 0.046154 0.086458
15 0.152404 0.876302 0.048077 0.103646
15 0.105048 0.913542 0.041346 0.092708
15 0.067548 0.913542 0.035096 0.125000
15 0.032332 0.883854 0.061779 0.119792
15 0.038462 0.972656 0.039904 0.049479
15 0.090144 0.980729 0.056250 0.038542
15 0.141947 0.967187 0.045913 0.065625
15 0.188582 0.950000 0.054087 0.100000
15 0.252284 0.887760 0.068029 0.131771
15 0.227404 0.977604 0.046635 0.044792
15 0.276923 0.962240 0.046635 0.075521
15 0.318750 0.976823 0.053365 0.046354
