15 0.107212 0.053125 0.045192 0.048958
15 0.246755 0.265625 0.048798 0.081250
15 0.162019 0.552083 0.038942 0.078125
15 0.131851 0.519792 0.035337 0.117708
15 0.104928 0.575781 0.035337 0.073438
15 0.079207 0.572656 0.030529 0.082812
15 0.091947 0.636979 0.024760 0.045833
15 0.117067 0.646094 0.026923 0.060937
15 0.082812 0.692708 0.041587 0.075000
15 0.054087 0.636198 0.045192 0.083854
15 0.039183 0.553385 0.049519 0.086979
15 0.010697 0.528906 0.018990 0.083854
15 0.015625 0.613802 0.030288 0.076563
15 0.017067 0.682292 0.033173 0.068750
15 0.040745 0.724219 0.038221 0.089063
15 0.014543 0.758073 0.026683 0.079687
15 0.017428 0.842969 0.032452 0.108854
15 0.053726 0.799479 0.043029 0.061458
15 0.046635 0.862240 0.040385 0.076563
15 0.087019 0.852344 0.046154 0.102604
15 0.082692 0.765625 0.038942 0.067708
15 0.121995 0.736458 0.041106 0.058333
15 0.115625 0.786198 0.034135 0.047396
15 0.132572 0.836198 0.056490 0.092188
15 0.163702 0.791667 0.042308 0.091667
15 0.170433 0.716667 0.055769 0.070833
15 0.183534 0.867708 0.042548 0.081250
15 0.215264 0.741146 0.041106 0.091667
15 0.224159 0.836198 0.054567 0.116146
15 0.226322 0.641406 0.031971 0.073438
15 0.252764 0.585677 0.059375 0.086979
15 0.298077 0.455469 0.046635 0.072396
15 0.313942 0.329167 0.046154 0.097917
15 0.346154 0.311458 0.025481 0.068750
15 0.374038 0.318229 0.033173 0.088542
15 0.335216 0.225521 0.041587 0.087500
15 0.366947 0.225000 0.029087 0.091667
15 0.356370 0.142187 0.051683 0.088542
15 0.368389 0.063281 0.030529 0.069271
15 0.394231 0.086198 0.031250 0.102604
15 0.399159 0.170313 0.042548 0.084375
15 0.429447 0.087760 0.035337 0.099479
15 0.440264 0.171094 0.035337 0.079687
15 0.403005 0.240885 0.043029 0.090104
15 0.441466 0.248698 0.036779 0.086979
15 0.428486 0.328906 0.053125 0.082812
15 0.345793 0.761719 0.040144 0.090104
15 0.349760 0.441667 0.049519 0.117708
15 0.396995 0.456771 0.043990 0.081250
15 0.440144 0.414062 0.048077 0.062500
15 0.479447 0.326042 0.048798 0.070833
15 0.486058 0.253385 0.052404 0.056771
15 0.484976 0.182812 0.051683 0.075000
15 0.525721 0.214062 0.046635 0.058333
15 0.476923 0.086979 0.050962 0.101042
15 0.497837 0.130729 0.041827 0.093750
15 0.516466 0.070052 0.038221 0.070312
15 0.525000 0.142969 0.028365 0.066146
15 0.547596 0.094531 0.029808 0.085938
15 0.554327 0.142969 0.041827 0.086979
15 0.587500 0.097917 0.038942 0.104167
15 0.587139 0.180469 0.038221 0.064062
15 0.577644 0.398958 0.044712 0.075000
15 0.591466 0.475260 0.035337 0.111979
15 0.480168 0.472396 0.047356 0.068750
15 0.437019 0.591667 0.034615 0.139583
15 0.463942 0.596354 0.034615 0.068750
15 0.485457 0.545052 0.041106 0.073438
15 0.517188 0.693750 0.057933 0.079167
15 0.540144 0.782552 0.041827 0.089063
15 0.628966 0.493750 0.042548 0.084375
15 0.637740 0.390365 0.062981 0.125521
15 0.616947 0.350521 0.056490 0.097917
15 0.627885 0.244010 0.030288 0.108854
15 0.660817 0.203385 0.043750 0.082812
15 0.671394 0.112240 0.040865 0.102604
15 0.713702 0.077865 0.049519 0.070312
15 0.709615 0.147656 0.045192 0.093229
15 0.709495 0.239323 0.052163 0.108854
15 0.744591 0.164323 0.043029 0.096354
15 0.750240 0.254948 0.033173 0.099479
15 0.720553 0.366667 0.051683 0.084375
15 0.760457 0.354948 0.026683 0.128646
15 0.788462 0.392708 0.037500 0.090625
15 0.735697 0.474479 0.038221 0.116667
15 0.669952 0.455208 0.043750 0.078125
15 0.671034 0.548698 0.047356 0.105729
15 0.726202 0.585677 0.031731 0.050521
15 0.756851 0.522917 0.032452 0.078125
15 0.786538 0.524219 0.029808 0.115104
15 0.801803 0.455990 0.027644 0.082812
15 0.819832 0.521354 0.041106 0.081250
15 0.765625 0.591927 0.036058 0.099479
15 0.804567 0.597135 0.034615 0.064062
15 0.810337 0.656771 0.041827 0.061458
15 0.713702 0.708854 0.048077 0.101042
15 0.760457 0.797917 0.038221 0.110417
15 0.831130 0.713542 0.043990 0.073958
15 0.874279 0.682813 0.053846 0.088542
15 0.868630 0.761719 0.045433 0.108854
15 0.894712 0.762500 0.024038 0.061458
15 0.915625 0.684375 0.041827 0.088542
15 0.931490 0.751042 0.040865 0.068750
15 0.927644 0.818490 0.041827 0.059896
15 0.894712 0.826042 0.028365 0.063542
15 0.932332 0.877344 0.039663 0.057813
15 0.957812 0.794271 0.032452 0.059375
15 0.985938 0.790365 0.028125 0.069271
15 0.974519 0.870573 0.050962 0.084896
15 0.993630 0.840104 0.012740 0.023958
15 0.984976 0.667969 0.030048 0.096354
15 0.991947 0.745573 0.016106 0.043229
15 0.991466 0.590365 0.017067 0.074479
