15 0.991827 0.052083 0.016346 0.100000
15 0.938822 0.027344 0.096875 0.053646
15 0.891226 0.036198 0.023317 0.032813
15 0.859495 0.021354 0.046875 0.041667
15 0.948678 0.083594 0.077163 0.067187
15 0.974519 0.162240 0.050962 0.114062
15 0.924159 0.186458 0.048317 0.153125
15 0.883053 0.104167 0.056971 0.097917
15 0.968750 0.270573 0.058654 0.103646
15 0.917788 0.332031 0.054808 0.126562
15 0.966947 0.386719 0.066106 0.129688
15 0.875841 0.242708 0.056490 0.133333
15 0.861899 0.391667 0.056971 0.169792
15 0.816587 0.350781 0.049038 0.077604
15 0.805649 0.270313 0.084856 0.161458
15 0.834375 0.187240 0.033173 0.055729
15 0.809495 0.144531 0.076202 0.118229
15 0.831130 0.054948 0.041587 0.103646
15 0.787620 0.066406 0.049279 0.096354
15 0.769712 0.014844 0.075000 0.028646
15 0.742909 0.131771 0.064663 0.112500
15 0.738221 0.247135 0.059135 0.117188
15 0.683894 0.184896 0.057692 0.105208
15 0.667067 0.097917 0.059615 0.194792
15 0.660457 0.313802 0.048798 0.147396
15 0.735697 0.370052 0.103606 0.130729
15 0.623918 0.184896 0.043029 0.126042
15 0.661899 0.436458 0.061779 0.093750
15 0.724880 0.460417 0.068510 0.100000
15 0.806971 0.453125 0.069231 0.128125
15 0.806130 0.532813 0.055529 0.116667
15 0.756370 0.522917 0.039663 0.065625
15 0.873558 0.557292 0.075962 0.152083
15 0.981250 0.576823 0.035577 0.179688
15 0.699038 0.575260 0.059135 0.135937
15 0.717668 0.678646 0.039183 0.078125
15 0.666106 0.561198 0.035096 0.136979
15 0.641827 0.662240 0.061538 0.128646
15 0.827644 0.644271 0.037500 0.112500
15 0.775120 0.639323 0.084856 0.168229
15 0.783293 0.739062 0.076683 0.080208
15 0.880529 0.736719 0.059135 0.134896
15 0.924519 0.660677 0.070192 0.169271
15 0.970913 0.742188 0.037019 0.162500
15 0.993029 0.802604 0.013942 0.048958
15 0.983413 0.914583 0.033173 0.137500
15 0.924760 0.861198 0.060096 0.179688
15 0.856851 0.868490 0.073798 0.136979
15 0.823438 0.779948 0.049760 0.115104
15 0.755168 0.873958 0.047837 0.204167
15 0.797115 0.949219 0.056250 0.101562
15 0.836178 0.984896 0.029087 0.030208
15 0.726442 0.955208 0.068269 0.089583
15 0.703005 0.812240 0.059375 0.144271
15 0.675841 0.884896 0.055529 0.126042
15 0.656250 0.960417 0.064904 0.079167
15 0.641947 0.784375 0.062740 0.105208
15 0.618990 0.743229 0.066827 0.111458
15 0.612260 0.883333 0.058654 0.112500
15 0.597356 0.976823 0.052885 0.046354
15 0.554808 0.926302 0.051923 0.134896
15 0.512380 0.981250 0.038702 0.037500
15 0.504687 0.902344 0.047837 0.116146
15 0.563221 0.794010 0.050481 0.129688
15 0.533293 0.706250 0.047837 0.162500
15 0.502404 0.783333 0.039904 0.114583
15 0.457933 0.945833 0.055769 0.108333
15 0.582933 0.664323 0.046635 0.113021
15 0.609736 0.511458 0.072837 0.148958
15 0.636298 0.576823 0.020192 0.043229
15 0.567067 0.570573 0.047596 0.072396
15 0.596755 0.410417 0.068510 0.105208
15 0.536298 0.460938 0.067788 0.164583
15 0.596635 0.291667 0.065865 0.118750
15 0.504687 0.589063 0.055048 0.125000
15 0.477644 0.691927 0.045192 0.101562
15 0.570553 0.173437 0.060337 0.143750
15 0.630288 0.061719 0.073558 0.110937
15 0.558413 0.057031 0.062981 0.102604
15 0.510577 0.040885 0.057692 0.076563
15 0.504928 0.121875 0.052163 0.091667
15 0.533173 0.235417 0.054327 0.204167
15 0.485817 0.254948 0.041827 0.135937
15 0.478966 0.371615 0.087260 0.145313
15 0.439663 0.288802 0.053365 0.170313
15 0.473918 0.477344 0.057933 0.127604
15 0.441707 0.594531 0.076202 0.117188
15 0.461058 0.817708 0.042788 0.143750
15 0.390024 0.958333 0.074760 0.083333
15 0.408053 0.871094 0.072356 0.136979
15 0.416827 0.768750 0.091346 0.087500
15 0.443269 0.692187 0.021154 0.062500
15 0.406490 0.678385 0.050481 0.149479
15 0.369832 0.600260 0.044952 0.124479
15 0.333053 0.738802 0.087260 0.163021
15 0.334014 0.876302 0.085817 0.133854
15 0.329688 0.974479 0.040144 0.051042
15 0.279808 0.961198 0.062500 0.077604
15 0.266226 0.859375 0.044471 0.147917
15 0.263582 0.741406 0.053606 0.091146
15 0.312260 0.637500 0.077404 0.109375
15 0.256490 0.634896 0.032692 0.118750
15 0.306611 0.538802 0.093990 0.109896
15 0.221514 0.930208 0.057933 0.098958
15 0.194231 0.988021 0.041346 0.023958
15 0.353005 0.439063 0.044471 0.142708
15 0.385817 0.308854 0.052885 0.172917
15 0.303486 0.365625 0.096875 0.150000
15 0.299038 0.444531 0.057692 0.071354
15 0.246635 0.513542 0.048077 0.137500
15 0.232933 0.426563 0.063942 0.202083
15 0.191466 0.419271 0.025240 0.108333
15 0.277885 0.231250 0.043269 0.114583
15 0.240024 0.279427 0.042067 0.099479
15 0.330649 0.284375 0.056490 0.102083
15 0.349519 0.170833 0.077404 0.131250
15 0.419952 0.162760 0.060096 0.091146
15 0.460457 0.130729 0.036779 0.191667
15 0.380649 0.079427 0.052163 0.102604
15 0.301803 0.184896 0.020913 0.093750
15 0.323918 0.063281 0.074279 0.125521
15 0.418269 0.012500 0.042788 0.023958
15 0.262260 0.044010 0.048077 0.086979
15 0.251803 0.102865 0.080529 0.157812
15 0.201442 0.200781 0.078365 0.180729
15 0.194231 0.051042 0.054808 0.101042
15 0.140625 0.023438 0.069231 0.045833
15 0.117428 0.097656 0.088702 0.139063
15 0.133173 0.219531 0.047115 0.107813
15 0.161659 0.314323 0.070433 0.123438
15 0.144952 0.422135 0.059135 0.122396
15 0.101683 0.460156 0.062500 0.086979
15 0.168990 0.536198 0.094712 0.092188
15 0.162620 0.646615 0.043029 0.134896
15 0.213702 0.671354 0.062019 0.163542
15 0.200962 0.817708 0.086538 0.121875
15 0.143990 0.838802 0.060096 0.156771
15 0.141226 0.958333 0.092548 0.082292
15 0.067788 0.956510 0.046635 0.086979
15 0.022596 0.951562 0.044712 0.096875
15 0.079928 0.836458 0.071394 0.117708
15 0.111058 0.718490 0.061058 0.130729
15 0.100120 0.552604 0.077644 0.107292
15 0.053726 0.613542 0.065144 0.107292
15 0.011418 0.788021 0.022356 0.137500
15 0.023077 0.668229 0.045673 0.126042
15 0.018630 0.513802 0.036779 0.143229
15 0.031490 0.389583 0.062500 0.103125
15 0.040144 0.302865 0.063942 0.160938
15 0.090625 0.295833 0.045673 0.120833
15 0.014303 0.230208 0.028125 0.101042
15 0.052404 0.157552 0.062500 0.114062
15 0.056010 0.046354 0.086058 0.086458
15 0.011298 0.121094 0.022115 0.105729
15 0.012019 0.019010 0.023558 0.036979
