15 0.988250 0.741033 0.023500 0.101630
15 0.976625 0.897283 0.046750 0.130435
15 0.938375 0.838043 0.043750 0.064130
15 0.961500 0.822554 0.025500 0.048370
15 0.918250 0.910870 0.050500 0.078261
15 0.964375 0.977446 0.042750 0.045109
15 0.909750 0.967391 0.040000 0.065217
15 0.881375 0.868478 0.030250 0.067391
15 0.900875 0.830163 0.033250 0.063587
15 0.873750 0.769022 0.052000 0.077174
15 0.848125 0.873913 0.047250 0.047826
15 0.851500 0.931522 0.077000 0.118478
15 0.805500 0.953804 0.056000 0.092391
15 0.796375 0.892663 0.032750 0.052717
15 0.737250 0.925543 0.035500 0.108696
15 0.767125 0.974728 0.026750 0.050543
15 0.756375 0.902989 0.023750 0.052717
15 0.766250 0.800272 0.024500 0.054891
15 0.802500 0.792663 0.043500 0.121196
15 0.775625 0.873098 0.013250 0.045109
15 0.835375 0.768478 0.032250 0.110870
15 0.909375 0.774457 0.017750 0.058696
15 0.927500 0.744022 0.037500 0.093478
15 0.944625 0.703533 0.044250 0.091848
15 0.971875 0.663859 0.030250 0.062500
15 0.939250 0.632337 0.030000 0.071196
15 0.952125 0.574457 0.041250 0.059783
15 0.922625 0.532880 0.039250 0.051630
15 0.904250 0.591304 0.042000 0.069565
15 0.898125 0.651902 0.052750 0.046196
15 0.889500 0.702989 0.036000 0.063587
15 0.869375 0.719837 0.030250 0.026630
15 0.857500 0.672554 0.022000 0.062500
15 0.823750 0.695109 0.057500 0.055435
15 0.786750 0.724457 0.037000 0.044565
15 0.766500 0.676902 0.033500 0.050543
15 0.823500 0.637500 0.050500 0.090217
15 0.855125 0.593478 0.056250 0.071739
15 0.850875 0.539946 0.041250 0.069022
15 0.874750 0.487228 0.039000 0.067935
15 0.905375 0.498641 0.039750 0.076630
15 0.802000 0.546196 0.028000 0.056522
15 0.783875 0.597554 0.021750 0.061413
15 0.790125 0.657880 0.012250 0.044022
15 0.760625 0.629620 0.040250 0.071196
15 0.736750 0.708152 0.022500 0.048913
15 0.733125 0.756793 0.029750 0.067935
15 0.733000 0.837228 0.076500 0.085326
15 0.680250 0.803533 0.049500 0.054891
15 0.700625 0.735598 0.037750 0.079891
15 0.666000 0.729076 0.041500 0.086413
15 0.635125 0.772011 0.033250 0.085326
15 0.699125 0.662500 0.040250 0.042391
15 0.707000 0.702989 0.053000 0.038587
15 0.692625 0.975543 0.075250 0.048913
15 0.671125 0.909783 0.071250 0.089130
15 0.617125 0.956250 0.038250 0.087500
15 0.619125 0.839402 0.057250 0.076630
15 0.658125 0.876902 0.041750 0.058152
15 0.633125 0.696739 0.032750 0.067391
15 0.599625 0.725815 0.040750 0.096196
15 0.598625 0.668478 0.045750 0.034783
15 0.633000 0.648098 0.025000 0.030978
15 0.668000 0.619565 0.057000 0.065217
15 0.720875 0.628261 0.040250 0.085870
15 0.749250 0.589946 0.031000 0.036413
15 0.761250 0.554620 0.031000 0.061413
15 0.730500 0.547011 0.031000 0.070109
15 0.696125 0.592935 0.022250 0.034783
15 0.698750 0.549457 0.032500 0.057609
15 0.662250 0.570109 0.031500 0.038043
15 0.631500 0.577446 0.020500 0.049457
15 0.602250 0.590217 0.041500 0.083696
15 0.610250 0.533967 0.044000 0.041848
15 0.644000 0.536141 0.027000 0.036413
15 0.667000 0.508967 0.028000 0.078804
15 0.638625 0.488859 0.027250 0.053804
15 0.613500 0.493750 0.024000 0.042935
15 0.708125 0.502174 0.029750 0.034783
15 0.687375 0.479891 0.021250 0.046739
15 0.747750 0.488859 0.045000 0.057065
15 0.785750 0.484511 0.025500 0.078804
15 0.815125 0.514130 0.027750 0.060870
15 0.832750 0.477174 0.041500 0.052174
15 0.890375 0.433152 0.032250 0.051087
15 0.808250 0.449457 0.034000 0.045652
15 0.807625 0.416576 0.035750 0.039674
15 0.773375 0.437500 0.025750 0.052174
15 0.751125 0.445380 0.015750 0.049457
15 0.731875 0.432880 0.021250 0.045109
15 0.711875 0.447554 0.039250 0.057065
15 0.668875 0.435054 0.044750 0.064674
15 0.633125 0.428533 0.027250 0.049457
15 0.720375 0.396739 0.029250 0.040217
15 0.758000 0.398913 0.051500 0.039130
15 0.791125 0.361957 0.036250 0.046739
15 0.816875 0.361957 0.022250 0.061957
15 0.797875 0.294293 0.035750 0.058152
15 0.783375 0.340217 0.039250 0.051087
15 0.761250 0.320924 0.031000 0.041848
15 0.748000 0.358967 0.025500 0.052717
15 0.721500 0.357880 0.031000 0.035326
15 0.689500 0.350000 0.028000 0.078261
15 0.658000 0.384511 0.034500 0.040761
15 0.681500 0.384783 0.018000 0.034783
15 0.660750 0.335326 0.024500 0.060870
15 0.701500 0.320924 0.021000 0.037500
15 0.721625 0.309239 0.024250 0.046739
15 0.784125 0.254348 0.032750 0.040217
15 0.811500 0.218750 0.044000 0.042935
15 0.733500 0.261685 0.022000 0.063587
15 0.711875 0.261685 0.025250 0.059239
15 0.675625 0.277446 0.032250 0.040761
15 0.660375 0.303261 0.022250 0.025000
15 0.637250 0.326902 0.023000 0.052717
15 0.617750 0.401902 0.028000 0.069022
15 0.609000 0.345652 0.032500 0.054348
15 0.661125 0.245380 0.023250 0.045109
15 0.640375 0.274457 0.035750 0.048913
15 0.615250 0.284239 0.018500 0.028261
15 0.609375 0.311957 0.034250 0.011957
15 0.739125 0.196739 0.024250 0.051087
15 0.712000 0.214130 0.035500 0.039130
15 0.690375 0.195109 0.018750 0.033696
15 0.669000 0.216033 0.024000 0.028804
15 0.687625 0.242120 0.026250 0.025543
15 0.750375 0.164402 0.020750 0.030978
15 0.789125 0.163043 0.036750 0.053261
15 0.774375 0.132609 0.034250 0.045652
15 0.702875 0.155978 0.038250 0.046739
15 0.726250 0.122283 0.036000 0.042391
15 0.690000 0.116033 0.027000 0.037500
15 0.718000 0.085326 0.035000 0.052174
15 0.701250 0.057065 0.023500 0.030435
15 0.693250 0.028804 0.028500 0.041304
15 0.650875 0.109511 0.032250 0.030978
15 0.642500 0.142935 0.025000 0.031522
15 0.669750 0.153804 0.029500 0.035870
15 0.661625 0.188315 0.038750 0.022283
15 0.639375 0.211685 0.025250 0.035326
15 0.631500 0.240489 0.031000 0.017935
15 0.617250 0.226630 0.014500 0.029348
15 0.611250 0.256793 0.016000 0.029891
15 0.606500 0.200000 0.036500 0.036957
15 0.590250 0.245380 0.025500 0.041848
15 0.574375 0.260870 0.030750 0.019565
15 0.583500 0.289130 0.025500 0.044565
15 0.578500 0.335598 0.031000 0.032065
15 0.562125 0.295380 0.018250 0.048370
15 0.581750 0.366033 0.024500 0.023370
15 0.587500 0.403804 0.036000 0.053261
15 0.555250 0.366848 0.024500 0.066304
15 0.590500 0.445652 0.040500 0.042391
15 0.588125 0.488859 0.024750 0.046196
15 0.571500 0.504620 0.033000 0.051630
15 0.561375 0.454348 0.027250 0.041304
15 0.549500 0.419837 0.038000 0.032065
15 0.541125 0.480163 0.023750 0.073370
15 0.556750 0.529076 0.033500 0.038587
15 0.527875 0.551087 0.020750 0.038043
15 0.517625 0.512772 0.024250 0.045109
15 0.556750 0.576902 0.053500 0.059239
15 0.545750 0.629076 0.044000 0.044022
15 0.574500 0.642663 0.023500 0.045109
15 0.570125 0.713587 0.019250 0.050000
15 0.561125 0.683424 0.018250 0.051630
15 0.527875 0.673098 0.025750 0.073370
15 0.529500 0.731522 0.048000 0.057609
15 0.490000 0.715761 0.029500 0.042391
15 0.478375 0.671196 0.039750 0.053261
15 0.494750 0.629076 0.025000 0.037500
15 0.486000 0.573913 0.040000 0.071739
15 0.514250 0.584783 0.027500 0.051087
15 0.559625 0.776630 0.037750 0.068478
15 0.522250 0.848913 0.029000 0.072826
15 0.567375 0.859239 0.043250 0.080435
15 0.570500 0.919022 0.046500 0.066304
15 0.578000 0.972011 0.038000 0.055978
15 0.540750 0.977446 0.032000 0.045109
15 0.519875 0.943207 0.051250 0.084239
15 0.492500 0.902717 0.057000 0.079348
15 0.443125 0.935326 0.065250 0.063043
15 0.438750 0.881522 0.032000 0.068478
15 0.431625 0.804348 0.019750 0.097826
15 0.490250 0.784783 0.034500 0.101087
15 0.455250 0.793750 0.031500 0.140761
15 0.453375 0.719022 0.039250 0.040217
15 0.445500 0.605163 0.022500 0.048370
15 0.413375 0.639674 0.041750 0.045652
15 0.426000 0.669837 0.022000 0.032065
15 0.417625 0.714402 0.032250 0.107065
15 0.406000 0.813587 0.045500 0.090217
15 0.387500 0.756793 0.021000 0.037500
15 0.386875 0.707609 0.023250 0.065217
15 0.353250 0.698913 0.039000 0.103261
15 0.415500 0.979348 0.023000 0.041304
15 0.387000 0.985054 0.037500 0.029891
15 0.387750 0.907609 0.046500 0.094565
15 0.361250 0.861685 0.041000 0.054891
15 0.336750 0.936413 0.050000 0.082609
15 0.322500 0.865489 0.037500 0.073370
15 0.364875 0.795380 0.034250 0.078804
15 0.320875 0.782880 0.051250 0.100543
15 0.286750 0.830707 0.028000 0.061413
15 0.297500 0.863587 0.020000 0.056522
15 0.285875 0.917120 0.043750 0.065761
15 0.293500 0.974728 0.049000 0.050543
15 0.248375 0.956522 0.048250 0.081522
15 0.251500 0.880707 0.043500 0.087500
15 0.256125 0.754620 0.032750 0.087500
15 0.269000 0.704076 0.026500 0.046196
15 0.287125 0.761685 0.028750 0.063587
15 0.308875 0.686413 0.043750 0.085870
15 0.327000 0.625543 0.045000 0.039130
15 0.290000 0.630163 0.028500 0.066848
15 0.253125 0.687228 0.054750 0.054891
15 0.210125 0.739130 0.065250 0.091304
15 0.229875 0.820652 0.076250 0.084783
15 0.213750 0.980707 0.022500 0.038587
15 0.180250 0.947554 0.057500 0.104891
15 0.154875 0.903804 0.074750 0.093478
15 0.124250 0.786141 0.041500 0.094022
15 0.161625 0.716576 0.048250 0.071196
15 0.156500 0.652717 0.047500 0.068478
15 0.184125 0.618207 0.053250 0.062500
15 0.222625 0.643750 0.041750 0.078804
15 0.247000 0.595924 0.040500 0.080978
15 0.271500 0.563043 0.026000 0.047826
15 0.208375 0.569293 0.036750 0.044022
15 0.185125 0.560598 0.033750 0.058152
15 0.158375 0.555707 0.037250 0.094022
15 0.186125 0.489130 0.032250 0.076087
15 0.226875 0.515761 0.050750 0.077174
15 0.242250 0.470109 0.021500 0.044565
15 0.213250 0.457880 0.031500 0.054891
15 0.223500 0.401902 0.021000 0.059239
15 0.448625 0.272011 0.032250 0.052717
15 0.447875 0.318478 0.035250 0.063043
15 0.413250 0.350815 0.038500 0.035326
15 0.398625 0.292935 0.025250 0.059783
15 0.418125 0.278804 0.025750 0.066304
15 0.374625 0.309783 0.032750 0.057609
15 0.389500 0.349457 0.018500 0.036957
15 0.370375 0.272283 0.019750 0.031522
15 0.343375 0.304348 0.028750 0.057609
15 0.335625 0.342935 0.022750 0.042391
15 0.318750 0.280978 0.025500 0.066304
15 0.304750 0.326902 0.025000 0.027717
15 0.286750 0.303261 0.025000 0.061957
15 0.258375 0.308152 0.024750 0.038043
15 0.615875 0.154348 0.020750 0.040217
15 0.602750 0.159239 0.027500 0.036957
15 0.586125 0.177446 0.024750 0.044022
15 0.621875 0.080435 0.030250 0.048913
15 0.597875 0.060870 0.024250 0.065217
15 0.568250 0.058152 0.031500 0.031522
15 0.565625 0.091576 0.021250 0.048370
15 0.537000 0.079620 0.035500 0.038587
15 0.507375 0.026630 0.025250 0.050000
