15 0.415500 0.047011 0.038500 0.062500
15 0.423125 0.139402 0.056250 0.117935
15 0.466875 0.205435 0.041250 0.084783
15 0.496375 0.164674 0.055750 0.114130
15 0.540500 0.133967 0.047000 0.086413
15 0.566875 0.233152 0.073750 0.143478
15 0.625000 0.326902 0.047500 0.139674
15 0.587875 0.380435 0.052250 0.093478
15 0.514875 0.269022 0.049250 0.084783
15 0.475500 0.344293 0.062500 0.094022
15 0.427875 0.270924 0.102750 0.125543
15 0.352250 0.215761 0.029500 0.057609
15 0.370625 0.138043 0.043750 0.084783
15 0.325375 0.135870 0.031750 0.080435
15 0.291750 0.188587 0.072000 0.125000
15 0.255375 0.258967 0.036750 0.079891
15 0.350000 0.303261 0.060000 0.119565
15 0.291875 0.279620 0.055750 0.051630
15 0.290500 0.356522 0.062000 0.125000
15 0.201750 0.358967 0.065500 0.145109
15 0.238250 0.392663 0.027500 0.052717
15 0.247125 0.338315 0.026750 0.052717
15 0.205625 0.470109 0.047750 0.128261
15 0.252250 0.457337 0.038500 0.105978
15 0.291875 0.475543 0.046750 0.090217
15 0.358250 0.408152 0.073500 0.091304
15 0.401500 0.383424 0.020500 0.060326
15 0.428250 0.413587 0.043500 0.118478
15 0.473125 0.440489 0.039250 0.082065
15 0.528625 0.428804 0.067750 0.153261
15 0.561625 0.488315 0.061750 0.077717
15 0.624625 0.477174 0.057750 0.116304
15 0.462125 0.511957 0.056250 0.105435
15 0.385500 0.498098 0.058000 0.085326
15 0.331250 0.513043 0.038500 0.102174
15 0.307250 0.583424 0.047000 0.071196
15 0.222000 0.591848 0.118000 0.115217
15 0.249000 0.685870 0.064000 0.083696
15 0.259000 0.760598 0.084500 0.121196
15 0.315125 0.720652 0.053750 0.140217
15 0.392750 0.691033 0.063500 0.083152
15 0.395125 0.593478 0.085750 0.088043
15 0.455500 0.601902 0.033000 0.100543
15 0.442125 0.717391 0.044750 0.092391
15 0.510000 0.683696 0.087500 0.166304
15 0.574750 0.711957 0.034500 0.081522
15 0.616750 0.743478 0.051500 0.185870
15 0.646000 0.644022 0.054000 0.153261
15 0.642125 0.537772 0.036750 0.062500
15 0.552125 0.574728 0.098250 0.075543
15 0.576375 0.620924 0.054250 0.077717
15 0.552875 0.800272 0.055750 0.133152
15 0.494500 0.806250 0.049500 0.097283
15 0.417000 0.838043 0.047000 0.091304
15 0.367500 0.792391 0.053000 0.129348
15 0.350875 0.901630 0.069250 0.143478
15 0.281000 0.880707 0.087000 0.152717
15 0.420375 0.931793 0.066750 0.111413
15 0.498125 0.904620 0.060750 0.153804
15 0.552500 0.905978 0.055000 0.088043
15 0.600625 0.835326 0.027750 0.068478
15 0.103500 0.876087 0.085500 0.113043
15 0.072750 0.799457 0.055500 0.120652
15 0.101875 0.751902 0.017750 0.061413
15 0.061875 0.469565 0.034750 0.151087
15 0.110375 0.169022 0.022750 0.065217
15 0.148875 0.024185 0.039250 0.047283
15 0.681250 0.967391 0.048000 0.065217
15 0.729875 0.977174 0.046250 0.045652
15 0.715250 0.878261 0.034500 0.078261
15 0.741625 0.809783 0.035750 0.091304
15 0.775000 0.891848 0.046000 0.140217
15 0.783375 0.980978 0.056750 0.038043
15 0.823250 0.945924 0.052000 0.108152
15 0.855500 0.918207 0.047500 0.128804
15 0.831500 0.812772 0.091000 0.095109
15 0.907250 0.889674 0.064500 0.132609
15 0.913375 0.981250 0.069250 0.037500
15 0.959875 0.947554 0.039250 0.104891
15 0.986375 0.829348 0.027250 0.098913
15 0.944625 0.817663 0.052250 0.100543
15 0.887000 0.766033 0.036000 0.066848
15 0.843750 0.709239 0.054000 0.116304
15 0.788125 0.697011 0.063250 0.099457
15 0.973875 0.728261 0.052250 0.109783
15 0.986125 0.609511 0.027750 0.126630
15 0.948750 0.631250 0.045000 0.105978
15 0.888500 0.645924 0.074000 0.144022
15 0.803750 0.582880 0.059000 0.123370
15 0.829375 0.498641 0.055750 0.092935
15 0.888625 0.537772 0.087750 0.087500
15 0.832000 0.611685 0.022500 0.072283
15 0.863500 0.452174 0.045000 0.082609
15 0.819625 0.412772 0.038250 0.079891
15 0.792875 0.471739 0.025750 0.076087
15 0.834125 0.331793 0.030250 0.080978
15 0.791000 0.297283 0.031000 0.189130
15 0.821250 0.244565 0.041500 0.090217
15 0.873250 0.259783 0.045000 0.155435
15 0.967250 0.348641 0.061000 0.104891
15 0.987875 0.280435 0.024250 0.052174
15 0.987750 0.206250 0.024500 0.095109
15 0.986000 0.123913 0.028000 0.068478
15 0.960750 0.101902 0.058000 0.151630
15 0.931875 0.052989 0.053750 0.102717
15 0.983750 0.035326 0.032500 0.064130
15 0.905750 0.135870 0.031000 0.108696
15 0.873125 0.138043 0.046250 0.101087
15 0.825625 0.163587 0.042750 0.091304
15 0.795625 0.175000 0.021750 0.086957
15 0.772750 0.179076 0.029500 0.112500
15 0.745250 0.115489 0.018500 0.055978
15 0.755000 0.074457 0.047000 0.086957
15 0.790750 0.058152 0.053500 0.113043
15 0.838750 0.073913 0.034500 0.095652
