15 0.040104 0.026803 0.056250 0.030529
15 0.100000 0.037620 0.085417 0.032452
15 0.595833 0.031370 0.068750 0.038702
15 0.642448 0.007572 0.022396 0.013702
15 0.682552 0.013702 0.061979 0.025000
15 0.755729 0.012019 0.057292 0.022596
15 0.675260 0.039663 0.080729 0.024038
15 0.751563 0.048798 0.046875 0.040385
15 0.699479 0.076563 0.061458 0.044471
15 0.626302 0.060577 0.082812 0.029327
15 0.583073 0.080168 0.058854 0.037260
15 0.632552 0.096394 0.076563 0.037500
15 0.655990 0.126562 0.055729 0.033894
15 0.554427 0.170553 0.105729 0.037260
15 0.470052 0.211418 0.082812 0.059375
15 0.519792 0.214423 0.059375 0.032692
15 0.392448 0.189543 0.084896 0.034375
15 0.230208 0.135817 0.060417 0.024038
15 0.258854 0.160938 0.105208 0.041587
15 0.166406 0.174639 0.090104 0.055529
15 0.097917 0.147957 0.079167 0.043990
15 0.043229 0.152284 0.052083 0.040144
15 0.062760 0.238462 0.091146 0.047596
15 0.276302 0.220192 0.066146 0.033173
15 0.240885 0.249519 0.092188 0.040865
15 0.449219 0.272837 0.084896 0.041827
15 0.505208 0.269591 0.029167 0.033894
15 0.424740 0.308654 0.075521 0.045673
15 0.225000 0.288942 0.076042 0.034615
15 0.143490 0.322837 0.055729 0.041346
15 0.210156 0.342428 0.074479 0.050240
15 0.283333 0.335337 0.073958 0.054808
15 0.358073 0.331370 0.078646 0.041587
15 0.095312 0.366587 0.095833 0.036058
15 0.433854 0.347596 0.092708 0.025962
15 0.507812 0.318630 0.091667 0.035817
15 0.586458 0.328365 0.114583 0.034135
15 0.770833 0.296514 0.057292 0.043029
15 0.775781 0.396995 0.069271 0.038221
15 0.362240 0.372476 0.057813 0.038702
15 0.315625 0.404567 0.077083 0.037019
15 0.131771 0.415865 0.104167 0.057692
15 0.051042 0.418029 0.065625 0.040865
15 0.034635 0.459495 0.060937 0.039183
15 0.051823 0.491707 0.066146 0.025240
15 0.102083 0.465625 0.072917 0.047596
15 0.177083 0.455048 0.067708 0.029808
15 0.170573 0.480168 0.081771 0.031971
15 0.247396 0.444111 0.111458 0.029567
15 0.259375 0.480409 0.083333 0.041106
15 0.332031 0.458534 0.070312 0.040144
15 0.393750 0.439784 0.071875 0.043029
15 0.385937 0.474038 0.088542 0.031731
15 0.488542 0.458534 0.084375 0.048798
15 0.546615 0.488462 0.065104 0.044231
15 0.454427 0.494231 0.069271 0.040385
15 0.327344 0.498317 0.055729 0.032212
15 0.379167 0.509135 0.069792 0.035577
15 0.291406 0.521274 0.115104 0.036779
15 0.166667 0.514062 0.123958 0.043990
15 0.054688 0.519832 0.093750 0.025721
15 0.135417 0.551082 0.101042 0.044471
15 0.227865 0.547596 0.102604 0.028365
15 0.232813 0.586178 0.093750 0.040144
15 0.288802 0.572115 0.076563 0.028846
15 0.336719 0.544952 0.079687 0.027404
15 0.416927 0.532572 0.080729 0.038221
15 0.375260 0.565745 0.092188 0.031490
15 0.465104 0.575361 0.088542 0.035817
15 0.495052 0.535457 0.080729 0.043990
15 0.552344 0.565745 0.079687 0.040625
15 0.646354 0.567308 0.066667 0.045673
15 0.568750 0.593630 0.059375 0.027644
15 0.641667 0.604928 0.107292 0.030048
15 0.742188 0.607091 0.084375 0.028125
15 0.460417 0.608413 0.111458 0.024038
15 0.325781 0.598197 0.100521 0.030048
15 0.253646 0.626803 0.089583 0.035817
15 0.181250 0.614784 0.083333 0.036298
15 0.107292 0.604327 0.077083 0.042308
15 0.064062 0.567067 0.086458 0.032212
15 0.038802 0.593630 0.065104 0.030529
15 0.410156 0.640144 0.078646 0.043750
15 0.559896 0.685697 0.081250 0.042548
15 0.780208 0.742788 0.122917 0.037019
15 0.691146 0.774399 0.080208 0.042067
15 0.571875 0.805649 0.071875 0.036298
15 0.129948 0.823197 0.081771 0.037260
15 0.463281 0.883173 0.070312 0.049038
15 0.450521 0.909856 0.031250 0.015385
15 0.521615 0.900601 0.082812 0.038221
15 0.594792 0.915144 0.094792 0.047115
15 0.642708 0.861058 0.077083 0.039904
15 0.680990 0.812620 0.066146 0.030529
15 0.641146 0.830649 0.031250 0.012740
15 0.740625 0.832812 0.097917 0.043029
15 0.808073 0.797236 0.089063 0.049760
15 0.810417 0.835216 0.069792 0.033413
15 0.815625 0.868870 0.087500 0.035337
15 0.695052 0.879567 0.074479 0.040385
15 0.741406 0.904087 0.058854 0.042788
15 0.814323 0.909856 0.086979 0.039423
15 0.683854 0.927284 0.069792 0.031971
15 0.046094 0.968389 0.057813 0.060337
15 0.258333 0.979928 0.128125 0.031971
15 0.283594 0.994832 0.080729 0.010337
15 0.506771 0.938942 0.109375 0.036538
15 0.565885 0.971755 0.070312 0.035817
15 0.509115 0.986538 0.072396 0.026923
15 0.628125 0.986058 0.079167 0.027885
15 0.610417 0.958173 0.059375 0.035577
15 0.669792 0.956971 0.090625 0.039904
15 0.700521 0.975721 0.056250 0.029327
15 0.700260 0.995433 0.052604 0.009135
15 0.748437 0.991466 0.032292 0.017067
15 0.748177 0.946154 0.075521 0.037500
15 0.822135 0.954207 0.091146 0.045913
15 0.820312 0.986779 0.102083 0.026442
