15 0.983594 0.026562 0.032813 0.027644
15 0.897917 0.008534 0.080208 0.016587
15 0.786719 0.023798 0.140104 0.038942
15 0.850260 0.045673 0.111979 0.052885
15 0.689323 0.042428 0.120313 0.044952
15 0.591927 0.021154 0.150521 0.033654
15 0.483333 0.011899 0.087500 0.016106
15 0.953125 0.071514 0.093750 0.048317
15 0.811979 0.100000 0.115625 0.059135
15 0.948438 0.122356 0.103125 0.053365
15 0.971094 0.161538 0.057813 0.047115
15 0.777865 0.146034 0.099479 0.042067
15 0.723177 0.110337 0.093229 0.029327
15 0.687500 0.153486 0.078125 0.053606
15 0.632031 0.118389 0.080729 0.063221
15 0.865885 0.178726 0.096354 0.045913
15 0.930990 0.207933 0.069271 0.037019
15 0.977604 0.204567 0.044792 0.048558
15 0.871875 0.234014 0.120833 0.063221
15 0.966667 0.243389 0.066667 0.029087
15 0.600260 0.181731 0.094271 0.065865
15 0.729427 0.188341 0.131771 0.043510
15 0.750521 0.234255 0.131250 0.045913
15 0.631771 0.233053 0.110417 0.041587
15 0.516927 0.220072 0.100521 0.045913
15 0.538802 0.163582 0.122396 0.065625
15 0.479427 0.142668 0.094271 0.050721
15 0.511198 0.106010 0.164062 0.038462
15 0.416146 0.073438 0.130208 0.046394
15 0.416406 0.125000 0.099479 0.043269
15 0.413021 0.196034 0.095833 0.051683
15 0.401823 0.240745 0.128646 0.042548
15 0.468490 0.264904 0.079687 0.048077
15 0.581510 0.262019 0.123438 0.054327
15 0.726302 0.278125 0.148438 0.045673
15 0.856250 0.283173 0.112500 0.048558
15 0.963281 0.281851 0.073438 0.041587
15 0.905469 0.316226 0.103646 0.043029
15 0.978906 0.328365 0.042188 0.049038
15 0.954688 0.367788 0.090625 0.037500
15 0.841927 0.357572 0.092188 0.047356
15 0.746615 0.327043 0.117188 0.049279
15 0.649740 0.314784 0.070312 0.053125
15 0.553646 0.299038 0.108333 0.041346
15 0.586719 0.353245 0.088021 0.063221
15 0.499219 0.343630 0.082812 0.045913
15 0.729167 0.367548 0.129167 0.057212
15 0.669792 0.392428 0.107292 0.045433
15 0.655469 0.366947 0.052604 0.032933
15 0.902344 0.394832 0.058854 0.037260
15 0.985938 0.400481 0.028125 0.027885
15 0.951562 0.431490 0.083333 0.046154
15 0.867708 0.442067 0.081250 0.055288
15 0.772396 0.455168 0.101042 0.056010
15 0.815104 0.406370 0.112500 0.046875
15 0.707031 0.422716 0.107813 0.044471
15 0.934115 0.481490 0.128646 0.056250
15 0.979948 0.509976 0.039062 0.037260
15 0.904427 0.531010 0.097396 0.036538
15 0.819531 0.499159 0.093229 0.052644
15 0.727604 0.495793 0.083333 0.029087
15 0.667969 0.484976 0.043229 0.033894
15 0.703906 0.523798 0.157812 0.043269
15 0.510156 0.395673 0.100521 0.054327
15 0.603906 0.437019 0.128646 0.058173
15 0.594271 0.477644 0.108333 0.062981
15 0.525000 0.478365 0.081250 0.035096
15 0.510156 0.443990 0.052604 0.035096
15 0.575781 0.518389 0.092188 0.034856
15 0.483594 0.499279 0.084896 0.044231
15 0.485156 0.544591 0.095312 0.047837
15 0.598958 0.547356 0.129167 0.030288
15 0.648177 0.575841 0.090104 0.044471
15 0.549740 0.579447 0.093229 0.033413
15 0.745052 0.542067 0.111979 0.047115
15 0.846354 0.555048 0.094792 0.049519
15 0.978906 0.547957 0.042188 0.035337
15 0.988802 0.574038 0.022396 0.014904
15 0.992448 0.594712 0.015104 0.021154
15 0.932813 0.573558 0.096875 0.042308
15 0.886979 0.607812 0.086458 0.049279
15 0.959896 0.618389 0.069792 0.061298
15 0.985417 0.658053 0.029167 0.032452
15 0.812760 0.609856 0.091146 0.044712
15 0.734896 0.585457 0.135417 0.042548
15 0.643750 0.626322 0.086458 0.056010
15 0.574219 0.636058 0.093229 0.055769
15 0.495312 0.594832 0.087500 0.045913
15 0.492969 0.646514 0.070312 0.051202
15 0.669271 0.679688 0.077083 0.037260
15 0.744792 0.649639 0.111458 0.076683
15 0.859375 0.659135 0.112500 0.053365
15 0.935417 0.662861 0.053125 0.040625
15 0.847135 0.696274 0.100521 0.024760
15 0.955990 0.694351 0.088021 0.031490
15 0.986719 0.724760 0.026562 0.031731
15 0.940365 0.741587 0.063021 0.044712
15 0.859896 0.747596 0.078125 0.076923
15 0.779167 0.739303 0.111458 0.057933
15 0.735417 0.706490 0.105208 0.037500
15 0.671354 0.751563 0.116667 0.037740
15 0.615104 0.723437 0.100000 0.038221
15 0.523958 0.758173 0.079167 0.064423
15 0.934635 0.781731 0.086979 0.040385
15 0.988542 0.767788 0.022917 0.039904
15 0.976562 0.807091 0.046875 0.037260
15 0.891146 0.820192 0.113542 0.038462
15 0.937240 0.846514 0.105729 0.050240
15 0.789323 0.818630 0.092188 0.044952
15 0.738021 0.798197 0.123958 0.057452
15 0.627604 0.809976 0.107292 0.076202
15 0.533594 0.824760 0.074479 0.066827
15 0.617969 0.869832 0.090104 0.047356
15 0.710156 0.853726 0.080729 0.052644
15 0.824479 0.875120 0.132292 0.067067
15 0.902604 0.912260 0.093750 0.043269
15 0.957031 0.940264 0.085938 0.085337
15 0.841406 0.956010 0.138021 0.038942
15 0.793229 0.915385 0.104167 0.037500
15 0.706250 0.948558 0.105208 0.047115
15 0.604427 0.921034 0.097396 0.049279
15 0.584375 0.942909 0.144792 0.038221
15 0.520833 0.885577 0.105208 0.063942
15 0.499479 0.967548 0.102083 0.062500
15 0.644271 0.980409 0.154167 0.036779
15 0.786979 0.983293 0.121875 0.033413
15 0.928385 0.988582 0.123438 0.022837
15 0.455208 0.993990 0.071875 0.012019
15 0.405469 0.961418 0.079687 0.061298
15 0.377865 0.913462 0.153646 0.039904
15 0.448698 0.882812 0.079687 0.046875
15 0.452344 0.819712 0.114062 0.073077
15 0.380208 0.838341 0.068750 0.077163
15 0.305469 0.879567 0.107813 0.035096
15 0.291406 0.835096 0.084896 0.048558
15 0.422396 0.763942 0.106250 0.030288
15 0.340625 0.785216 0.082292 0.062740
15 0.353906 0.731731 0.064062 0.042788
15 0.491406 0.722236 0.048438 0.046875
15 0.427083 0.721274 0.093750 0.054567
15 0.329427 0.674639 0.081771 0.057452
15 0.427083 0.679447 0.091667 0.027163
15 0.345573 0.703005 0.066146 0.021394
15 0.398698 0.638101 0.108854 0.054087
15 0.397917 0.585938 0.127083 0.044471
15 0.368490 0.550601 0.133854 0.034375
15 0.394531 0.512380 0.100521 0.043029
15 0.293490 0.510817 0.088021 0.042788
15 0.414062 0.453365 0.130208 0.055769
15 0.446094 0.395072 0.053646 0.058413
15 0.359896 0.406010 0.118750 0.058654
15 0.369010 0.368149 0.097396 0.026683
15 0.413802 0.348197 0.089063 0.043029
15 0.460417 0.309976 0.096875 0.044952
15 0.404427 0.307212 0.051562 0.042308
15 0.366146 0.272115 0.115625 0.030288
15 0.343229 0.179087 0.070833 0.049519
15 0.322656 0.235216 0.067187 0.052163
15 0.311458 0.125481 0.104167 0.056250
15 0.342708 0.062861 0.100000 0.056010
15 0.292969 0.025240 0.126562 0.049038
15 0.209375 0.106130 0.104167 0.051202
15 0.216406 0.150240 0.096354 0.044712
15 0.258333 0.197115 0.095833 0.050000
15 0.242448 0.236538 0.092188 0.038462
15 0.252865 0.278365 0.096354 0.042308
15 0.310937 0.314543 0.105208 0.071875
15 0.266406 0.344471 0.095312 0.046635
15 0.275521 0.377284 0.080208 0.049279
15 0.211979 0.380529 0.054167 0.024038
15 0.177344 0.337380 0.110937 0.047837
15 0.155469 0.293389 0.097396 0.039183
15 0.199740 0.408293 0.107813 0.063221
15 0.301823 0.430769 0.091146 0.034135
15 0.271354 0.466827 0.142708 0.038942
15 0.231771 0.479207 0.051042 0.021875
15 0.153385 0.511418 0.146354 0.056490
15 0.232813 0.527284 0.075000 0.045913
15 0.194271 0.551923 0.091667 0.032692
15 0.193750 0.601322 0.069792 0.062740
15 0.287760 0.580769 0.104688 0.045192
15 0.140104 0.584255 0.052083 0.032933
15 0.266927 0.633293 0.138021 0.057933
15 0.154167 0.631971 0.084375 0.051442
15 0.178385 0.679207 0.101562 0.043990
15 0.263021 0.701082 0.064583 0.047837
15 0.235677 0.724159 0.077604 0.043029
15 0.271615 0.768269 0.102604 0.071635
15 0.185417 0.765505 0.071875 0.051683
15 0.131510 0.724038 0.096354 0.062019
15 0.106510 0.806250 0.097396 0.044712
15 0.206250 0.813822 0.089583 0.050721
15 0.132031 0.852163 0.078646 0.045192
15 0.210156 0.867668 0.074479 0.063702
15 0.268490 0.922716 0.076563 0.052644
15 0.143229 0.925361 0.167708 0.054567
15 0.112240 0.889543 0.118229 0.036298
15 0.305729 0.975721 0.132292 0.047596
15 0.034635 0.953365 0.068229 0.027404
15 0.045312 0.918389 0.085417 0.043510
15 0.022135 0.881731 0.043229 0.028846
15 0.044010 0.844952 0.086979 0.045192
15 0.018750 0.809615 0.036458 0.026442
15 0.048958 0.765865 0.096875 0.060577
15 0.040365 0.720673 0.079687 0.034135
15 0.070833 0.690745 0.112500 0.043510
15 0.056771 0.645793 0.112500 0.045913
15 0.017188 0.616707 0.033333 0.025721
15 0.057031 0.597596 0.102604 0.052885
15 0.093229 0.568510 0.100000 0.050962
15 0.145052 0.584615 0.056771 0.030288
15 0.024740 0.551322 0.048438 0.042067
15 0.056771 0.504447 0.087500 0.051202
15 0.038802 0.474760 0.076563 0.017308
15 0.049219 0.441947 0.074479 0.048317
15 0.138281 0.460938 0.116146 0.043510
15 0.005990 0.440865 0.010937 0.042788
15 0.116406 0.417668 0.098437 0.043029
15 0.121875 0.373558 0.071875 0.046154
15 0.050781 0.387861 0.070312 0.052163
15 0.035677 0.346034 0.070312 0.053125
15 0.009635 0.384135 0.018229 0.025962
15 0.091146 0.326442 0.072917 0.058654
15 0.025781 0.301322 0.050521 0.039183
15 0.122917 0.255288 0.130208 0.048558
15 0.043490 0.242067 0.085938 0.054327
15 0.061458 0.196274 0.121875 0.048317
15 0.172917 0.201803 0.085417 0.052644
15 0.100521 0.160457 0.114583 0.034375
15 0.030208 0.137380 0.059375 0.056490
15 0.096354 0.100481 0.108333 0.043750
15 0.017188 0.078125 0.033333 0.063462
