15 0.980208 0.021995 0.039583 0.042067
15 0.977344 0.076563 0.045312 0.054087
15 0.902344 0.076563 0.123438 0.056490
15 0.828125 0.041707 0.111458 0.057452
15 0.707031 0.075000 0.108854 0.069712
15 0.798698 0.100120 0.093229 0.056010
15 0.951302 0.131250 0.097396 0.054808
15 0.914323 0.172716 0.086979 0.056490
15 0.974740 0.206010 0.048438 0.070673
15 0.827083 0.175962 0.120833 0.043269
15 0.740104 0.156250 0.104167 0.077404
15 0.621875 0.167308 0.108333 0.066827
15 0.620052 0.025601 0.159896 0.046394
15 0.589844 0.068269 0.077604 0.045673
15 0.501042 0.058413 0.127083 0.055288
15 0.547917 0.110096 0.117708 0.056731
15 0.428125 0.111659 0.112500 0.041106
15 0.401302 0.061779 0.101562 0.056731
15 0.488802 0.017067 0.086979 0.031250
15 0.352083 0.029567 0.173958 0.055769
15 0.289323 0.087500 0.124479 0.059615
15 0.219010 0.032933 0.082812 0.062500
15 0.128646 0.064062 0.122917 0.106971
15 0.051823 0.089904 0.039062 0.041346
15 0.104167 0.018029 0.101042 0.034135
15 0.027344 0.020673 0.053646 0.040865
15 0.021875 0.064062 0.042708 0.052644
15 0.019010 0.136178 0.036979 0.084856
15 0.015365 0.202284 0.029687 0.048798
15 0.083854 0.195553 0.096875 0.059856
15 0.085417 0.145793 0.118750 0.053125
15 0.204167 0.122837 0.132292 0.066827
15 0.186719 0.191466 0.126562 0.065144
15 0.304427 0.183774 0.092188 0.053125
15 0.371354 0.141707 0.143750 0.047837
15 0.523438 0.190865 0.092708 0.074519
15 0.404167 0.197356 0.118750 0.084135
15 0.334375 0.237981 0.117708 0.054808
15 0.232813 0.243149 0.088542 0.049760
15 0.116927 0.254688 0.102604 0.059375
15 0.027344 0.268029 0.053646 0.079808
15 0.102604 0.310937 0.123958 0.060337
15 0.208854 0.299639 0.088542 0.058894
15 0.312760 0.291346 0.122396 0.047115
15 0.864583 0.225240 0.117708 0.062981
15 0.758594 0.225361 0.091146 0.043510
15 0.643490 0.234375 0.152604 0.072115
15 0.510938 0.252885 0.098958 0.067788
15 0.436719 0.280288 0.079687 0.066346
15 0.532292 0.301442 0.089583 0.025962
15 0.377604 0.328486 0.087500 0.047356
15 0.525000 0.330288 0.153125 0.041346
15 0.653906 0.325361 0.128646 0.068510
15 0.704427 0.271274 0.183854 0.043029
15 0.794010 0.289423 0.114062 0.052885
15 0.914583 0.272596 0.125000 0.067788
15 0.915365 0.348798 0.107813 0.076442
15 0.807552 0.354808 0.089063 0.033654
15 0.683073 0.377524 0.122396 0.042067
15 0.566146 0.370192 0.120833 0.037019
15 0.440365 0.360457 0.118229 0.054567
15 0.272396 0.349399 0.113542 0.063221
15 0.185677 0.378606 0.188021 0.064904
15 0.023438 0.374399 0.045833 0.065144
15 0.099740 0.396154 0.109896 0.056250
15 0.039583 0.448077 0.078125 0.070192
15 0.128906 0.454688 0.122396 0.061298
15 0.238542 0.436058 0.101042 0.046154
15 0.326562 0.439543 0.116667 0.055529
15 0.360677 0.400601 0.109896 0.055529
15 0.458854 0.426803 0.113542 0.056971
15 0.592708 0.408534 0.150000 0.048317
15 0.788542 0.394832 0.172917 0.042548
15 0.758854 0.429207 0.118750 0.024279
15 0.887240 0.416226 0.107813 0.047837
15 0.973437 0.399399 0.044792 0.062740
15 0.955729 0.459135 0.088542 0.046635
15 0.836458 0.466587 0.120833 0.040385
15 0.725781 0.464183 0.108854 0.044712
15 0.600521 0.449880 0.143750 0.041587
15 0.891927 0.510337 0.161979 0.050962
15 0.976042 0.524519 0.047917 0.055288
15 0.941927 0.565144 0.116146 0.051442
15 0.812240 0.569351 0.140104 0.066106
15 0.761198 0.519351 0.085938 0.061779
15 0.677344 0.509255 0.123438 0.050721
15 0.593750 0.502163 0.122917 0.059615
15 0.487500 0.516827 0.159375 0.051442
15 0.438021 0.477885 0.111458 0.047115
15 0.328646 0.485216 0.098958 0.036298
15 0.235677 0.481851 0.099479 0.035337
15 0.140625 0.509615 0.095833 0.052404
15 0.229167 0.520072 0.137500 0.045433
15 0.327865 0.537620 0.104688 0.068510
15 0.051823 0.536418 0.102604 0.075240
15 0.019010 0.493750 0.036979 0.027404
15 0.121354 0.574760 0.092708 0.067308
15 0.060937 0.611659 0.109375 0.058894
15 0.236198 0.576683 0.109896 0.062500
15 0.409896 0.579688 0.096875 0.057452
15 0.517969 0.576322 0.091146 0.052163
15 0.585156 0.563942 0.046354 0.049519
15 0.421094 0.537740 0.070312 0.033173
15 0.659115 0.562019 0.117188 0.045673
15 0.699740 0.602764 0.070312 0.037740
15 0.642188 0.614423 0.088542 0.047115
15 0.878906 0.618149 0.150521 0.058413
15 0.548698 0.621755 0.085938 0.045433
15 0.438281 0.632332 0.125521 0.040144
15 0.388281 0.663462 0.076563 0.034135
15 0.299219 0.625721 0.124479 0.067308
15 0.165885 0.644471 0.132812 0.057692
15 0.110677 0.676322 0.095312 0.032452
15 0.029167 0.664423 0.057292 0.046635
15 0.019010 0.713822 0.036979 0.051202
15 0.775781 0.640264 0.090104 0.057452
15 0.982031 0.613582 0.035937 0.034375
15 0.961198 0.655409 0.077604 0.045913
15 0.865625 0.670072 0.115625 0.043510
15 0.748698 0.697115 0.126562 0.044712
15 0.701562 0.666226 0.077083 0.046394
15 0.602344 0.668149 0.113021 0.070433
15 0.491146 0.679327 0.104167 0.068750
15 0.391667 0.701683 0.090625 0.047115
15 0.308333 0.676683 0.071875 0.036058
15 0.226302 0.693510 0.075521 0.064423
15 0.142969 0.719111 0.107813 0.057452
15 0.104427 0.739904 0.122396 0.064904
15 0.028385 0.753245 0.055729 0.035337
15 0.303906 0.729207 0.103646 0.062740
15 0.211458 0.750601 0.076042 0.043990
15 0.479687 0.743389 0.083333 0.053606
15 0.647396 0.715264 0.062500 0.044471
15 0.956510 0.709135 0.086979 0.058173
15 0.862500 0.725000 0.102083 0.055769
15 0.947396 0.758654 0.105208 0.040385
15 0.751823 0.748077 0.146354 0.061058
15 0.806510 0.790745 0.114062 0.067067
15 0.686198 0.802404 0.119271 0.053846
15 0.594531 0.745192 0.150521 0.068750
15 0.578906 0.778486 0.092188 0.057452
15 0.516146 0.771154 0.044792 0.029327
15 0.479427 0.800841 0.131771 0.053125
15 0.385937 0.751442 0.130208 0.048077
15 0.303385 0.800481 0.116146 0.069231
15 0.217448 0.812620 0.102604 0.072837
15 0.147656 0.785337 0.104688 0.031731
15 0.045052 0.792548 0.089063 0.046154
15 0.089063 0.826442 0.163542 0.049038
15 0.382031 0.804447 0.048438 0.050240
15 0.907552 0.807212 0.147396 0.059135
15 0.941406 0.845433 0.107813 0.044712
15 0.807552 0.852524 0.127604 0.056490
15 0.848958 0.881250 0.106250 0.040865
15 0.735938 0.882933 0.112500 0.063942
15 0.654427 0.854567 0.117188 0.039904
15 0.589063 0.835817 0.142708 0.050962
15 0.472396 0.857812 0.144792 0.045433
15 0.353646 0.861899 0.092708 0.061298
15 0.262760 0.870072 0.090104 0.060817
15 0.178646 0.883774 0.092708 0.054087
15 0.096094 0.871635 0.098437 0.057692
15 0.021615 0.896154 0.042188 0.053365
15 0.049479 0.956971 0.097917 0.073077
15 0.136458 0.967067 0.118750 0.062981
15 0.239063 0.982091 0.094792 0.030529
15 0.333333 0.967909 0.162500 0.052163
15 0.261198 0.919832 0.093229 0.040625
15 0.380469 0.913582 0.157812 0.056971
15 0.511458 0.922476 0.092708 0.066106
15 0.469010 0.968990 0.115104 0.041827
15 0.586198 0.978846 0.152604 0.041346
15 0.729948 0.987139 0.122396 0.025721
15 0.744792 0.942067 0.108333 0.055769
15 0.641146 0.938942 0.103125 0.038462
15 0.583854 0.901803 0.165625 0.052163
15 0.860156 0.920913 0.083854 0.032692
15 0.946875 0.900601 0.106250 0.058413
15 0.943750 0.957091 0.107292 0.049760
15 0.817969 0.957091 0.127604 0.056490
15 0.873698 0.990264 0.125521 0.018510
15 0.972656 0.992788 0.054688 0.014423
