15 0.963942 0.232813 0.060096 0.164583
15 0.957812 0.362760 0.077163 0.091146
15 0.950601 0.480469 0.069471 0.134896
15 0.906731 0.315104 0.068750 0.087500
15 0.876563 0.234896 0.057452 0.059375
15 0.863702 0.416146 0.115385 0.137500
15 0.886659 0.586458 0.038221 0.192708
15 0.940144 0.623177 0.065865 0.148438
15 0.949639 0.791146 0.079567 0.158333
15 0.927284 0.885417 0.046875 0.214583
15 0.883774 0.811719 0.052644 0.119271
15 0.868389 0.904948 0.055048 0.093229
15 0.912620 0.081250 0.055048 0.142708
15 0.854447 0.096875 0.077163 0.192708
15 0.875361 0.176042 0.047837 0.068750
15 0.834856 0.313542 0.044712 0.085417
15 0.824880 0.254427 0.047837 0.101562
15 0.805889 0.180469 0.025721 0.099479
15 0.786058 0.075000 0.077885 0.148958
15 0.762861 0.177344 0.057933 0.153646
15 0.733534 0.277865 0.062740 0.104688
15 0.789303 0.357292 0.044471 0.116667
15 0.748197 0.403906 0.041587 0.148438
15 0.784615 0.462240 0.051923 0.086979
15 0.813341 0.529427 0.055529 0.099479
15 0.859255 0.528125 0.038702 0.077083
15 0.821995 0.634115 0.093990 0.120313
15 0.842428 0.748177 0.056490 0.110937
15 0.771394 0.757812 0.096154 0.135417
15 0.811659 0.904427 0.060337 0.152604
15 0.836538 0.842448 0.028846 0.066146
15 0.960216 0.935677 0.033413 0.098437
15 0.846755 0.974479 0.045913 0.051042
15 0.752163 0.891406 0.056731 0.150521
15 0.700962 0.795573 0.052404 0.117188
15 0.692308 0.708333 0.063942 0.067708
15 0.760457 0.566927 0.040144 0.099479
15 0.712260 0.543490 0.057212 0.179688
15 0.666827 0.599479 0.057212 0.122917
15 0.726562 0.653125 0.039663 0.063542
15 0.613942 0.643490 0.067788 0.157812
15 0.582452 0.803385 0.063462 0.148438
15 0.630048 0.794792 0.058173 0.123958
15 0.626563 0.907292 0.094952 0.102083
15 0.730048 0.961198 0.047596 0.077604
15 0.694351 0.917708 0.044952 0.125000
15 0.648197 0.976823 0.047356 0.046354
15 0.596394 0.971615 0.059135 0.045312
15 0.540385 0.972135 0.056250 0.055729
15 0.558774 0.913281 0.028606 0.071354
15 0.541346 0.834375 0.039904 0.115625
15 0.561779 0.672396 0.048558 0.085417
15 0.504808 0.766146 0.050481 0.092708
15 0.482091 0.827604 0.059375 0.085417
15 0.446274 0.898177 0.063702 0.103646
15 0.476202 0.964063 0.059135 0.071875
15 0.509856 0.921875 0.037981 0.091667
15 0.650361 0.490104 0.036779 0.103125
15 0.699519 0.396354 0.049519 0.110417
15 0.672476 0.320052 0.065144 0.117188
15 0.620192 0.449479 0.054327 0.105208
15 0.597957 0.534635 0.036779 0.065104
15 0.551923 0.541146 0.053365 0.158333
15 0.531731 0.440365 0.078365 0.100521
15 0.581250 0.412240 0.032212 0.076563
15 0.458774 0.740104 0.031971 0.091667
15 0.435337 0.645573 0.053365 0.108854
15 0.470433 0.583854 0.051923 0.093750
15 0.492428 0.632812 0.040625 0.093750
15 0.385817 0.947917 0.043269 0.092708
15 0.394231 0.874479 0.039423 0.082292
15 0.420913 0.815365 0.061058 0.060937
15 0.417788 0.743750 0.054327 0.080208
15 0.371154 0.679427 0.048077 0.159896
15 0.339543 0.860156 0.068990 0.161979
15 0.444231 0.488542 0.087981 0.083333
15 0.396034 0.431771 0.051683 0.120833
15 0.467428 0.380990 0.054567 0.131771
15 0.376563 0.555729 0.061779 0.081250
15 0.339904 0.700000 0.037981 0.083333
15 0.308293 0.795573 0.060817 0.096354
15 0.268149 0.849479 0.071394 0.088542
15 0.263942 0.946094 0.035096 0.091146
15 0.299519 0.924479 0.057212 0.072917
15 0.303245 0.639844 0.049760 0.120313
15 0.260096 0.622656 0.035096 0.133854
15 0.277404 0.458073 0.066827 0.129688
15 0.335096 0.470573 0.058173 0.100521
15 0.326923 0.565885 0.040865 0.069271
15 0.346394 0.348177 0.058173 0.118229
15 0.285817 0.376302 0.053365 0.048438
15 0.260337 0.339583 0.019712 0.075000
15 0.387139 0.283594 0.074279 0.085938
15 0.403846 0.347135 0.051442 0.039062
15 0.289303 0.310156 0.042067 0.065104
15 0.325361 0.250000 0.059856 0.122917
15 0.280889 0.170052 0.050240 0.122396
15 0.330529 0.124479 0.081731 0.152083
15 0.381611 0.137240 0.049760 0.165104
15 0.454567 0.221094 0.055769 0.120313
15 0.496755 0.295052 0.043990 0.095312
15 0.534976 0.336198 0.054087 0.100521
15 0.581731 0.338542 0.047115 0.070833
15 0.624279 0.292969 0.038942 0.097396
15 0.585697 0.192188 0.048798 0.196875
15 0.632091 0.188802 0.035817 0.108854
15 0.703005 0.114062 0.073798 0.135417
15 0.669832 0.217448 0.037260 0.108854
15 0.480529 0.069010 0.091346 0.107813
15 0.394231 0.053646 0.036538 0.091667
15 0.337500 0.030990 0.062981 0.060937
15 0.610577 0.084635 0.056731 0.088021
15 0.538942 0.173958 0.039423 0.082292
15 0.644832 0.022396 0.036298 0.043750
15 0.578005 0.013542 0.069471 0.026042
15 0.222596 0.782813 0.060577 0.133333
15 0.212981 0.903385 0.052885 0.109896
15 0.185817 0.924740 0.064423 0.100521
15 0.163822 0.820573 0.057933 0.170313
15 0.121635 0.733333 0.063942 0.148958
15 0.104207 0.863281 0.054567 0.139063
15 0.092909 0.966927 0.066106 0.065104
15 0.187861 0.601302 0.070913 0.185938
15 0.180048 0.684635 0.053365 0.100521
15 0.141587 0.601562 0.042788 0.144792
15 0.228125 0.434896 0.044712 0.084375
15 0.221394 0.523698 0.038942 0.081771
15 0.149760 0.415104 0.080769 0.114583
15 0.204567 0.349740 0.042788 0.078646
15 0.228125 0.236198 0.055288 0.144271
15 0.173918 0.221875 0.056971 0.135417
15 0.273077 0.265104 0.029808 0.064583
15 0.161779 0.291667 0.050962 0.087500
15 0.208173 0.288802 0.019231 0.038021
15 0.223798 0.051042 0.073558 0.101042
15 0.262019 0.085677 0.033654 0.051562
15 0.252163 0.152604 0.046154 0.046875
15 0.197596 0.134896 0.043750 0.086458
15 0.162260 0.068490 0.046154 0.129688
15 0.128486 0.146354 0.055048 0.151042
15 0.106731 0.173437 0.046635 0.166667
15 0.104928 0.295312 0.033894 0.110417
15 0.032933 0.977344 0.060096 0.038021
15 0.031010 0.921354 0.052404 0.073958
15 0.028846 0.812760 0.057212 0.119271
15 0.049038 0.754167 0.062981 0.100000
15 0.051322 0.648438 0.068029 0.114583
15 0.010937 0.693229 0.020913 0.107292
15 0.008053 0.599740 0.015625 0.073438
15 0.131971 0.487240 0.051442 0.069271
15 0.089663 0.570312 0.056731 0.090625
15 0.076803 0.487240 0.057452 0.139063
15 0.024760 0.463021 0.049038 0.113542
15 0.055168 0.130208 0.052163 0.154167
15 0.055409 0.305990 0.071394 0.121354
15 0.023317 0.352083 0.029327 0.114583
15 0.070793 0.385937 0.055048 0.068750
15 0.023678 0.178385 0.043029 0.120313
15 0.022356 0.027344 0.044231 0.053646
15 0.069952 0.037760 0.047115 0.074479
15 0.110817 0.023438 0.053846 0.045833
