15 0.264543 0.682813 0.064663 0.125000
15 0.358654 0.758854 0.104327 0.118750
15 0.711178 0.595573 0.074279 0.095312
15 0.685937 0.701562 0.065144 0.108333
15 0.743990 0.763542 0.057692 0.145833
15 0.775240 0.785156 0.036538 0.185938
15 0.831611 0.788021 0.085817 0.162500
15 0.890625 0.872917 0.067788 0.111458
15 0.868269 0.951562 0.057692 0.096875
15 0.932933 0.954688 0.056250 0.087500
15 0.970913 0.879427 0.054327 0.080729
15 0.981851 0.959896 0.036298 0.080208
15 0.918149 0.785677 0.045913 0.113021
15 0.967909 0.741927 0.063221 0.182812
15 0.917428 0.666667 0.063702 0.104167
15 0.854207 0.618229 0.074760 0.159375
15 0.909255 0.520052 0.058413 0.096354
15 0.816466 0.913802 0.068029 0.092188
15 0.762861 0.956771 0.051683 0.086458
15 0.697236 0.928646 0.071394 0.131250
15 0.653005 0.966406 0.045913 0.067187
15 0.578726 0.952344 0.087260 0.089063
15 0.592548 0.850521 0.054327 0.093750
15 0.651202 0.816927 0.065865 0.122396
15 0.715745 0.839323 0.052163 0.136979
15 0.776563 0.602604 0.048798 0.163542
15 0.805529 0.527604 0.051442 0.111458
15 0.836298 0.455990 0.070673 0.120313
15 0.877163 0.380990 0.048077 0.074479
15 0.937260 0.413021 0.062500 0.108333
15 0.964063 0.346875 0.037740 0.128125
15 0.969952 0.511198 0.035577 0.129688
15 0.976202 0.608594 0.037019 0.056771
15 0.917067 0.269271 0.049519 0.166667
15 0.971635 0.218750 0.056731 0.152083
15 0.915264 0.136198 0.058413 0.102604
15 0.975000 0.100521 0.050000 0.100000
15 0.981250 0.026042 0.037500 0.040625
15 0.927043 0.037500 0.051683 0.073958
15 0.874519 0.044792 0.037019 0.088542
15 0.821875 0.031510 0.054327 0.061979
15 0.757812 0.041146 0.061779 0.081250
15 0.844231 0.143750 0.086538 0.132292
15 0.815024 0.223438 0.050240 0.062500
15 0.864183 0.296875 0.046635 0.144792
15 0.818149 0.322917 0.043990 0.101042
15 0.774880 0.431250 0.055048 0.089583
15 0.769111 0.290104 0.036298 0.145833
15 0.729327 0.401823 0.043269 0.133854
15 0.718630 0.276823 0.089183 0.109896
15 0.677043 0.409896 0.074760 0.141667
15 0.662981 0.303646 0.057692 0.121875
15 0.697596 0.121354 0.063942 0.117708
15 0.650481 0.189844 0.057692 0.088021
15 0.631010 0.082552 0.047596 0.111979
15 0.690385 0.033073 0.075481 0.065104
15 0.579928 0.074219 0.043990 0.136979
15 0.628966 0.014323 0.045913 0.027604
15 0.636538 0.633073 0.052885 0.105729
15 0.618269 0.740104 0.060577 0.093750
15 0.558293 0.748698 0.056971 0.074479
15 0.524519 0.848958 0.072115 0.123958
15 0.487861 0.963542 0.061779 0.072917
15 0.459615 0.871354 0.046635 0.114583
15 0.423558 0.957031 0.063942 0.053646
15 0.372716 0.935156 0.059856 0.067187
15 0.402284 0.868229 0.050240 0.096875
15 0.441226 0.760417 0.048798 0.145833
15 0.493630 0.738021 0.070913 0.128125
15 0.485817 0.636979 0.057692 0.107292
15 0.471995 0.522396 0.042548 0.086458
15 0.516226 0.577344 0.037740 0.092188
15 0.567548 0.647917 0.067308 0.093750
15 0.614183 0.554948 0.074038 0.077604
15 0.558293 0.521615 0.047356 0.161979
15 0.605288 0.422396 0.068750 0.166667
15 0.597716 0.284896 0.083894 0.087500
15 0.577404 0.208333 0.061058 0.094792
15 0.525962 0.446354 0.059615 0.133333
15 0.481370 0.392188 0.058413 0.108333
15 0.543029 0.336458 0.032212 0.125000
15 0.506971 0.281250 0.057692 0.115625
15 0.535577 0.314844 0.033654 0.120313
15 0.521755 0.187500 0.056971 0.097917
15 0.528606 0.072135 0.054327 0.132812
15 0.485337 0.151823 0.051442 0.122396
15 0.462740 0.077344 0.072115 0.133854
15 0.434856 0.211458 0.056250 0.125000
15 0.396034 0.119792 0.048798 0.180208
15 0.349519 0.050781 0.043269 0.100521
15 0.331250 0.157031 0.070192 0.120313
15 0.349760 0.252865 0.070192 0.098437
15 0.423197 0.316927 0.061779 0.074479
15 0.419471 0.415885 0.063942 0.132812
15 0.431130 0.486719 0.055529 0.053646
15 0.398197 0.583333 0.066587 0.115625
15 0.361779 0.342187 0.069231 0.163542
15 0.347356 0.484896 0.083173 0.083333
15 0.309856 0.545312 0.065865 0.111458
15 0.347356 0.631771 0.065385 0.129167
15 0.406130 0.711458 0.035817 0.121875
15 0.293389 0.056771 0.060337 0.112500
15 0.264904 0.131771 0.054327 0.135417
15 0.237139 0.045573 0.041106 0.090104
15 0.258774 0.342969 0.073317 0.174479
15 0.269712 0.415365 0.078846 0.113021
15 0.243269 0.512760 0.064423 0.126562
15 0.200721 0.660677 0.070192 0.116146
15 0.151322 0.779167 0.055048 0.156250
15 0.187981 0.845833 0.035096 0.117708
15 0.243750 0.808854 0.072115 0.114583
15 0.223798 0.932292 0.092788 0.111458
15 0.306490 0.863281 0.079808 0.116146
15 0.160457 0.946354 0.037740 0.104167
15 0.115865 0.912760 0.063942 0.105729
15 0.120673 0.979167 0.040385 0.041667
15 0.057813 0.933073 0.052163 0.095312
15 0.026683 0.867708 0.052885 0.148958
15 0.059976 0.746354 0.041106 0.162500
15 0.101202 0.747656 0.056250 0.123438
15 0.131370 0.600521 0.072837 0.111458
15 0.086298 0.504427 0.052885 0.190104
15 0.035216 0.636198 0.069952 0.108854
15 0.025240 0.517969 0.050000 0.077604
15 0.026683 0.395052 0.052885 0.129688
15 0.091827 0.346875 0.065385 0.128125
15 0.113221 0.220833 0.061058 0.135417
15 0.063702 0.167448 0.050000 0.150521
15 0.028365 0.287760 0.056250 0.064062
15 0.018750 0.162760 0.037019 0.147396
15 0.048197 0.044271 0.079567 0.087500
15 0.126923 0.030729 0.070673 0.060417
