15 0.980048 0.075260 0.039904 0.149479
15 0.932332 0.207031 0.048317 0.175521
15 0.879207 0.231250 0.056490 0.104167
15 0.886899 0.109375 0.055048 0.137500
15 0.851803 0.034375 0.078125 0.066667
15 0.836418 0.123958 0.051202 0.167708
15 0.928005 0.347396 0.077644 0.119792
15 0.985216 0.400260 0.029567 0.111979
15 0.960216 0.488542 0.070433 0.154167
15 0.980168 0.652865 0.039663 0.170313
15 0.982812 0.805208 0.034375 0.129167
15 0.950000 0.763021 0.042308 0.128125
15 0.916947 0.823698 0.070913 0.199479
15 0.889183 0.723177 0.070673 0.132812
15 0.859375 0.339062 0.068269 0.127083
15 0.798438 0.310417 0.053606 0.120833
15 0.799880 0.177083 0.046875 0.136458
15 0.763221 0.129167 0.067308 0.129167
15 0.772716 0.039844 0.061298 0.071354
15 0.727524 0.046875 0.029567 0.092708
15 0.751202 0.238281 0.053365 0.147396
15 0.758413 0.371615 0.053365 0.118229
15 0.702043 0.217448 0.086298 0.106771
15 0.695553 0.134635 0.069952 0.074479
15 0.692909 0.052083 0.057933 0.103125
15 0.695433 0.313021 0.062019 0.102083
15 0.714303 0.429688 0.074760 0.116667
15 0.784615 0.514323 0.052404 0.102604
15 0.818750 0.466927 0.092788 0.156771
15 0.881250 0.448698 0.060577 0.099479
15 0.898678 0.497656 0.055048 0.092188
15 0.935096 0.615885 0.050000 0.156771
15 0.871034 0.587500 0.073317 0.121875
15 0.832212 0.663802 0.081731 0.080729
15 0.785457 0.603125 0.064183 0.107292
15 0.804087 0.768490 0.067788 0.156771
15 0.754207 0.730208 0.068029 0.112500
15 0.704087 0.639583 0.102404 0.116667
15 0.727404 0.547917 0.073558 0.106250
15 0.695192 0.713021 0.044712 0.048958
15 0.864663 0.878646 0.058173 0.141667
15 0.827644 0.919792 0.060577 0.150000
15 0.755288 0.892969 0.075000 0.136979
15 0.706490 0.821875 0.074519 0.112500
15 0.687620 0.947656 0.056971 0.104688
15 0.741707 0.979948 0.045913 0.040104
15 0.795072 0.973177 0.060337 0.053646
15 0.889303 0.971094 0.055048 0.055729
15 0.966707 0.922396 0.066587 0.155208
15 0.637139 0.963542 0.043029 0.072917
15 0.642788 0.882292 0.043750 0.120833
15 0.595673 0.931250 0.040385 0.137500
15 0.593510 0.825260 0.056731 0.155729
15 0.656130 0.742448 0.048798 0.120313
15 0.600601 0.689844 0.064183 0.115104
15 0.644832 0.642448 0.030529 0.066146
15 0.646755 0.541927 0.051202 0.132812
15 0.684615 0.510677 0.043269 0.124479
15 0.588462 0.506250 0.064904 0.115625
15 0.574159 0.598958 0.050240 0.069792
15 0.649399 0.398698 0.040144 0.149479
15 0.641106 0.308854 0.050481 0.132292
15 0.645192 0.193229 0.028365 0.077083
15 0.645793 0.092969 0.036779 0.119271
15 0.637981 0.031510 0.045673 0.059896
15 0.599159 0.157031 0.072356 0.116146
15 0.607452 0.223698 0.039904 0.057813
15 0.573678 0.317708 0.088221 0.143750
15 0.570553 0.419792 0.058894 0.077083
15 0.539303 0.516667 0.044952 0.110417
15 0.550000 0.082552 0.039904 0.131771
15 0.590986 0.050000 0.045913 0.098958
15 0.534856 0.188542 0.067308 0.095833
15 0.517668 0.262760 0.069952 0.094271
15 0.523678 0.341667 0.020913 0.064583
15 0.508774 0.427083 0.048317 0.108333
15 0.480288 0.354948 0.059615 0.092188
15 0.465625 0.475260 0.054327 0.116146
15 0.462620 0.567187 0.040625 0.068750
15 0.505889 0.561198 0.041587 0.127604
15 0.541346 0.667448 0.052885 0.097396
15 0.531370 0.803906 0.066587 0.160938
15 0.489784 0.666146 0.043990 0.113542
15 0.469351 0.781771 0.052163 0.170833
15 0.459495 0.871615 0.061298 0.100521
15 0.541827 0.935937 0.075000 0.128125
15 0.485577 0.932292 0.056250 0.108333
15 0.443750 0.979948 0.046154 0.040104
15 0.429087 0.776823 0.032692 0.116146
15 0.450962 0.663281 0.029808 0.100521
15 0.387380 0.967708 0.067067 0.064583
15 0.386298 0.871875 0.065865 0.114583
15 0.367428 0.794792 0.054567 0.117708
15 0.402644 0.732031 0.037019 0.089063
15 0.417067 0.641406 0.061058 0.140104
15 0.366466 0.631771 0.049279 0.093750
15 0.412620 0.529687 0.051202 0.102083
15 0.436058 0.432031 0.045192 0.079687
15 0.382452 0.488542 0.055288 0.146875
15 0.437500 0.336198 0.028365 0.122396
15 0.398197 0.336719 0.056490 0.153646
15 0.461058 0.240625 0.043269 0.125000
15 0.472476 0.146615 0.060817 0.115104
15 0.512019 0.066406 0.045192 0.124479
15 0.459014 0.041406 0.050721 0.081771
15 0.404447 0.065365 0.071394 0.129688
15 0.403606 0.180208 0.067788 0.148958
15 0.359375 0.114844 0.031731 0.100521
15 0.339062 0.039323 0.059375 0.077604
15 0.344591 0.265104 0.064663 0.126042
15 0.349880 0.364583 0.044471 0.094792
15 0.323077 0.406250 0.057212 0.104167
15 0.312380 0.516667 0.081010 0.156250
15 0.308774 0.605729 0.049279 0.069792
15 0.328846 0.730990 0.079808 0.149479
15 0.325120 0.915365 0.055529 0.155729
15 0.369832 0.801042 0.056010 0.110417
15 0.292909 0.955469 0.048798 0.089063
15 0.243870 0.978125 0.046875 0.043750
15 0.288341 0.851042 0.045433 0.105208
15 0.287139 0.691146 0.037740 0.110417
15 0.242188 0.847917 0.064663 0.202083
15 0.193149 0.914583 0.047837 0.111458
15 0.166827 0.967187 0.050962 0.061458
15 0.143630 0.913281 0.046875 0.100521
15 0.183293 0.823958 0.051683 0.084375
15 0.205288 0.738281 0.082212 0.090104
15 0.239183 0.757031 0.056731 0.143229
15 0.205529 0.659896 0.061058 0.105208
15 0.247957 0.611458 0.074760 0.113542
15 0.219712 0.551042 0.070673 0.110417
15 0.151442 0.685156 0.049519 0.114062
15 0.267067 0.468490 0.050000 0.194271
15 0.214303 0.431250 0.051683 0.153125
15 0.161659 0.558073 0.079087 0.134896
15 0.156370 0.462760 0.061298 0.114062
15 0.087740 0.632292 0.065865 0.184375
15 0.121514 0.675000 0.021394 0.109375
15 0.132933 0.798698 0.053846 0.134896
15 0.072115 0.824219 0.065865 0.160938
15 0.084615 0.946094 0.073558 0.103646
15 0.028245 0.916927 0.055048 0.099479
15 0.029928 0.991146 0.037740 0.017708
15 0.121995 0.994271 0.034856 0.011458
15 0.023558 0.779687 0.046635 0.169792
15 0.027284 0.631771 0.054087 0.123958
15 0.095072 0.485938 0.052163 0.104167
15 0.119351 0.393490 0.088221 0.101562
15 0.037740 0.503646 0.069231 0.165625
15 0.144952 0.303646 0.077404 0.101042
15 0.210577 0.282552 0.046635 0.097396
15 0.249519 0.250000 0.066346 0.115625
15 0.278005 0.317708 0.077163 0.095833
15 0.317668 0.167708 0.068029 0.126042
15 0.268870 0.132552 0.037260 0.145313
15 0.229687 0.188021 0.036779 0.107292
15 0.175721 0.199219 0.069231 0.082812
15 0.113341 0.233073 0.058894 0.115104
15 0.072115 0.346094 0.056731 0.133854
15 0.149279 0.086458 0.077885 0.147917
15 0.107332 0.023438 0.041106 0.045833
15 0.074639 0.150781 0.070433 0.150521
15 0.045192 0.212240 0.074519 0.120313
15 0.059495 0.040104 0.053125 0.079167
15 0.017067 0.048698 0.033654 0.089063
15 0.015385 0.136458 0.030288 0.085417
15 0.012981 0.286198 0.025481 0.115104
15 0.024159 0.444010 0.047837 0.115104
