15 0.425250 0.045109 0.036000 0.075000
15 0.465750 0.058424 0.045000 0.071196
15 0.506000 0.056793 0.030500 0.052717
15 0.530625 0.078804 0.042250 0.063043
15 0.488375 0.117391 0.029750 0.053261
15 0.526000 0.139674 0.045500 0.052174
15 0.476125 0.174728 0.046250 0.061413
15 0.427875 0.148370 0.040750 0.085870
15 0.437500 0.097283 0.035500 0.039130
15 0.375375 0.110870 0.049750 0.082609
15 0.364000 0.055978 0.048000 0.043478
15 0.388875 0.033696 0.030750 0.056522
15 0.369125 0.016033 0.020250 0.028804
15 0.340500 0.036413 0.024000 0.044565
15 0.300250 0.052717 0.046500 0.056522
15 0.321875 0.108152 0.050250 0.079348
15 0.296500 0.140489 0.036500 0.047283
15 0.271250 0.127446 0.032000 0.055978
15 0.255375 0.090217 0.049750 0.039130
15 0.353000 0.155163 0.039000 0.067935
15 0.386750 0.191033 0.030500 0.070109
15 0.354875 0.233152 0.052250 0.076087
15 0.306750 0.193207 0.049500 0.059239
15 0.289625 0.236413 0.059250 0.068478
15 0.252250 0.188859 0.049500 0.060326
15 0.227750 0.145109 0.056000 0.067391
15 0.189000 0.137772 0.036000 0.059239
15 0.209625 0.217663 0.040250 0.087500
15 0.167875 0.184783 0.042750 0.065217
15 0.156250 0.139130 0.033000 0.044565
15 0.125500 0.168207 0.039000 0.104891
15 0.085375 0.197011 0.045750 0.089674
15 0.111250 0.248098 0.062000 0.055978
15 0.049000 0.267663 0.060500 0.109239
15 0.009125 0.273913 0.017750 0.089130
15 0.017250 0.351902 0.034000 0.070109
15 0.054000 0.349728 0.043500 0.066848
15 0.025500 0.400543 0.050500 0.071739
15 0.106875 0.296467 0.063250 0.063587
15 0.163000 0.314674 0.063000 0.077174
15 0.165625 0.247283 0.053750 0.056522
15 0.214000 0.270652 0.046500 0.076087
15 0.249000 0.265761 0.020500 0.065217
15 0.196500 0.354076 0.051000 0.092935
15 0.147000 0.399728 0.047500 0.124457
15 0.105625 0.361141 0.055750 0.075543
15 0.242500 0.358696 0.040500 0.070652
15 0.288125 0.333967 0.053250 0.091848
15 0.314750 0.300000 0.042000 0.055435
15 0.363875 0.283967 0.045750 0.061413
15 0.346125 0.366033 0.048750 0.092935
15 0.304375 0.393750 0.030250 0.063587
15 0.244625 0.451902 0.106250 0.114674
15 0.180750 0.434783 0.040500 0.068478
15 0.188500 0.497011 0.021500 0.047283
15 0.157500 0.521739 0.067000 0.102174
15 0.110250 0.580435 0.049000 0.106522
15 0.094625 0.532609 0.035750 0.044565
15 0.116750 0.492935 0.039500 0.058696
15 0.075000 0.444837 0.056000 0.115761
15 0.116000 0.432609 0.022000 0.061957
15 0.044875 0.556522 0.073750 0.092391
15 0.028250 0.477989 0.052500 0.083152
15 0.127625 0.619565 0.056250 0.043478
15 0.060000 0.648098 0.045000 0.075543
15 0.023875 0.629076 0.045250 0.097283
15 0.129625 0.675815 0.043250 0.073370
15 0.089250 0.704348 0.080000 0.110870
15 0.017750 0.732337 0.035000 0.105978
15 0.182375 0.637772 0.054750 0.098370
15 0.245375 0.535598 0.061750 0.144022
15 0.294750 0.521467 0.053000 0.116848
15 0.324125 0.439402 0.032250 0.054891
15 0.364000 0.484511 0.086500 0.137500
15 0.144500 0.734511 0.045000 0.039674
15 0.259875 0.624457 0.089250 0.109783
15 0.202250 0.704348 0.062000 0.104348
15 0.314000 0.677989 0.091500 0.109239
15 0.344500 0.590489 0.065500 0.065761
15 0.382375 0.655707 0.054250 0.117935
15 0.413500 0.577174 0.048000 0.089130
15 0.422500 0.474457 0.048000 0.128261
15 0.432250 0.411957 0.044000 0.084783
15 0.398500 0.347283 0.053000 0.081522
15 0.478625 0.463587 0.054250 0.089130
15 0.476875 0.555707 0.077250 0.094022
15 0.448875 0.686957 0.079750 0.159783
15 0.508125 0.646467 0.050250 0.132065
15 0.371000 0.752989 0.084500 0.109239
15 0.248125 0.800543 0.071250 0.172826
15 0.194000 0.860054 0.045500 0.108152
15 0.203625 0.786685 0.039750 0.032065
15 0.134000 0.818207 0.081000 0.137500
15 0.060000 0.859783 0.061000 0.073913
15 0.061500 0.778804 0.064000 0.078261
15 0.126375 0.942935 0.104250 0.114130
15 0.060250 0.930163 0.065000 0.139674
15 0.215500 0.950815 0.060000 0.098370
15 0.265875 0.924728 0.042250 0.098370
15 0.296500 0.969293 0.087500 0.061413
15 0.331250 0.850272 0.093500 0.144022
15 0.390875 0.923641 0.086250 0.152717
15 0.463250 0.857609 0.119000 0.229348
15 0.517000 0.845924 0.057500 0.185326
15 0.464250 0.964674 0.063000 0.066304
15 0.530125 0.986141 0.051750 0.027717
15 0.567625 0.954891 0.065750 0.090217
15 0.593500 0.835598 0.079500 0.112500
15 0.561375 0.713859 0.056750 0.151630
15 0.619750 0.691033 0.063500 0.177717
15 0.554125 0.576630 0.060750 0.129348
15 0.522875 0.489946 0.049750 0.098370
15 0.540375 0.381793 0.054750 0.114674
15 0.489125 0.372283 0.060250 0.086957
15 0.597500 0.376087 0.056500 0.108696
15 0.584500 0.464130 0.057500 0.058696
15 0.596000 0.540217 0.068000 0.128261
15 0.660125 0.596196 0.053750 0.130435
15 0.641250 0.475543 0.047000 0.113043
15 0.671875 0.753533 0.074250 0.146196
15 0.657125 0.916304 0.100750 0.167391
15 0.751125 0.913315 0.082750 0.173370
15 0.752125 0.764402 0.077750 0.121196
15 0.734625 0.659239 0.079750 0.097826
15 0.733125 0.526087 0.072250 0.153261
15 0.686625 0.492120 0.057250 0.147283
15 0.810375 0.690217 0.067750 0.134783
15 0.858500 0.823913 0.146500 0.120652
15 0.840500 0.936957 0.093000 0.115217
15 0.896875 0.973098 0.074250 0.053804
15 0.956625 0.913587 0.086750 0.157609
15 0.967375 0.756250 0.065250 0.163587
15 0.891250 0.696196 0.100000 0.104348
15 0.859125 0.594022 0.081750 0.113043
15 0.910375 0.587228 0.062750 0.145109
15 0.969375 0.630978 0.061250 0.091304
15 0.983500 0.567391 0.033000 0.095652
15 0.801375 0.544837 0.057250 0.144022
15 0.856375 0.457065 0.083250 0.125000
15 0.883250 0.389946 0.079500 0.105978
15 0.796750 0.366033 0.086000 0.102717
15 0.745250 0.430163 0.081500 0.105978
15 0.799500 0.284511 0.058000 0.076630
15 0.754375 0.273370 0.056250 0.073913
15 0.702625 0.298913 0.065250 0.076087
15 0.714000 0.217391 0.054000 0.082609
15 0.680750 0.191576 0.050000 0.076630
15 0.656250 0.269837 0.050500 0.083152
15 0.688500 0.366576 0.075500 0.097283
15 0.650375 0.406793 0.029750 0.052717
15 0.632000 0.345380 0.027000 0.073370
15 0.594250 0.272554 0.066000 0.067935
15 0.584875 0.327717 0.036250 0.067391
15 0.540125 0.305978 0.036250 0.046739
15 0.492625 0.284783 0.045750 0.082609
15 0.443750 0.309239 0.043500 0.088043
15 0.464250 0.232609 0.037500 0.066304
15 0.413625 0.234511 0.054750 0.110326
15 0.515125 0.202989 0.056250 0.077717
15 0.540375 0.247283 0.051750 0.071739
15 0.615375 0.205163 0.077250 0.082065
15 0.581375 0.145652 0.052250 0.092391
