15 0.967187 0.009255 0.065625 0.018029
15 0.961979 0.060937 0.076042 0.058894
15 0.864062 0.030889 0.133333 0.045433
15 0.785677 0.011418 0.116146 0.020433
15 0.747656 0.038582 0.122396 0.044471
15 0.885156 0.069832 0.126562 0.043510
15 0.755729 0.074279 0.132292 0.058654
15 0.615365 0.059014 0.133854 0.068990
15 0.657813 0.014423 0.082292 0.028365
15 0.551302 0.034375 0.127604 0.068269
15 0.451562 0.009976 0.111458 0.019471
15 0.430729 0.030649 0.133333 0.046394
15 0.328646 0.024279 0.120833 0.044712
15 0.195833 0.030649 0.102083 0.059856
15 0.115104 0.054087 0.122917 0.081250
15 0.249219 0.091106 0.126562 0.086058
15 0.097135 0.121154 0.170313 0.050000
15 0.271615 0.152404 0.102604 0.053365
15 0.199219 0.160577 0.047396 0.034135
15 0.374479 0.160817 0.103125 0.055769
15 0.354948 0.085577 0.079687 0.077885
15 0.441667 0.133654 0.108333 0.039904
15 0.459375 0.086779 0.130208 0.060577
15 0.622396 0.120553 0.082292 0.045913
15 0.701042 0.106971 0.105208 0.060577
15 0.853385 0.114663 0.184896 0.042308
15 0.928385 0.119231 0.135937 0.040865
15 0.979167 0.143149 0.041667 0.057452
15 0.907031 0.165385 0.098437 0.047596
15 0.815365 0.164183 0.082812 0.059135
15 0.733854 0.170313 0.118750 0.075240
15 0.939063 0.215865 0.121875 0.062981
15 0.824479 0.226442 0.135417 0.049519
15 0.652344 0.173317 0.103646 0.042788
15 0.573698 0.148317 0.124479 0.066346
15 0.503385 0.163702 0.058854 0.036058
15 0.455208 0.197356 0.095833 0.048077
15 0.571094 0.210337 0.115104 0.049038
15 0.463281 0.230529 0.111979 0.075000
15 0.327083 0.207452 0.082292 0.033173
15 0.215625 0.204928 0.143750 0.057933
15 0.030208 0.180168 0.059375 0.055529
15 0.053646 0.241346 0.106250 0.075481
15 0.157031 0.249038 0.106771 0.060096
15 0.366667 0.237861 0.103125 0.041587
15 0.249479 0.262981 0.129167 0.053846
15 0.179427 0.308654 0.088021 0.049519
15 0.085417 0.292308 0.103125 0.067308
15 0.685417 0.237981 0.151042 0.086058
15 0.734635 0.265986 0.074479 0.047356
15 0.553646 0.259615 0.134375 0.056250
15 0.493229 0.295793 0.117708 0.052644
15 0.354687 0.284255 0.126042 0.048798
15 0.839063 0.282813 0.146875 0.072356
15 0.865104 0.321635 0.104167 0.021154
15 0.941927 0.271394 0.114062 0.041827
15 0.977083 0.310216 0.045833 0.047356
15 0.957292 0.348918 0.069792 0.055048
15 0.881771 0.354808 0.138542 0.049519
15 0.776302 0.353486 0.072396 0.050721
15 0.735677 0.318990 0.093229 0.048077
15 0.628125 0.304688 0.130208 0.043510
15 0.651042 0.358654 0.115625 0.056731
15 0.565104 0.350120 0.135417 0.049760
15 0.419792 0.342788 0.130208 0.066827
15 0.344531 0.329207 0.025521 0.036298
15 0.273698 0.328125 0.101562 0.070192
15 0.215365 0.358774 0.110937 0.043029
15 0.081771 0.334976 0.156250 0.046394
15 0.299219 0.384014 0.149479 0.039183
15 0.146354 0.398197 0.122917 0.049760
15 0.064583 0.370433 0.128125 0.033654
15 0.039844 0.408173 0.078646 0.037981
15 0.081771 0.449038 0.112500 0.059615
15 0.009896 0.456731 0.018750 0.032692
15 0.174479 0.445673 0.086458 0.039904
15 0.255469 0.426322 0.124479 0.053125
15 0.353906 0.432091 0.080729 0.047837
15 0.406510 0.403125 0.045312 0.053846
15 0.480208 0.396875 0.103125 0.071635
15 0.531771 0.411538 0.109375 0.050000
15 0.603646 0.400481 0.054167 0.033173
15 0.704427 0.390625 0.115104 0.058654
15 0.795052 0.405769 0.101562 0.060096
15 0.918750 0.399399 0.121875 0.041106
15 0.938542 0.445072 0.122917 0.064183
15 0.853646 0.447837 0.082292 0.070673
15 0.754687 0.481731 0.094792 0.071154
15 0.691667 0.459255 0.108333 0.071875
15 0.607292 0.440385 0.131250 0.036538
15 0.497396 0.467067 0.079167 0.050000
15 0.574740 0.478846 0.144271 0.042788
15 0.417708 0.458053 0.120833 0.047837
15 0.366667 0.487139 0.116667 0.051683
15 0.271875 0.485096 0.118750 0.059615
15 0.180729 0.485817 0.098958 0.048077
15 0.946354 0.496394 0.089583 0.039904
15 0.962500 0.534255 0.075000 0.043510
15 0.930208 0.568870 0.095833 0.077163
15 0.850000 0.515024 0.131250 0.055529
15 0.795312 0.555168 0.146875 0.061298
15 0.663021 0.515505 0.090625 0.041587
15 0.583073 0.515264 0.067187 0.037260
15 0.505208 0.519591 0.156250 0.048798
15 0.421354 0.532933 0.103125 0.035096
15 0.508333 0.560577 0.112500 0.037981
15 0.350781 0.556611 0.134896 0.048317
15 0.245833 0.551803 0.076042 0.071394
15 0.148177 0.537500 0.158854 0.056250
15 0.029167 0.549880 0.057292 0.053125
15 0.061979 0.503245 0.122917 0.060337
15 0.070312 0.582933 0.118750 0.032212
15 0.185156 0.601322 0.098437 0.050240
15 0.105469 0.624159 0.113021 0.055048
15 0.026302 0.628726 0.050521 0.069471
15 0.086458 0.684856 0.090625 0.067788
15 0.186198 0.668149 0.111979 0.060817
15 0.274219 0.638462 0.090104 0.062019
15 0.364323 0.604808 0.123438 0.044231
15 0.470833 0.606971 0.096875 0.062500
15 0.570052 0.605409 0.101562 0.047837
15 0.618750 0.643029 0.110417 0.065385
15 0.734375 0.594952 0.092708 0.043750
15 0.685156 0.619231 0.081771 0.053365
15 0.846875 0.626923 0.137500 0.061058
15 0.951562 0.628486 0.096875 0.042067
15 0.985938 0.592067 0.028125 0.060577
15 0.989844 0.681010 0.020313 0.034615
15 0.975000 0.664183 0.047917 0.024038
15 0.961458 0.700841 0.069792 0.048317
15 0.888021 0.673317 0.126042 0.036058
15 0.863281 0.702524 0.125521 0.047356
15 0.765885 0.658654 0.118229 0.054327
15 0.675000 0.685577 0.127083 0.050000
15 0.783333 0.721875 0.103125 0.059615
15 0.685156 0.715865 0.104688 0.037500
15 0.684375 0.753726 0.091667 0.044952
15 0.566146 0.724880 0.129167 0.079567
15 0.562500 0.675000 0.061458 0.026442
15 0.497656 0.658534 0.120313 0.051683
15 0.471354 0.700000 0.115625 0.042308
15 0.400521 0.644231 0.116667 0.029808
15 0.423698 0.729688 0.136979 0.053606
15 0.602083 0.769832 0.081250 0.053125
15 0.494010 0.791346 0.099479 0.053365
15 0.414583 0.795673 0.075000 0.055769
15 0.327344 0.802764 0.093229 0.057933
15 0.269010 0.818269 0.061979 0.050000
15 0.272135 0.751202 0.114062 0.089423
15 0.335677 0.740144 0.054688 0.065865
15 0.785156 0.766346 0.096354 0.026923
15 0.910677 0.758774 0.132812 0.064183
15 0.982292 0.756611 0.035417 0.054087
15 0.181771 0.730529 0.130208 0.062019
15 0.065365 0.740385 0.129688 0.037500
15 0.063021 0.791947 0.093750 0.058413
15 0.008594 0.804567 0.016146 0.045673
15 0.167969 0.788341 0.127604 0.060817
15 0.199219 0.846755 0.092188 0.071394
15 0.104167 0.852644 0.092708 0.068269
15 0.296615 0.864303 0.105729 0.043029
15 0.026302 0.864784 0.051562 0.048317
15 0.378906 0.842548 0.121354 0.048077
15 0.483854 0.837861 0.087500 0.038221
15 0.575521 0.833293 0.162500 0.079087
15 0.617188 0.850962 0.089583 0.036058
15 0.668750 0.807813 0.062500 0.050721
15 0.755729 0.817548 0.119792 0.096635
15 0.866406 0.817187 0.093229 0.077163
15 0.963281 0.825721 0.073438 0.077885
15 0.829688 0.868029 0.132292 0.050481
15 0.945573 0.882091 0.108854 0.051202
15 0.968750 0.923438 0.062500 0.035337
15 0.858594 0.924159 0.138021 0.055529
15 0.767708 0.907332 0.112500 0.041106
15 0.713802 0.874279 0.074479 0.055769
15 0.640625 0.894832 0.135417 0.069952
15 0.548698 0.887380 0.080729 0.044952
15 0.471354 0.914663 0.097917 0.048077
15 0.413021 0.880529 0.177083 0.046635
15 0.211719 0.898918 0.146354 0.052163
15 0.093750 0.912260 0.076042 0.042788
15 0.028385 0.921154 0.055729 0.055769
15 0.186198 0.938341 0.115104 0.038702
15 0.097135 0.962740 0.150521 0.046635
15 0.228646 0.982692 0.109375 0.034615
15 0.293750 0.986418 0.026042 0.027163
15 0.378385 0.979207 0.140104 0.041587
15 0.364323 0.929928 0.118229 0.056971
15 0.497917 0.967548 0.138542 0.054808
15 0.558333 0.939784 0.105208 0.047356
15 0.663281 0.943510 0.104688 0.053846
15 0.617969 0.982332 0.106771 0.035337
15 0.713281 0.985216 0.077604 0.028606
15 0.783594 0.960817 0.145313 0.045673
15 0.809896 0.992188 0.087500 0.015625
15 0.914844 0.987981 0.129688 0.024038
15 0.932552 0.959976 0.134896 0.052644
