15 0.090104 0.023197 0.080208 0.045913
15 0.691406 0.010337 0.084896 0.020192
15 0.775000 0.006611 0.086458 0.012740
15 0.803906 0.018510 0.111979 0.025962
15 0.892188 0.020553 0.080208 0.027163
15 0.894792 0.059856 0.101042 0.060577
15 0.803125 0.055889 0.097917 0.065625
15 0.710417 0.059375 0.083333 0.061538
15 0.614583 0.090144 0.126042 0.034135
15 0.551562 0.122115 0.086458 0.037981
15 0.644792 0.132933 0.106250 0.048558
15 0.769010 0.104447 0.133854 0.038702
15 0.832552 0.125962 0.091146 0.056731
15 0.902604 0.171514 0.098958 0.057452
15 0.888802 0.208774 0.093229 0.031010
15 0.791927 0.218870 0.096354 0.026202
15 0.795573 0.178005 0.063021 0.040625
15 0.726823 0.193630 0.072396 0.041587
15 0.697917 0.162500 0.097917 0.033654
15 0.648177 0.185096 0.069271 0.033654
15 0.586198 0.176803 0.073438 0.038221
15 0.519271 0.168269 0.079167 0.048077
15 0.461458 0.134495 0.078125 0.065625
15 0.388802 0.169231 0.071354 0.050962
15 0.382031 0.213582 0.113021 0.034375
15 0.154427 0.206130 0.095312 0.038702
15 0.098698 0.175841 0.092188 0.044952
15 0.209115 0.249639 0.090104 0.045433
15 0.581250 0.216947 0.148958 0.053125
15 0.659896 0.225361 0.086458 0.033894
15 0.708073 0.247476 0.090104 0.040144
15 0.804688 0.251202 0.098958 0.036538
15 0.901563 0.237139 0.103125 0.029567
15 0.842708 0.285216 0.101042 0.050721
15 0.720573 0.284375 0.065104 0.049038
15 0.646615 0.283173 0.064062 0.045673
15 0.912760 0.301202 0.086979 0.058654
15 0.911719 0.357332 0.086979 0.045433
15 0.874219 0.391587 0.096354 0.026923
15 0.855208 0.419471 0.086458 0.026442
15 0.817187 0.460697 0.078125 0.057933
15 0.726302 0.457572 0.089063 0.043510
15 0.696354 0.419471 0.107292 0.038462
15 0.645833 0.391587 0.084375 0.044231
15 0.678646 0.361298 0.078125 0.033654
15 0.758854 0.356611 0.078125 0.042067
15 0.475521 0.338101 0.100000 0.042067
15 0.604688 0.450000 0.106250 0.038462
15 0.706510 0.503846 0.117188 0.044231
15 0.678385 0.532332 0.108854 0.027163
15 0.608073 0.503005 0.065104 0.045433
15 0.563542 0.555649 0.078125 0.059375
15 0.491667 0.511058 0.084375 0.045673
15 0.638021 0.577644 0.104167 0.057692
15 0.503385 0.584495 0.064062 0.042067
15 0.400000 0.470553 0.051042 0.052644
15 0.346875 0.429928 0.107292 0.047356
15 0.094531 0.436178 0.091146 0.065144
15 0.115365 0.505409 0.086979 0.042067
15 0.097917 0.554327 0.084375 0.050962
15 0.893750 0.489303 0.085417 0.041106
15 0.864583 0.534135 0.107292 0.045673
15 0.822656 0.577163 0.117188 0.041346
15 0.910937 0.590625 0.103125 0.058654
15 0.893750 0.635216 0.087500 0.051683
15 0.778385 0.615264 0.123438 0.058413
15 0.736979 0.656250 0.104167 0.036538
15 0.629687 0.628486 0.095833 0.034856
15 0.848958 0.669591 0.082292 0.046875
15 0.929427 0.680649 0.090104 0.042067
15 0.934375 0.725962 0.080208 0.039423
15 0.932292 0.771034 0.073958 0.051683
15 0.870573 0.734495 0.071354 0.053606
15 0.811979 0.690385 0.080208 0.044712
15 0.762500 0.729928 0.107292 0.040625
15 0.695833 0.693630 0.100000 0.043990
15 0.660156 0.720192 0.091146 0.039904
15 0.638802 0.752644 0.111979 0.033173
15 0.615885 0.782692 0.114062 0.038942
15 0.798438 0.769952 0.083333 0.040865
15 0.891146 0.796514 0.088542 0.039663
15 0.922656 0.838341 0.097396 0.037260
15 0.787240 0.811779 0.090104 0.051923
15 0.647396 0.825481 0.105208 0.048558
15 0.568490 0.811298 0.094271 0.034135
15 0.489844 0.798438 0.089063 0.043510
15 0.509635 0.754207 0.085938 0.039183
15 0.423438 0.721514 0.084375 0.053606
15 0.357031 0.692788 0.091146 0.061538
15 0.292187 0.714904 0.082292 0.051442
15 0.385417 0.781611 0.112500 0.053606
15 0.418229 0.821875 0.104167 0.025962
15 0.478906 0.847596 0.063021 0.032692
15 0.341406 0.845673 0.094271 0.048558
15 0.098958 0.706611 0.082292 0.058894
15 0.088802 0.811058 0.066146 0.060577
15 0.423438 0.896995 0.106250 0.051202
15 0.554167 0.880409 0.133333 0.037260
15 0.599219 0.926442 0.119271 0.044231
15 0.923698 0.877404 0.113021 0.039904
15 0.899740 0.921514 0.099479 0.050240
15 0.941667 0.959255 0.077083 0.032452
15 0.921094 0.980288 0.096354 0.039423
15 0.807552 0.986298 0.069271 0.027404
15 0.639583 0.962861 0.132292 0.043510
15 0.572656 0.989543 0.074479 0.020913
15 0.522135 0.959495 0.097396 0.045913
15 0.429427 0.976803 0.094271 0.046394
15 0.314323 0.962620 0.074479 0.052163
15 0.232031 0.970072 0.090104 0.056010
15 0.142969 0.924038 0.057813 0.035096
