15 0.889712 0.829167 0.100412 0.104167
15 0.803292 0.591667 0.084774 0.080208
15 0.967901 0.798958 0.057613 0.121875
15 0.719547 0.923177 0.075309 0.120313
15 0.619342 0.941146 0.104527 0.108333
15 0.597942 0.817448 0.096296 0.125521
15 0.516872 0.836979 0.076543 0.150000
15 0.509671 0.938021 0.087654 0.102083
15 0.415432 0.855208 0.116461 0.104167
15 0.412346 0.951042 0.088066 0.082292
15 0.302263 0.960677 0.111523 0.058854
15 0.172840 0.959635 0.123457 0.060937
15 0.214198 0.886979 0.096708 0.078125
15 0.313169 0.855990 0.065021 0.118229
15 0.087860 0.958073 0.068724 0.066146
15 0.029012 0.946615 0.057202 0.095312
15 0.025309 0.857812 0.049794 0.076042
15 0.124280 0.868490 0.069136 0.071354
15 0.092181 0.770833 0.140741 0.104167
15 0.104527 0.687240 0.083128 0.047396
15 0.024486 0.708854 0.048148 0.104167
15 0.228601 0.764323 0.072016 0.082812
15 0.290123 0.722396 0.042798 0.125000
15 0.343416 0.732292 0.051440 0.085417
15 0.421399 0.772917 0.102881 0.052083
15 0.492593 0.714583 0.058436 0.080208
15 0.545473 0.656771 0.092593 0.104167
15 0.612140 0.724740 0.088477 0.074479
15 0.756996 0.502865 0.113992 0.163021
15 0.726543 0.414062 0.075309 0.104167
15 0.634362 0.522396 0.120576 0.095833
15 0.608230 0.419271 0.077366 0.086458
15 0.651852 0.351562 0.077366 0.079167
15 0.710082 0.302083 0.072016 0.126042
15 0.766461 0.250000 0.067901 0.134375
15 0.844444 0.207813 0.065844 0.130208
15 0.951235 0.169010 0.092593 0.196354
15 0.836214 0.082292 0.075720 0.113542
15 0.772840 0.137240 0.075720 0.084896
15 0.666049 0.178385 0.100000 0.089063
15 0.679835 0.066667 0.086420 0.110417
15 0.753909 0.043750 0.061728 0.086458
15 0.583333 0.050260 0.092593 0.086979
15 0.599588 0.129688 0.036214 0.030208
15 0.540123 0.227083 0.090123 0.128125
15 0.615021 0.267969 0.070370 0.066146
15 0.545062 0.337240 0.095062 0.070312
15 0.537037 0.434375 0.055144 0.106250
15 0.465021 0.483333 0.104527 0.086458
15 0.403292 0.529948 0.099588 0.080729
15 0.513992 0.566146 0.102881 0.105208
15 0.426132 0.688802 0.093416 0.092188
15 0.380041 0.642188 0.137037 0.059375
15 0.276543 0.594531 0.080658 0.098437
15 0.211728 0.643229 0.072840 0.148958
15 0.172222 0.683333 0.030041 0.055208
15 0.114815 0.600260 0.110288 0.093229
15 0.152058 0.532292 0.072016 0.104167
15 0.254115 0.520833 0.097531 0.048958
15 0.188889 0.466406 0.037860 0.064062
15 0.023045 0.530990 0.045267 0.084896
15 0.038889 0.620573 0.073663 0.059896
15 0.113992 0.490885 0.097119 0.101562
15 0.024486 0.383854 0.048148 0.155208
15 0.089918 0.365625 0.067901 0.075000
15 0.134568 0.255990 0.081481 0.168229
15 0.186420 0.362240 0.120165 0.094271
15 0.250823 0.444271 0.094239 0.069792
15 0.282099 0.393229 0.069547 0.076042
15 0.339918 0.450260 0.075720 0.168229
15 0.440741 0.382812 0.106996 0.104167
15 0.380864 0.252865 0.090123 0.147396
15 0.448354 0.267708 0.062963 0.105208
15 0.318930 0.298958 0.102058 0.115625
15 0.206584 0.265625 0.071605 0.076042
15 0.235597 0.168750 0.064609 0.100000
15 0.299383 0.172396 0.058848 0.112500
15 0.403704 0.150781 0.069959 0.116146
15 0.475103 0.188021 0.069547 0.082292
15 0.472634 0.103646 0.088477 0.068750
15 0.463374 0.031510 0.085597 0.061979
15 0.260494 0.064062 0.112757 0.091667
15 0.339918 0.030208 0.079835 0.059375
15 0.166255 0.087500 0.092181 0.089583
15 0.100823 0.045833 0.079012 0.090625
15 0.056173 0.116146 0.111523 0.109375
15 0.064609 0.248177 0.083128 0.109896
