15 0.910156 0.085337 0.097396 0.083654
15 0.956510 0.143990 0.086979 0.066346
15 0.910677 0.208534 0.105729 0.065144
15 0.985938 0.227404 0.028125 0.048558
15 0.961719 0.271034 0.076563 0.048798
15 0.953385 0.322356 0.093229 0.052404
15 0.861979 0.322596 0.142708 0.068269
15 0.829688 0.364543 0.097917 0.039183
15 0.930469 0.372476 0.079687 0.035337
15 0.890104 0.403606 0.152083 0.043269
15 0.885677 0.439063 0.067187 0.045433
15 0.978906 0.416707 0.042188 0.079087
15 0.938281 0.484255 0.107813 0.081490
15 0.928906 0.550120 0.120313 0.038702
15 0.903125 0.595913 0.117708 0.045192
15 0.950000 0.617548 0.100000 0.036058
15 0.900521 0.648077 0.109375 0.019712
15 0.966406 0.662019 0.067187 0.042308
15 0.843490 0.693630 0.132812 0.062740
15 0.744010 0.678486 0.142187 0.052644
15 0.964583 0.716106 0.070833 0.062981
15 0.922917 0.725361 0.050000 0.020913
15 0.909115 0.762019 0.078646 0.041346
15 0.969792 0.783534 0.060417 0.047356
15 0.933854 0.833894 0.042708 0.082212
15 0.979688 0.860096 0.040625 0.074038
15 0.947656 0.901202 0.102604 0.043750
15 0.875781 0.918510 0.068229 0.044231
15 0.938542 0.959375 0.122917 0.075000
15 0.821354 0.993389 0.069792 0.013221
15 0.733854 0.981250 0.108333 0.036538
15 0.632812 0.983053 0.068750 0.033894
15 0.565104 0.941106 0.078125 0.062500
15 0.463281 0.970913 0.131771 0.058173
15 0.326042 0.969471 0.158333 0.035096
15 0.332813 0.992548 0.076042 0.014904
15 0.236979 0.918510 0.129167 0.059615
15 0.354948 0.887019 0.090104 0.045673
15 0.397135 0.926322 0.161979 0.038702
15 0.508854 0.893630 0.125000 0.034856
15 0.630990 0.890745 0.086979 0.073317
15 0.752344 0.896154 0.178646 0.043750
15 0.670833 0.940024 0.094792 0.047837
15 0.781771 0.946034 0.127083 0.062260
15 0.845052 0.862981 0.121354 0.051923
15 0.769792 0.830288 0.077083 0.051442
15 0.859115 0.801082 0.099479 0.062740
15 0.727604 0.861659 0.087500 0.021394
15 0.669010 0.834736 0.080729 0.033413
15 0.735156 0.788221 0.146354 0.055769
15 0.720573 0.734375 0.103646 0.028846
15 0.825521 0.745913 0.081250 0.035577
15 0.564583 0.832572 0.101042 0.083413
15 0.453385 0.858053 0.098437 0.038702
15 0.374740 0.839784 0.080729 0.045913
15 0.446354 0.806010 0.077083 0.055769
15 0.538021 0.765986 0.108333 0.046875
15 0.620573 0.749399 0.079687 0.080529
15 0.697396 0.713582 0.109375 0.011298
15 0.618490 0.675000 0.121354 0.056731
15 0.520833 0.672356 0.095833 0.055769
15 0.502083 0.717428 0.143750 0.048317
15 0.402083 0.746154 0.138542 0.055288
15 0.329167 0.793630 0.116667 0.043510
15 0.205208 0.800120 0.087500 0.064663
15 0.282292 0.836659 0.101042 0.046875
15 0.123698 0.869712 0.130729 0.073558
15 0.034375 0.969471 0.067708 0.056250
15 0.035677 0.884615 0.070312 0.061538
15 0.080990 0.797837 0.093229 0.079808
15 0.125521 0.742308 0.086458 0.055288
15 0.236979 0.741346 0.123958 0.063462
15 0.320312 0.722115 0.070833 0.069231
15 0.048698 0.728726 0.096354 0.026683
15 0.009896 0.780649 0.018750 0.055529
15 0.042708 0.693149 0.084375 0.037260
15 0.087500 0.661298 0.084375 0.068750
15 0.031771 0.645433 0.062500 0.048077
15 0.176042 0.678726 0.100000 0.059375
15 0.271354 0.663341 0.101042 0.057452
15 0.380729 0.681611 0.101042 0.044952
15 0.375260 0.648678 0.113021 0.028606
15 0.440885 0.638942 0.071354 0.037981
15 0.603385 0.616827 0.138021 0.052885
15 0.523438 0.621154 0.052083 0.037981
15 0.691146 0.622356 0.086458 0.050481
15 0.426302 0.590986 0.101562 0.055048
15 0.352344 0.614663 0.063021 0.046154
15 0.268229 0.606010 0.098958 0.049038
15 0.172917 0.616707 0.113542 0.067067
15 0.063542 0.584255 0.102083 0.056490
15 0.120573 0.549760 0.158854 0.036538
15 0.241146 0.561058 0.144792 0.036538
15 0.368750 0.561659 0.100000 0.046875
15 0.487240 0.545312 0.089063 0.045433
15 0.567708 0.572236 0.125000 0.043510
15 0.719271 0.577043 0.128125 0.035337
15 0.013281 0.606611 0.025521 0.034375
15 0.052604 0.503726 0.078125 0.065144
15 0.152865 0.509856 0.132812 0.052885
15 0.290885 0.525361 0.132812 0.047356
15 0.389323 0.513341 0.123438 0.047356
15 0.569792 0.516587 0.068750 0.044712
15 0.632292 0.546394 0.080208 0.032212
15 0.657031 0.516947 0.127604 0.050721
15 0.795833 0.538702 0.117708 0.065385
15 0.828906 0.478005 0.084896 0.042548
15 0.742188 0.483534 0.064583 0.047356
15 0.657292 0.472837 0.086458 0.026923
15 0.573177 0.518510 0.070312 0.034615
15 0.549740 0.466226 0.089063 0.059375
15 0.482292 0.500721 0.093750 0.032212
15 0.422396 0.449760 0.113542 0.064423
15 0.293750 0.452885 0.157292 0.072115
15 0.282552 0.490505 0.075521 0.027163
15 0.192188 0.464543 0.075000 0.039663
15 0.132292 0.439063 0.086458 0.036779
15 0.194010 0.419591 0.058854 0.029087
15 0.219531 0.382692 0.110937 0.037019
15 0.302604 0.394351 0.085417 0.056490
15 0.373437 0.412740 0.081250 0.034615
15 0.500781 0.405168 0.108854 0.054087
15 0.687240 0.434976 0.184896 0.037260
15 0.798438 0.437740 0.078125 0.033173
15 0.747135 0.403606 0.097396 0.030288
15 0.634635 0.400721 0.131771 0.043750
15 0.603385 0.376202 0.092188 0.042308
15 0.726042 0.355168 0.095833 0.059856
15 0.734375 0.301202 0.087500 0.054327
15 0.857552 0.264183 0.111979 0.042308
15 0.780729 0.209135 0.151042 0.065385
15 0.700521 0.244591 0.143750 0.044952
15 0.630729 0.285216 0.116667 0.058413
15 0.542448 0.314784 0.117188 0.075240
15 0.622656 0.332813 0.099479 0.032933
15 0.507552 0.362500 0.092188 0.027885
15 0.435156 0.336779 0.102604 0.062500
15 0.352083 0.305649 0.175000 0.039183
15 0.359115 0.360817 0.041146 0.047596
15 0.298177 0.348317 0.058854 0.034615
15 0.194531 0.344471 0.145313 0.036058
15 0.112240 0.391466 0.088021 0.055529
15 0.040104 0.439183 0.064583 0.063942
15 0.013802 0.474399 0.026562 0.036779
15 0.029687 0.384375 0.055208 0.046154
15 0.063281 0.345072 0.114062 0.033413
15 0.186719 0.294471 0.129688 0.052885
15 0.292448 0.271034 0.108854 0.035817
15 0.242448 0.244111 0.126562 0.044471
15 0.159115 0.225000 0.084896 0.072596
15 0.084635 0.248678 0.098437 0.045433
15 0.055208 0.300481 0.100000 0.050962
15 0.056771 0.202284 0.103125 0.046875
15 0.077344 0.163822 0.132812 0.041587
15 0.166406 0.156250 0.094271 0.065865
15 0.271094 0.187861 0.113021 0.074760
15 0.351302 0.218510 0.058854 0.050000
15 0.445312 0.249519 0.172917 0.058654
15 0.544792 0.215625 0.091667 0.056731
15 0.636198 0.213101 0.085938 0.039183
15 0.628125 0.172957 0.119792 0.039663
15 0.741667 0.141466 0.091667 0.055048
15 0.841927 0.157091 0.132812 0.053606
15 0.804948 0.087740 0.089063 0.066346
15 0.698177 0.096635 0.132812 0.037981
15 0.662240 0.129688 0.116146 0.040144
15 0.622135 0.056971 0.074479 0.050481
15 0.568490 0.103486 0.118229 0.047356
15 0.497135 0.154447 0.109896 0.060817
15 0.434635 0.200841 0.115104 0.031971
15 0.329948 0.142788 0.170313 0.052404
15 0.411198 0.109495 0.101562 0.049279
15 0.517188 0.081370 0.116667 0.053606
15 0.521094 0.041106 0.119271 0.038942
15 0.417708 0.058173 0.090625 0.062019
15 0.319792 0.071755 0.089583 0.076683
15 0.219792 0.081611 0.091667 0.045913
15 0.299740 0.031971 0.090104 0.027404
15 0.127344 0.042548 0.101562 0.084615
15 0.079427 0.107332 0.096354 0.077644
15 0.022656 0.049639 0.044271 0.057452
15 0.577865 0.141346 0.046354 0.022115
