15 0.988582 0.066927 0.022837 0.076563
15 0.983293 0.148698 0.029567 0.103646
15 0.990745 0.222917 0.018510 0.059375
15 0.980409 0.298438 0.039183 0.085417
15 0.941707 0.340625 0.043990 0.112500
15 0.949159 0.215104 0.060817 0.084375
15 0.950000 0.124740 0.039904 0.095312
15 0.947716 0.056250 0.050721 0.068750
15 0.902524 0.064062 0.039663 0.101042
15 0.857572 0.050000 0.059856 0.066667
15 0.840144 0.106250 0.038462 0.082292
15 0.873678 0.126823 0.035817 0.089063
15 0.842428 0.193229 0.055529 0.092708
15 0.910337 0.149219 0.043269 0.067187
15 0.887620 0.213542 0.053125 0.064583
15 0.882332 0.307812 0.055529 0.110417
15 0.886538 0.387240 0.043269 0.068229
15 0.929928 0.432812 0.049279 0.089583
15 0.863582 0.480469 0.048798 0.074479
15 0.810096 0.571875 0.038942 0.129167
15 0.860577 0.696615 0.035577 0.080729
15 0.892188 0.880729 0.057452 0.083333
15 0.838942 0.868229 0.058173 0.076042
15 0.813221 0.785156 0.062019 0.147396
15 0.745793 0.799740 0.049279 0.115104
15 0.718389 0.895052 0.056490 0.064062
15 0.697837 0.820833 0.045192 0.085417
15 0.733293 0.634635 0.050240 0.084896
15 0.664904 0.607812 0.038462 0.114583
15 0.602404 0.876042 0.046635 0.087500
15 0.553966 0.883594 0.058413 0.077604
15 0.502284 0.879427 0.047356 0.083854
15 0.471875 0.808854 0.053846 0.126042
15 0.425721 0.845833 0.038462 0.120833
15 0.821514 0.285417 0.038702 0.093750
15 0.798077 0.355729 0.045192 0.137500
15 0.762861 0.288021 0.050240 0.081250
15 0.788702 0.209115 0.044712 0.097396
15 0.749639 0.190885 0.033413 0.057813
15 0.724159 0.233073 0.053125 0.078646
15 0.716707 0.302604 0.045913 0.063542
15 0.710697 0.383333 0.047356 0.081250
15 0.669231 0.348177 0.049038 0.098437
15 0.651202 0.247396 0.034135 0.125000
15 0.623918 0.266927 0.028125 0.094271
15 0.585457 0.268490 0.044471 0.096354
15 0.573197 0.199479 0.037740 0.113542
15 0.526442 0.198437 0.043269 0.111458
15 0.593870 0.066406 0.051202 0.090104
15 0.644712 0.064583 0.040385 0.085417
15 0.656490 0.133073 0.025962 0.076563
15 0.619111 0.159375 0.050240 0.115625
15 0.685697 0.142448 0.040625 0.067187
15 0.723077 0.129427 0.049519 0.077604
15 0.731851 0.052865 0.048798 0.066146
15 0.687260 0.055729 0.037981 0.069792
15 0.762981 0.099219 0.032692 0.096354
15 0.797356 0.081250 0.034615 0.100000
15 0.692308 0.204427 0.037019 0.081771
15 0.525000 0.341406 0.065385 0.067187
15 0.527284 0.429427 0.048798 0.096354
15 0.562500 0.455469 0.031731 0.095312
15 0.476442 0.360938 0.028846 0.088542
15 0.468750 0.260417 0.046154 0.088542
15 0.428245 0.380990 0.044471 0.086979
15 0.424639 0.213802 0.034375 0.096354
15 0.386659 0.208073 0.041587 0.095312
15 0.378726 0.135417 0.037740 0.102083
15 0.349639 0.103906 0.028606 0.113021
15 0.316707 0.102083 0.037260 0.150000
15 0.298317 0.048698 0.028365 0.053646
15 0.324159 0.271875 0.042548 0.066667
15 0.337500 0.359375 0.037981 0.090625
15 0.228966 0.070833 0.054087 0.061458
15 0.240024 0.151302 0.036298 0.102604
15 0.223197 0.241667 0.036779 0.127083
15 0.193630 0.156250 0.047837 0.081250
15 0.171635 0.099479 0.052404 0.083333
15 0.194712 0.390104 0.073077 0.062500
15 0.197476 0.465625 0.044952 0.089583
15 0.185096 0.537240 0.044231 0.074479
15 0.114303 0.385677 0.037740 0.085938
15 0.068750 0.068750 0.046635 0.086458
15 0.030649 0.167448 0.043510 0.107813
15 0.011058 0.129167 0.021635 0.080208
15 0.044952 0.333594 0.037500 0.065104
15 0.025481 0.377344 0.046635 0.090104
15 0.010817 0.335938 0.021154 0.059375
15 0.015505 0.439063 0.030529 0.046875
15 0.053486 0.467969 0.048317 0.075521
15 0.077885 0.421094 0.050000 0.106771
15 0.103125 0.536719 0.038462 0.126562
15 0.060697 0.573438 0.036298 0.103125
15 0.036779 0.534115 0.043269 0.086979
15 0.019111 0.495833 0.037740 0.065625
15 0.009014 0.575260 0.017548 0.076563
15 0.021635 0.629687 0.040865 0.101042
15 0.107572 0.636719 0.050240 0.104688
15 0.090986 0.694010 0.045913 0.078646
15 0.062260 0.749479 0.041827 0.090625
15 0.022957 0.722135 0.040625 0.123438
15 0.054928 0.854688 0.037260 0.109375
15 0.018990 0.881510 0.037500 0.070312
15 0.090264 0.836458 0.041587 0.130208
15 0.131130 0.816406 0.052163 0.117188
15 0.168990 0.764844 0.046635 0.083854
15 0.194351 0.842969 0.046394 0.090104
15 0.153125 0.889062 0.054808 0.081250
15 0.285697 0.849740 0.040144 0.080729
