15 0.874740 0.015144 0.102604 0.029808
15 0.942448 0.034495 0.083854 0.043029
15 0.992708 0.016587 0.014583 0.032692
15 0.952604 0.072476 0.094792 0.046394
15 0.861979 0.063101 0.080208 0.056010
15 0.786979 0.048798 0.067708 0.067308
15 0.791146 0.009014 0.052083 0.017548
15 0.694531 0.010937 0.119271 0.019952
15 0.598437 0.027764 0.083333 0.055048
15 0.700781 0.056731 0.114062 0.060577
15 0.650000 0.094712 0.090625 0.051923
15 0.738802 0.122957 0.101562 0.062740
15 0.822396 0.151562 0.091667 0.044471
15 0.907552 0.124159 0.126562 0.062740
15 0.978646 0.112620 0.042708 0.029087
15 0.989583 0.147115 0.020833 0.030769
15 0.960156 0.184856 0.060937 0.054808
15 0.482812 0.014303 0.141667 0.028125
15 0.526042 0.053365 0.101042 0.060096
15 0.399479 0.056611 0.102083 0.050240
15 0.490885 0.097957 0.116146 0.044471
15 0.389062 0.108534 0.111458 0.054567
15 0.558333 0.127043 0.093750 0.048317
15 0.449219 0.142788 0.141146 0.043269
15 0.626823 0.148558 0.120313 0.046154
15 0.708854 0.179567 0.106250 0.043750
15 0.823698 0.192428 0.116146 0.050721
15 0.936198 0.235216 0.115104 0.043510
15 0.751823 0.223317 0.078646 0.044712
15 0.675000 0.225601 0.095833 0.048798
15 0.591406 0.199639 0.100521 0.064663
15 0.505990 0.175962 0.069271 0.046154
15 0.494531 0.227043 0.104688 0.071875
15 0.414323 0.191587 0.108854 0.056731
15 0.402344 0.233534 0.086979 0.031010
15 0.414844 0.272837 0.133854 0.044231
15 0.522917 0.267188 0.086458 0.059856
15 0.623698 0.268990 0.105729 0.053365
15 0.706250 0.266106 0.150000 0.046635
15 0.799740 0.292067 0.086979 0.050962
15 0.952083 0.274279 0.095833 0.039423
15 0.903906 0.303726 0.105729 0.044471
15 0.845313 0.342428 0.117708 0.046875
15 0.717187 0.311178 0.100000 0.038702
15 0.600000 0.313702 0.136458 0.038942
15 0.496875 0.314423 0.069792 0.025000
15 0.416927 0.320192 0.079687 0.049519
15 0.392969 0.361418 0.116146 0.044471
15 0.509115 0.355889 0.142187 0.062260
15 0.622135 0.372716 0.084896 0.058413
15 0.716667 0.350962 0.157292 0.043750
15 0.954167 0.339543 0.091667 0.066587
15 0.819271 0.382212 0.138542 0.035096
15 0.711458 0.396274 0.093750 0.043510
15 0.620052 0.372115 0.088021 0.058173
15 0.516927 0.402404 0.152604 0.040385
15 0.411458 0.402524 0.080208 0.049279
15 0.360417 0.424038 0.072917 0.046154
15 0.470052 0.451202 0.085938 0.062981
15 0.573438 0.456130 0.118750 0.050721
15 0.689063 0.438942 0.147917 0.061538
15 0.854167 0.425120 0.094792 0.051202
15 0.948698 0.406611 0.102604 0.050240
15 0.954688 0.467187 0.090625 0.068029
15 0.899740 0.475120 0.069271 0.048317
15 0.810937 0.473197 0.103125 0.043510
15 0.759375 0.504207 0.101042 0.042067
15 0.654687 0.484976 0.126042 0.036779
15 0.603385 0.522236 0.117188 0.047356
15 0.669271 0.535337 0.083333 0.045192
15 0.529687 0.494712 0.109375 0.029808
15 0.491146 0.531010 0.119792 0.055288
15 0.421354 0.500601 0.098958 0.038221
15 0.396354 0.540745 0.095833 0.037260
15 0.774219 0.552764 0.124479 0.043510
15 0.893750 0.554688 0.109375 0.043029
15 0.960156 0.510337 0.075521 0.046635
15 0.978385 0.552524 0.043229 0.040144
15 0.947135 0.595793 0.105729 0.053125
15 0.872656 0.612620 0.092188 0.049279
15 0.834115 0.636418 0.091146 0.053606
15 0.771094 0.625841 0.090104 0.075721
15 0.712240 0.584856 0.125521 0.044231
15 0.715104 0.628966 0.137500 0.048317
15 0.621354 0.604087 0.064583 0.035096
15 0.580208 0.627043 0.138542 0.046875
15 0.581510 0.575240 0.134896 0.048077
15 0.450781 0.575841 0.120313 0.035337
15 0.419271 0.612019 0.093750 0.067788
15 0.484115 0.619832 0.056771 0.050721
15 0.413281 0.672837 0.095312 0.050962
15 0.515365 0.664062 0.111979 0.042067
15 0.619271 0.672716 0.097917 0.050721
15 0.689583 0.673918 0.063542 0.044952
15 0.799740 0.680048 0.157812 0.036058
15 0.935937 0.658293 0.128125 0.047356
15 0.877604 0.707212 0.145833 0.040865
15 0.820573 0.724880 0.077604 0.028606
15 0.971354 0.718870 0.057292 0.037740
15 0.975000 0.692067 0.050000 0.019712
15 0.903646 0.747837 0.126042 0.049519
15 0.759635 0.752043 0.107813 0.047837
15 0.709375 0.713942 0.143750 0.033654
15 0.655990 0.757933 0.100521 0.049519
15 0.568490 0.723437 0.082812 0.049279
15 0.599479 0.707091 0.073958 0.043990
15 0.491927 0.715745 0.110937 0.064183
15 0.402604 0.725841 0.139583 0.053606
15 0.545573 0.759495 0.126562 0.045913
15 0.458854 0.794111 0.078125 0.047837
15 0.409375 0.768510 0.103125 0.034615
15 0.559375 0.809375 0.159375 0.060096
15 0.609375 0.841226 0.100000 0.054087
15 0.724219 0.800841 0.102604 0.048798
15 0.803646 0.789663 0.057292 0.039423
15 0.878646 0.800962 0.113542 0.053846
15 0.968750 0.773077 0.062500 0.065385
15 0.941146 0.843630 0.082292 0.073317
15 0.874479 0.866587 0.070833 0.048558
15 0.813802 0.839543 0.117188 0.043510
15 0.986719 0.876683 0.026562 0.059615
15 0.959896 0.911538 0.050000 0.050481
15 0.884375 0.921394 0.132292 0.077404
15 0.800000 0.890385 0.097917 0.055769
15 0.715885 0.902524 0.131771 0.059856
15 0.699740 0.852644 0.090104 0.057212
15 0.612500 0.897236 0.083333 0.065144
15 0.565625 0.891226 0.053125 0.046394
15 0.494271 0.876202 0.116667 0.083654
15 0.380208 0.869952 0.104167 0.052885
15 0.388802 0.815144 0.117188 0.054808
15 0.318750 0.737620 0.066667 0.048317
15 0.417708 0.928966 0.097917 0.061779
15 0.506250 0.952404 0.123958 0.073558
15 0.589844 0.960457 0.125521 0.064183
15 0.639583 0.962019 0.062500 0.054327
15 0.708073 0.966587 0.132812 0.066827
15 0.821354 0.945553 0.109375 0.051202
15 0.806771 0.982332 0.098958 0.035337
15 0.944792 0.991226 0.095833 0.017548
15 0.974740 0.960697 0.050521 0.057933
15 0.407031 0.980529 0.072396 0.038942
15 0.484115 0.991947 0.064062 0.016106
15 0.299219 0.986418 0.132812 0.027163
15 0.232813 0.996034 0.059375 0.007933
15 0.191927 0.947957 0.100521 0.039183
15 0.301302 0.934736 0.117188 0.079567
15 0.268490 0.903966 0.098437 0.039663
15 0.302604 0.841466 0.087500 0.053606
15 0.138542 0.980168 0.132292 0.039663
15 0.162760 0.910457 0.113021 0.037260
15 0.186719 0.867909 0.123438 0.067548
15 0.262240 0.816707 0.094271 0.042548
15 0.296354 0.777764 0.092708 0.038221
15 0.167969 0.811659 0.093229 0.045433
15 0.076042 0.842187 0.092708 0.054567
15 0.240104 0.741707 0.087500 0.084375
15 0.342969 0.689183 0.073438 0.034135
15 0.322656 0.650721 0.088021 0.046635
15 0.334115 0.609976 0.066146 0.060337
15 0.244010 0.651803 0.106771 0.059856
15 0.244792 0.690024 0.109375 0.019952
15 0.218750 0.601082 0.090625 0.045433
15 0.277604 0.599159 0.047917 0.046875
15 0.330729 0.569471 0.096875 0.036538
15 0.250260 0.545553 0.094271 0.051683
15 0.316667 0.524519 0.092708 0.044231
15 0.141667 0.577284 0.121875 0.043990
15 0.132812 0.640144 0.113542 0.074038
15 0.143490 0.732212 0.101562 0.062019
15 0.133073 0.696514 0.109896 0.037260
15 0.110937 0.789183 0.141667 0.053846
15 0.053385 0.669591 0.071354 0.039183
15 0.045833 0.617668 0.077083 0.054567
15 0.159635 0.529327 0.117188 0.050481
15 0.103125 0.513341 0.153125 0.044952
15 0.142448 0.484976 0.093229 0.030048
15 0.230469 0.489303 0.093229 0.052644
15 0.285938 0.434014 0.068750 0.056971
15 0.197917 0.443990 0.097917 0.050962
15 0.320833 0.384495 0.064583 0.037740
15 0.236458 0.393750 0.104167 0.042788
15 0.122135 0.408053 0.115104 0.051202
15 0.263802 0.348438 0.102604 0.046394
15 0.332552 0.306851 0.100521 0.043510
15 0.281771 0.270913 0.113542 0.048077
15 0.144531 0.352043 0.140104 0.056971
15 0.075260 0.379808 0.078646 0.046635
15 0.073698 0.347957 0.046354 0.022837
15 0.178125 0.314063 0.119792 0.050721
15 0.153125 0.264303 0.145833 0.049279
15 0.072656 0.300000 0.089063 0.052885
15 0.179948 0.220433 0.130729 0.048077
15 0.296875 0.164904 0.095833 0.048558
15 0.304688 0.221514 0.113542 0.066106
15 0.352083 0.195673 0.047917 0.036058
15 0.248438 0.083053 0.115625 0.059856
15 0.210156 0.133173 0.114062 0.041346
15 0.164844 0.173317 0.133854 0.039904
15 0.115625 0.139784 0.078125 0.055048
15 0.146094 0.096034 0.101562 0.032933
15 0.068229 0.103365 0.072917 0.062500
15 0.010677 0.285337 0.020313 0.032212
15 0.027604 0.336659 0.054167 0.069471
15 0.017448 0.381851 0.033854 0.024760
15 0.047135 0.426683 0.093229 0.060577
15 0.075260 0.473558 0.079687 0.031731
15 0.019271 0.466587 0.037500 0.063942
15 0.040625 0.565745 0.080208 0.050721
15 0.047135 0.537500 0.093229 0.028846
15 0.013281 0.510096 0.025521 0.024519
15 0.012500 0.639423 0.023958 0.043750
15 0.007812 0.675000 0.014583 0.025962
15 0.021875 0.697115 0.042708 0.010096
15 0.037240 0.250962 0.073438 0.047596
15 0.068750 0.218029 0.115625 0.039423
15 0.038802 0.165625 0.071354 0.064904
15 0.019271 0.138221 0.037500 0.049038
15 0.016406 0.092188 0.031771 0.042548
15 0.134896 0.027163 0.125000 0.046154
15 0.234635 0.012981 0.143229 0.025481
15 0.044271 0.012620 0.087500 0.024279
