15 0.926042 0.018029 0.143750 0.035577
15 0.981771 0.048798 0.036458 0.042788
15 0.867188 0.074760 0.166667 0.079327
15 0.973437 0.101923 0.053125 0.057692
15 0.855990 0.132692 0.106771 0.047596
15 0.925781 0.131731 0.032813 0.021635
15 0.936979 0.174639 0.126042 0.081490
15 0.770833 0.176563 0.156250 0.042067
15 0.725260 0.116947 0.113021 0.074760
15 0.729948 0.071514 0.128646 0.035337
15 0.607031 0.101683 0.126562 0.057212
15 0.601302 0.039303 0.136979 0.066106
15 0.728125 0.030168 0.109375 0.059856
15 0.650000 0.006490 0.061458 0.012500
15 0.528385 0.004808 0.074479 0.009135
15 0.423958 0.040144 0.196875 0.060096
15 0.331250 0.013462 0.115625 0.026442
15 0.460417 0.103486 0.162500 0.076683
15 0.452344 0.156611 0.125521 0.040625
15 0.595313 0.157091 0.133333 0.056490
15 0.709115 0.149279 0.134896 0.032692
15 0.664062 0.211178 0.108333 0.056971
15 0.828646 0.215625 0.125000 0.051442
15 0.946094 0.251442 0.102604 0.070673
15 0.980990 0.210817 0.038021 0.045673
15 0.307552 0.087981 0.126562 0.067788
15 0.214323 0.039062 0.129688 0.076683
15 0.108854 0.021274 0.143750 0.038702
15 0.086719 0.105409 0.139063 0.082452
15 0.191146 0.115144 0.098958 0.076923
15 0.157031 0.173678 0.131771 0.062740
15 0.261198 0.187740 0.093229 0.060096
15 0.334896 0.136899 0.114583 0.025240
15 0.351042 0.177043 0.117708 0.068510
15 0.072917 0.048077 0.144792 0.051923
15 0.017448 0.011298 0.033854 0.022115
15 0.024479 0.111298 0.044792 0.076442
15 0.018750 0.172596 0.029167 0.041346
15 0.070052 0.163462 0.049479 0.043750
15 0.133073 0.206851 0.150521 0.034856
15 0.035937 0.231851 0.070833 0.069952
15 0.144271 0.270433 0.135417 0.092308
15 0.235156 0.249038 0.070312 0.062019
15 0.327604 0.235096 0.148958 0.074038
15 0.431510 0.263702 0.109896 0.062019
15 0.465104 0.203606 0.115625 0.065385
15 0.556250 0.211779 0.118750 0.049038
15 0.548698 0.277043 0.143229 0.106490
15 0.703385 0.257692 0.155729 0.042788
15 0.826562 0.281490 0.198958 0.070192
15 0.655990 0.311899 0.117188 0.083413
15 0.437500 0.322596 0.130208 0.061058
15 0.298958 0.292909 0.135417 0.065144
15 0.211198 0.333413 0.135937 0.061058
15 0.075521 0.336779 0.117708 0.076442
15 0.044010 0.286178 0.086979 0.035337
15 0.010417 0.362500 0.019792 0.047115
15 0.070312 0.382692 0.097917 0.029327
15 0.184375 0.390264 0.156250 0.050721
15 0.278385 0.404687 0.076563 0.033894
15 0.224479 0.436178 0.090625 0.039183
15 0.376823 0.418870 0.131771 0.075721
15 0.480208 0.418630 0.089583 0.038702
15 0.317708 0.356731 0.116667 0.062500
15 0.458333 0.373197 0.152083 0.048798
15 0.588021 0.377885 0.129167 0.091827
15 0.684896 0.397115 0.075000 0.040385
15 0.752344 0.367548 0.152604 0.062019
15 0.895052 0.342187 0.126562 0.067548
15 0.961979 0.299399 0.060417 0.020433
15 0.971615 0.325240 0.056771 0.058654
15 0.978125 0.389543 0.043750 0.045433
15 0.894531 0.430048 0.098437 0.088942
15 0.753646 0.428245 0.182292 0.056010
15 0.616927 0.440024 0.082812 0.043990
15 0.972917 0.453125 0.054167 0.051442
15 0.095052 0.443510 0.189062 0.077885
15 0.032031 0.423918 0.063021 0.046394
15 0.062500 0.502524 0.123958 0.054087
15 0.149219 0.530048 0.092188 0.033173
15 0.192188 0.489423 0.115625 0.063462
15 0.301302 0.463702 0.124479 0.079327
15 0.366146 0.496154 0.150000 0.068269
15 0.283594 0.529567 0.165104 0.032692
15 0.486719 0.501322 0.099479 0.050240
15 0.522917 0.452404 0.156250 0.052885
15 0.580469 0.524519 0.110937 0.063942
15 0.615104 0.494832 0.109375 0.069471
15 0.721354 0.489784 0.158333 0.078125
15 0.439063 0.547476 0.127083 0.077163
15 0.287760 0.577885 0.179688 0.072115
15 0.181771 0.583293 0.061458 0.053606
15 0.128646 0.561418 0.137500 0.059856
15 0.039583 0.563582 0.078125 0.050240
15 0.033594 0.608053 0.066146 0.038702
15 0.109896 0.626202 0.096875 0.064423
15 0.855729 0.506130 0.122917 0.071394
15 0.956510 0.520793 0.086979 0.071394
15 0.846615 0.554207 0.125521 0.040144
15 0.966146 0.564904 0.067708 0.015385
15 0.959896 0.592909 0.047917 0.042067
15 0.893750 0.596514 0.125000 0.063702
15 0.783594 0.603486 0.093229 0.044471
15 0.719010 0.589303 0.165104 0.066106
15 0.717187 0.544471 0.117708 0.031731
15 0.626042 0.563582 0.061458 0.054087
15 0.526042 0.584014 0.136458 0.050721
15 0.576302 0.626202 0.153646 0.065865
15 0.564583 0.661298 0.046875 0.017788
15 0.473698 0.655048 0.127604 0.085577
15 0.377344 0.622115 0.135937 0.077885
15 0.208073 0.644952 0.139063 0.059135
15 0.285938 0.636538 0.039583 0.043269
15 0.801562 0.649880 0.191667 0.066587
15 0.950000 0.653966 0.100000 0.059375
15 0.880208 0.704567 0.089583 0.057692
15 0.944531 0.718630 0.110937 0.056971
15 0.789323 0.700841 0.148438 0.048798
15 0.666927 0.665505 0.114062 0.072356
15 0.554948 0.696394 0.103646 0.058654
15 0.456771 0.733053 0.098958 0.073798
15 0.354687 0.703966 0.114583 0.083894
15 0.264062 0.709495 0.063542 0.071394
15 0.186198 0.691346 0.078646 0.031731
15 0.187240 0.723077 0.121354 0.047115
15 0.072396 0.697236 0.139583 0.092548
15 0.024740 0.761779 0.048438 0.031731
15 0.103646 0.794231 0.143750 0.086058
15 0.249479 0.772837 0.126042 0.054808
15 0.364323 0.793269 0.131771 0.059615
15 0.473958 0.811418 0.110417 0.078125
15 0.587760 0.768029 0.126562 0.086538
15 0.750000 0.756851 0.176042 0.064183
15 0.929688 0.765385 0.140625 0.057212
15 0.828385 0.765865 0.063021 0.054808
15 0.655469 0.724519 0.098437 0.040865
15 0.703906 0.802043 0.111979 0.048798
15 0.934115 0.837260 0.129688 0.060096
15 0.791667 0.830168 0.154167 0.068510
15 0.616406 0.837139 0.159896 0.055048
15 0.528646 0.862019 0.086458 0.041346
15 0.246875 0.834976 0.145833 0.059375
15 0.050521 0.844952 0.100000 0.067788
15 0.128906 0.904327 0.149479 0.089904
15 0.029948 0.917668 0.058854 0.063221
15 0.362240 0.872957 0.166146 0.056490
15 0.467708 0.873918 0.078125 0.047837
15 0.617708 0.900361 0.114583 0.072837
15 0.752604 0.886779 0.138542 0.073558
15 0.857812 0.901803 0.079167 0.064183
15 0.943750 0.912620 0.112500 0.075721
15 0.986719 0.970793 0.026562 0.038702
15 0.957031 0.982572 0.071354 0.034856
15 0.878906 0.964183 0.102604 0.053365
15 0.797656 0.952043 0.114062 0.042548
15 0.744271 0.935937 0.133333 0.035817
15 0.637760 0.958053 0.146354 0.051202
15 0.501302 0.931130 0.105729 0.076202
15 0.388021 0.940865 0.117708 0.070192
15 0.265885 0.927644 0.126562 0.098558
15 0.397396 0.979327 0.154167 0.041346
15 0.246354 0.979928 0.122917 0.040144
15 0.093750 0.971995 0.139583 0.053125
15 0.533594 0.975240 0.126562 0.049519
15 0.685156 0.985457 0.074479 0.029087
15 0.772396 0.983654 0.105208 0.032692
15 0.883854 0.994111 0.071875 0.011779
