15 0.923125 0.191848 0.056750 0.123913
15 0.968125 0.286413 0.059750 0.108696
15 0.916500 0.349185 0.099000 0.107065
15 0.855625 0.300272 0.061250 0.076630
15 0.831375 0.234239 0.043250 0.100000
15 0.876000 0.207337 0.048000 0.148370
15 0.828000 0.119022 0.028000 0.091304
15 0.796875 0.093478 0.035250 0.117391
15 0.792375 0.163043 0.040250 0.130435
15 0.756875 0.179891 0.056750 0.114130
15 0.738375 0.127174 0.050750 0.055435
15 0.741750 0.077717 0.044000 0.055435
15 0.690000 0.108696 0.051000 0.057609
15 0.707375 0.242935 0.042750 0.115217
15 0.662125 0.179076 0.056250 0.086413
15 0.672750 0.286957 0.020500 0.048913
15 0.727125 0.351087 0.052750 0.164130
15 0.775750 0.252717 0.036500 0.082609
15 0.788875 0.340761 0.057250 0.098913
15 0.839000 0.378804 0.055500 0.076087
15 0.975375 0.462228 0.049250 0.099457
15 0.939875 0.466848 0.025750 0.111957
15 0.903000 0.469837 0.059000 0.150543
15 0.841125 0.453261 0.073750 0.075000
15 0.761000 0.445924 0.072000 0.086413
15 0.675375 0.396467 0.059250 0.149457
15 0.638750 0.429348 0.023500 0.103261
15 0.708750 0.509783 0.060000 0.073913
15 0.655625 0.523913 0.043250 0.084783
15 0.606250 0.408424 0.048000 0.103804
15 0.581250 0.333424 0.030000 0.082065
15 0.625250 0.289674 0.077000 0.105435
15 0.617375 0.221467 0.033250 0.052717
15 0.701125 0.040489 0.038750 0.075543
15 0.747375 0.026087 0.056750 0.046739
15 0.790625 0.025543 0.038250 0.045652
15 0.665375 0.046196 0.036750 0.085870
15 0.622375 0.031522 0.057750 0.061957
15 0.610250 0.129620 0.054500 0.119022
15 0.571500 0.238315 0.061000 0.119022
15 0.552625 0.136413 0.053750 0.129348
15 0.566500 0.044565 0.054000 0.080435
15 0.524375 0.028261 0.036750 0.054348
15 0.504250 0.110598 0.048500 0.096196
15 0.487750 0.045380 0.028500 0.088587
15 0.504375 0.227446 0.048750 0.083152
15 0.474125 0.175272 0.025250 0.116848
15 0.450875 0.078261 0.036750 0.093478
15 0.432375 0.151087 0.045750 0.117391
15 0.453375 0.253804 0.041750 0.092391
15 0.493750 0.302446 0.038500 0.055978
15 0.530375 0.267935 0.028750 0.075000
15 0.541000 0.380707 0.058000 0.147283
15 0.496500 0.393207 0.033000 0.089674
15 0.463250 0.366033 0.046000 0.114674
15 0.426875 0.364130 0.044750 0.125000
15 0.406375 0.316033 0.049250 0.097283
15 0.384625 0.123370 0.054750 0.067391
15 0.376375 0.221467 0.049750 0.146196
15 0.336250 0.201902 0.033000 0.079891
15 0.327250 0.281250 0.036500 0.079891
15 0.284125 0.245109 0.053750 0.107609
15 0.295000 0.166033 0.050000 0.076630
15 0.337125 0.106522 0.043250 0.097826
15 0.385500 0.040761 0.051500 0.078261
15 0.422000 0.039946 0.020500 0.073370
15 0.294250 0.054620 0.051500 0.083152
15 0.350250 0.378533 0.058000 0.096196
15 0.299500 0.416304 0.039000 0.107609
15 0.281250 0.340489 0.062500 0.086413
15 0.236375 0.297283 0.041750 0.103261
15 0.234000 0.227174 0.045500 0.085870
15 0.263000 0.136141 0.050000 0.089674
15 0.210875 0.151902 0.054250 0.070109
15 0.173875 0.214674 0.062250 0.081522
15 0.161250 0.107065 0.046500 0.102174
15 0.234875 0.054620 0.067250 0.099457
15 0.175375 0.054348 0.046750 0.105435
15 0.123625 0.069837 0.047250 0.123370
15 0.106500 0.169837 0.038000 0.089674
15 0.078250 0.058967 0.074500 0.102717
15 0.091875 0.321467 0.073750 0.108152
15 0.075625 0.215489 0.061750 0.107065
15 0.041125 0.134239 0.035250 0.118478
15 0.025000 0.044293 0.047500 0.083152
15 0.012250 0.136957 0.024000 0.101087
15 0.022125 0.230163 0.043750 0.066848
15 0.022000 0.311141 0.042000 0.101630
15 0.050500 0.294022 0.030000 0.067391
15 0.020625 0.399457 0.040750 0.159783
15 0.064750 0.446739 0.068000 0.135870
15 0.116000 0.403533 0.034500 0.075543
15 0.135250 0.332880 0.025000 0.100543
15 0.176375 0.319293 0.061750 0.124457
15 0.233250 0.392663 0.057500 0.087500
15 0.196250 0.425815 0.089500 0.100543
15 0.135750 0.548370 0.055000 0.080435
15 0.125250 0.466576 0.050000 0.076630
15 0.183750 0.577446 0.037000 0.065761
15 0.227000 0.525000 0.072000 0.113043
15 0.168000 0.649728 0.058000 0.119022
15 0.098875 0.635598 0.072750 0.110326
15 0.048250 0.592935 0.052500 0.136957
15 0.009375 0.537228 0.018250 0.086413
15 0.012250 0.642120 0.024000 0.130978
15 0.097000 0.758967 0.061500 0.107065
15 0.057375 0.740489 0.022250 0.079891
15 0.021750 0.775000 0.043000 0.128261
15 0.147125 0.776902 0.045750 0.149457
15 0.085000 0.858967 0.042000 0.075543
15 0.034000 0.904348 0.067500 0.180435
15 0.108500 0.933424 0.080500 0.105978
15 0.161500 0.973913 0.040500 0.052174
15 0.164000 0.899185 0.032000 0.094022
15 0.194500 0.803261 0.059500 0.157609
15 0.242625 0.907337 0.065750 0.161413
15 0.204750 0.946467 0.046500 0.104891
15 0.279625 0.849728 0.049250 0.126630
15 0.258125 0.713315 0.067750 0.171196
15 0.230000 0.656793 0.059000 0.140761
15 0.292750 0.631793 0.023500 0.038587
15 0.317625 0.691576 0.044250 0.141848
15 0.333750 0.579348 0.051500 0.140217
15 0.281375 0.535598 0.040250 0.149457
15 0.330500 0.466304 0.058000 0.088043
15 0.387250 0.467663 0.052000 0.113587
15 0.382125 0.594565 0.041750 0.120652
15 0.423250 0.561413 0.040500 0.159783
15 0.380125 0.695924 0.082250 0.087500
15 0.334875 0.839402 0.068250 0.162500
15 0.298500 0.957337 0.060000 0.085326
15 0.362000 0.915761 0.053500 0.168478
15 0.414250 0.762500 0.062500 0.136957
15 0.421250 0.914130 0.063500 0.171739
15 0.462125 0.823098 0.041750 0.169022
15 0.504750 0.845652 0.052000 0.125000
15 0.484000 0.955435 0.054500 0.089130
15 0.451000 0.684511 0.048000 0.092935
15 0.467000 0.552446 0.050000 0.174457
15 0.454125 0.463043 0.060750 0.071739
15 0.517375 0.461957 0.055250 0.064130
15 0.516000 0.564674 0.064000 0.145652
15 0.583125 0.502446 0.068750 0.100543
15 0.579375 0.624185 0.075250 0.135326
15 0.507000 0.748913 0.061000 0.088043
15 0.595000 0.782337 0.075000 0.129891
15 0.540000 0.933967 0.050500 0.121196
15 0.607250 0.948913 0.091000 0.102174
15 0.624875 0.860870 0.045750 0.113043
15 0.674750 0.867663 0.056500 0.172283
15 0.692125 0.980435 0.056750 0.039130
15 0.733125 0.857337 0.047250 0.148370
15 0.673875 0.702989 0.056250 0.127717
15 0.636000 0.616576 0.044000 0.174457
15 0.697000 0.581793 0.064500 0.092935
15 0.730625 0.673098 0.040250 0.124457
15 0.713500 0.785598 0.033000 0.077717
15 0.785875 0.810870 0.057250 0.097826
15 0.763000 0.959239 0.055000 0.081522
15 0.818375 0.924728 0.082750 0.142935
15 0.866375 0.880435 0.036750 0.067391
15 0.878375 0.982880 0.037750 0.034239
15 0.803875 0.693207 0.097750 0.113587
15 0.772375 0.554891 0.074250 0.156522
15 0.855875 0.788859 0.086750 0.115761
15 0.908125 0.703804 0.046750 0.122826
15 0.875500 0.643207 0.065500 0.129891
15 0.851500 0.562500 0.064500 0.133696
15 0.900625 0.578804 0.048750 0.079348
15 0.950750 0.552446 0.052500 0.094022
15 0.911750 0.890217 0.058500 0.140217
15 0.937875 0.967663 0.042250 0.064674
15 0.976625 0.922826 0.046750 0.140217
15 0.940125 0.804620 0.061250 0.123370
15 0.973625 0.794837 0.052750 0.120109
15 0.955250 0.657065 0.059000 0.143478
15 0.986375 0.576902 0.027250 0.102717
