15 0.901923 0.946354 0.083654 0.107292
15 0.983894 0.881771 0.032212 0.135417
15 0.961659 0.741667 0.064663 0.096875
15 0.907813 0.761979 0.088702 0.208333
15 0.890986 0.827344 0.050721 0.116146
15 0.963822 0.619010 0.060337 0.140104
15 0.980168 0.502344 0.039663 0.088021
15 0.971635 0.369792 0.050000 0.162500
15 0.981250 0.251563 0.037500 0.145833
15 0.984495 0.062760 0.031010 0.124479
15 0.938942 0.062500 0.057692 0.118750
15 0.893990 0.108594 0.035096 0.119271
15 0.896755 0.299740 0.047356 0.209896
15 0.937740 0.368229 0.019231 0.221875
15 0.926322 0.512500 0.061298 0.072917
15 0.876563 0.600521 0.063221 0.090625
15 0.901563 0.471615 0.050240 0.133854
15 0.843510 0.496354 0.067308 0.201042
15 0.812620 0.317708 0.061779 0.162500
15 0.842548 0.287240 0.044712 0.095312
15 0.829087 0.833333 0.065865 0.142708
15 0.831851 0.688281 0.055048 0.144271
15 0.778365 0.719531 0.050962 0.108854
15 0.729567 0.780469 0.067308 0.105729
15 0.752284 0.871875 0.081010 0.086458
15 0.769471 0.967969 0.085096 0.064062
15 0.678365 0.921875 0.052885 0.156250
15 0.619952 0.923958 0.044712 0.125000
15 0.574038 0.874219 0.036538 0.138021
15 0.602163 0.761719 0.043269 0.136979
15 0.666707 0.751563 0.080529 0.190625
15 0.719952 0.602865 0.054808 0.196354
15 0.727885 0.473958 0.062500 0.117708
15 0.783053 0.469531 0.052163 0.099479
15 0.653005 0.582552 0.059856 0.123438
15 0.660577 0.467969 0.051442 0.088021
15 0.670793 0.371354 0.056971 0.156250
15 0.621034 0.322917 0.055048 0.080208
15 0.612500 0.494010 0.041827 0.119271
15 0.563341 0.608594 0.082452 0.133854
15 0.515986 0.666667 0.063221 0.118750
15 0.528365 0.919531 0.037019 0.160938
15 0.490865 0.844271 0.063942 0.072917
15 0.494351 0.727604 0.095433 0.145833
15 0.467187 0.946354 0.056490 0.107292
15 0.407452 0.948698 0.082212 0.084896
15 0.385096 0.845833 0.062500 0.132292
15 0.417428 0.740365 0.051683 0.182812
15 0.359736 0.674219 0.059856 0.140104
15 0.315024 0.790104 0.068029 0.125000
15 0.328125 0.910677 0.048558 0.136979
15 0.240625 0.916667 0.094712 0.128125
15 0.149880 0.939583 0.090625 0.093750
15 0.074399 0.942708 0.081010 0.114583
15 0.015986 0.905469 0.026202 0.141146
15 0.122716 0.855729 0.047356 0.047917
15 0.200000 0.827604 0.064423 0.104167
15 0.257452 0.735156 0.052885 0.127604
15 0.302764 0.670312 0.050240 0.090625
15 0.321154 0.560937 0.072115 0.184375
15 0.315505 0.422656 0.082452 0.160938
15 0.260817 0.575781 0.035096 0.116146
15 0.195553 0.540885 0.092548 0.123438
15 0.185577 0.669010 0.079808 0.192188
15 0.145192 0.772396 0.057692 0.080208
15 0.083894 0.807292 0.065865 0.105208
15 0.054087 0.722396 0.051442 0.100000
15 0.010216 0.746354 0.019952 0.111458
15 0.120673 0.667448 0.041827 0.120313
15 0.108654 0.546354 0.054808 0.166667
15 0.074639 0.583854 0.019952 0.114583
15 0.029687 0.604167 0.058894 0.101042
15 0.054808 0.458854 0.063942 0.156250
15 0.143389 0.425521 0.084375 0.068750
15 0.236418 0.448698 0.079567 0.123438
15 0.454567 0.488021 0.043269 0.184375
15 0.510817 0.439844 0.061058 0.123438
15 0.564663 0.456771 0.046635 0.118750
15 0.556130 0.299219 0.055529 0.136979
15 0.628245 0.206771 0.065144 0.083333
15 0.488582 0.310156 0.043990 0.084896
15 0.494351 0.189062 0.065144 0.089583
15 0.438341 0.284375 0.055048 0.142708
15 0.426322 0.405469 0.039183 0.102604
15 0.379567 0.408594 0.035096 0.144271
15 0.368029 0.292448 0.070673 0.091146
15 0.376202 0.229167 0.035096 0.113542
15 0.400240 0.104167 0.041827 0.196875
15 0.337740 0.134635 0.066827 0.158854
15 0.309976 0.229948 0.043990 0.117188
15 0.268389 0.289323 0.065144 0.060937
15 0.211418 0.320052 0.059856 0.109896
15 0.161178 0.301302 0.036298 0.153646
15 0.093870 0.337760 0.068029 0.074479
15 0.046154 0.284896 0.070192 0.180208
15 0.116587 0.250781 0.059615 0.070312
15 0.078726 0.148177 0.048798 0.081771
15 0.019471 0.143750 0.038462 0.135417
15 0.052284 0.086979 0.053606 0.096875
15 0.123798 0.057292 0.082212 0.072917
15 0.146875 0.148177 0.072115 0.105729
15 0.195913 0.167448 0.053365 0.067187
15 0.239183 0.196354 0.057692 0.089583
15 0.273558 0.074479 0.085096 0.145833
15 0.214423 0.055990 0.064423 0.110937
15 0.442067 0.078646 0.043269 0.104167
15 0.456971 0.154688 0.048077 0.097917
15 0.546514 0.065625 0.096875 0.101042
15 0.558894 0.175521 0.067788 0.083333
15 0.655048 0.104948 0.043269 0.108854
15 0.621394 0.027865 0.052885 0.054688
15 0.672596 0.233594 0.050962 0.089063
15 0.735337 0.240365 0.091346 0.111979
15 0.719591 0.352083 0.058413 0.096875
15 0.821274 0.130990 0.040625 0.160938
15 0.773918 0.136719 0.031010 0.095312
15 0.717909 0.131771 0.064663 0.120833
15 0.699038 0.034896 0.062500 0.066667
15 0.778726 0.033854 0.084375 0.066667
15 0.577404 0.979948 0.044712 0.040104
