15 0.927083 0.040024 0.145833 0.063221
15 0.950000 0.093750 0.100000 0.049038
15 0.888542 0.148558 0.081250 0.083654
15 0.969010 0.158053 0.061979 0.074760
15 0.942708 0.223678 0.103125 0.090625
15 0.966146 0.286779 0.067708 0.060577
15 0.954688 0.343750 0.090625 0.056731
15 0.759896 0.039784 0.188542 0.076683
15 0.746094 0.104207 0.218229 0.054087
15 0.783073 0.154688 0.126562 0.065144
15 0.809635 0.197476 0.117188 0.018510
15 0.823438 0.243149 0.207292 0.062740
15 0.754948 0.293029 0.070312 0.025000
15 0.833073 0.338341 0.142187 0.115625
15 0.709896 0.334976 0.119792 0.068029
15 0.723958 0.402284 0.123958 0.066587
15 0.884635 0.418389 0.210938 0.094471
15 0.962240 0.450962 0.075521 0.040385
15 0.663542 0.190745 0.129167 0.068990
15 0.537240 0.133413 0.249479 0.061538
15 0.583594 0.063582 0.166146 0.076202
15 0.433073 0.070312 0.136979 0.092548
15 0.559115 0.010337 0.236979 0.020192
15 0.300260 0.034976 0.185938 0.067067
15 0.103385 0.055649 0.119271 0.087260
15 0.021094 0.017188 0.041146 0.033894
15 0.035156 0.140024 0.069271 0.062740
15 0.264583 0.112139 0.201042 0.086298
15 0.191667 0.159736 0.209375 0.056971
15 0.379688 0.170553 0.129167 0.061779
15 0.521615 0.176082 0.146354 0.028606
15 0.500000 0.217788 0.177083 0.058173
15 0.630208 0.257452 0.181250 0.058173
15 0.458854 0.277163 0.157292 0.056731
15 0.330208 0.230529 0.180208 0.071635
15 0.189062 0.266827 0.164583 0.073077
15 0.053646 0.258173 0.106250 0.066827
15 0.091406 0.197596 0.160938 0.067788
15 0.173177 0.329808 0.146354 0.067788
15 0.044271 0.331130 0.087500 0.066106
15 0.090365 0.378365 0.127604 0.069712
15 0.437240 0.340986 0.116146 0.066106
15 0.573177 0.316226 0.155729 0.082452
15 0.582031 0.395433 0.141146 0.071635
15 0.473958 0.407332 0.105208 0.066587
15 0.372917 0.438101 0.151042 0.053125
15 0.340885 0.375601 0.147396 0.070913
15 0.186979 0.439423 0.212500 0.088462
15 0.132552 0.536538 0.171354 0.082692
15 0.262500 0.498558 0.153125 0.064423
15 0.424479 0.491346 0.126042 0.072115
15 0.518229 0.493029 0.075000 0.070673
15 0.602865 0.511659 0.142187 0.096875
15 0.656250 0.455288 0.201042 0.047115
15 0.677344 0.497596 0.078646 0.038462
15 0.770052 0.486779 0.085938 0.048077
15 0.875260 0.499760 0.116146 0.074038
15 0.972656 0.523317 0.054688 0.098077
15 0.777865 0.537861 0.216146 0.060337
15 0.744792 0.589423 0.161458 0.044712
15 0.890625 0.584255 0.139583 0.056490
15 0.983594 0.602524 0.032813 0.052163
15 0.926562 0.662019 0.129167 0.080288
15 0.791406 0.637981 0.139063 0.056250
15 0.670312 0.639543 0.107292 0.079087
15 0.578646 0.587380 0.154167 0.055048
15 0.515885 0.648197 0.223438 0.065625
15 0.353646 0.631010 0.155208 0.085096
15 0.286719 0.563462 0.149479 0.082212
15 0.170052 0.633534 0.194271 0.075240
15 0.463021 0.556731 0.161458 0.058654
15 0.223177 0.712620 0.124479 0.081010
15 0.363802 0.730649 0.113021 0.066106
15 0.494531 0.743149 0.133854 0.086298
15 0.575260 0.704207 0.095312 0.080048
15 0.701823 0.737380 0.138021 0.126683
15 0.764062 0.689183 0.080208 0.061058
15 0.873698 0.725962 0.169271 0.087500
15 0.986198 0.727163 0.027604 0.038942
15 0.950521 0.788582 0.098958 0.077644
15 0.810677 0.815865 0.193229 0.072115
15 0.967187 0.857812 0.065625 0.066106
15 0.854688 0.867909 0.146875 0.057933
15 0.710417 0.869471 0.139583 0.059135
15 0.722917 0.926202 0.130208 0.059615
15 0.842969 0.923438 0.146354 0.052163
15 0.970052 0.910096 0.059896 0.036538
15 0.926302 0.964663 0.144271 0.060096
15 0.690885 0.974760 0.098437 0.050481
15 0.617188 0.919712 0.122917 0.058654
15 0.588542 0.842548 0.158333 0.084615
15 0.469010 0.819952 0.108854 0.072596
15 0.460938 0.885216 0.165625 0.062740
15 0.520052 0.944712 0.108854 0.046635
15 0.549740 0.985817 0.061979 0.028365
15 0.429167 0.972957 0.183333 0.054087
15 0.359375 0.930288 0.140625 0.057692
15 0.237240 0.965024 0.198437 0.069952
15 0.287240 0.877885 0.178646 0.071154
15 0.260156 0.817308 0.133854 0.098077
15 0.163542 0.778005 0.125000 0.076683
15 0.059115 0.807452 0.117188 0.070673
15 0.033594 0.870913 0.066146 0.058173
15 0.084375 0.926562 0.167708 0.076202
