15 0.848750 0.032609 0.035500 0.058696
15 0.875750 0.046739 0.022500 0.036957
15 0.837250 0.102717 0.025500 0.071739
15 0.811500 0.079620 0.028500 0.047283
15 0.794000 0.050272 0.020500 0.028804
15 0.816500 0.026087 0.025000 0.051087
15 0.790375 0.015489 0.028250 0.029891
15 0.779250 0.075000 0.027500 0.021739
15 0.778125 0.111141 0.014750 0.032065
15 0.760750 0.135870 0.019000 0.072826
15 0.731000 0.130707 0.024500 0.050543
15 0.701625 0.192663 0.028250 0.051630
15 0.655000 0.193750 0.024000 0.051630
15 0.625625 0.144565 0.038750 0.063043
15 0.597250 0.139402 0.032000 0.059239
15 0.564750 0.104620 0.023000 0.065761
15 0.591875 0.035054 0.020250 0.034239
15 0.548875 0.065217 0.019250 0.040217
15 0.532875 0.037228 0.020250 0.047283
15 0.516125 0.086957 0.021750 0.064130
15 0.558375 0.019837 0.031250 0.037500
15 0.580125 0.064674 0.021250 0.025000
15 0.804375 0.113587 0.035750 0.034783
15 0.792375 0.155163 0.030750 0.039674
15 0.776000 0.196467 0.058000 0.042935
15 0.733000 0.210870 0.029500 0.067391
15 0.698250 0.241848 0.029500 0.040217
15 0.722000 0.264402 0.042500 0.067935
15 0.761875 0.283696 0.036250 0.059783
15 0.764375 0.239402 0.028750 0.037500
15 0.795250 0.247283 0.025000 0.068478
15 0.818125 0.203533 0.022750 0.075543
15 0.844500 0.193750 0.035000 0.061413
15 0.820500 0.145924 0.022500 0.039674
15 0.869500 0.108424 0.030500 0.092935
15 0.889625 0.185598 0.027750 0.064674
15 0.912750 0.147554 0.028500 0.037500
15 0.892625 0.105978 0.017250 0.076087
15 0.923375 0.201087 0.033750 0.075000
15 0.901750 0.243750 0.026000 0.052717
15 0.868625 0.222826 0.031750 0.034783
15 0.883125 0.276087 0.032250 0.082609
15 0.861500 0.294565 0.039000 0.046739
15 0.839375 0.252989 0.036250 0.059239
15 0.815625 0.314402 0.024750 0.060326
15 0.784625 0.330707 0.041750 0.073370
15 0.930875 0.269022 0.041250 0.065217
15 0.946875 0.318207 0.031250 0.058152
15 0.876500 0.352174 0.057000 0.061957
15 0.852375 0.394022 0.038750 0.108696
15 0.823250 0.358696 0.043000 0.090217
15 0.805125 0.429891 0.026750 0.067391
15 0.774500 0.411413 0.035500 0.066304
15 0.782000 0.503533 0.034500 0.134239
15 0.752875 0.561685 0.024750 0.060326
15 0.737125 0.491848 0.036750 0.069565
15 0.738125 0.438859 0.036250 0.039674
15 0.742875 0.379076 0.029750 0.057065
15 0.731875 0.340217 0.028250 0.053261
15 0.722750 0.310054 0.017000 0.035326
15 0.700375 0.329891 0.033750 0.068478
15 0.702875 0.384511 0.044250 0.067935
15 0.679875 0.444565 0.030750 0.123913
15 0.671500 0.312772 0.019500 0.053804
15 0.677875 0.388315 0.006750 0.042935
15 0.708625 0.522554 0.033750 0.123370
15 0.741250 0.611957 0.034500 0.067391
15 0.703000 0.642391 0.048500 0.082609
15 0.667500 0.593478 0.038000 0.085870
15 0.792500 0.648098 0.037000 0.054891
15 0.763250 0.674728 0.037000 0.076630
15 0.819625 0.702717 0.078750 0.068478
15 0.880250 0.556522 0.054500 0.085870
15 0.891375 0.459511 0.035750 0.092935
15 0.885250 0.408424 0.039000 0.046196
15 0.929500 0.482609 0.035000 0.066304
15 0.915250 0.528533 0.048500 0.064674
15 0.962500 0.476359 0.039500 0.080978
15 0.925500 0.378804 0.028000 0.086957
15 0.965000 0.390217 0.034000 0.082609
15 0.982750 0.349728 0.034500 0.084239
15 0.989125 0.437500 0.021750 0.069565
15 0.924000 0.743207 0.041500 0.108152
15 0.879000 0.769293 0.051500 0.087500
15 0.819625 0.780978 0.071750 0.109783
15 0.786250 0.832880 0.052000 0.082065
15 0.765125 0.761685 0.024750 0.053804
15 0.727375 0.721196 0.040250 0.083696
15 0.688625 0.750543 0.045250 0.093478
15 0.661500 0.773913 0.026500 0.052174
15 0.647750 0.661413 0.045000 0.054348
15 0.636250 0.716304 0.043000 0.060870
15 0.642875 0.828261 0.059750 0.058696
15 0.675500 0.907609 0.054500 0.096739
15 0.719625 0.829891 0.074750 0.088043
15 0.779125 0.911685 0.078250 0.073370
15 0.835125 0.890217 0.042750 0.047826
15 0.899125 0.916304 0.055250 0.090217
15 0.932875 0.842391 0.089250 0.081522
15 0.960875 0.920924 0.068750 0.103804
15 0.920750 0.990761 0.034000 0.018478
15 0.859500 0.959511 0.069000 0.080978
15 0.807500 0.971467 0.045000 0.057065
15 0.724875 0.964946 0.046750 0.070109
15 0.573875 0.957337 0.041250 0.085326
15 0.529875 0.963043 0.034750 0.073913
15 0.569125 0.876630 0.022250 0.058696
15 0.618250 0.881250 0.052500 0.039674
15 0.642250 0.941848 0.068000 0.116304
15 0.496000 0.083696 0.020000 0.035870
15 0.482375 0.063859 0.034750 0.054891
15 0.482750 0.015489 0.031500 0.029891
15 0.445875 0.044837 0.029250 0.049457
15 0.409500 0.031522 0.042000 0.061957
15 0.372125 0.059239 0.023250 0.035870
15 0.390625 0.080163 0.040250 0.019022
15 0.345500 0.056250 0.033000 0.041848
15 0.348750 0.084783 0.018500 0.021739
15 0.325250 0.094293 0.018500 0.017935
15 0.269625 0.065761 0.035250 0.056522
15 0.269625 0.111141 0.030750 0.030978
15 0.212250 0.957880 0.043500 0.076630
15 0.159875 0.958152 0.062750 0.083696
15 0.121125 0.963043 0.041250 0.072826
15 0.050000 0.968207 0.086500 0.063587
15 0.021000 0.926359 0.041500 0.098370
15 0.073125 0.875000 0.065250 0.097826
15 0.119125 0.889402 0.065750 0.082065
15 0.173250 0.869022 0.017000 0.043478
15 0.153375 0.830435 0.018250 0.055435
15 0.085250 0.722011 0.060500 0.126630
15 0.048875 0.680163 0.056750 0.107065
15 0.199625 0.687772 0.071750 0.076630
15 0.249375 0.699728 0.037250 0.092935
15 0.284750 0.766304 0.038500 0.029348
15 0.305500 0.723098 0.057000 0.089674
15 0.335250 0.681522 0.050500 0.089130
15 0.380750 0.733152 0.035000 0.052174
15 0.389750 0.642663 0.033500 0.112500
15 0.440125 0.675543 0.081250 0.141304
15 0.489125 0.602717 0.082250 0.069565
15 0.512375 0.648641 0.047250 0.091848
15 0.569250 0.640489 0.030000 0.054891
15 0.560875 0.590761 0.047250 0.120652
15 0.537375 0.684239 0.021250 0.034783
15 0.552625 0.473370 0.041750 0.081522
15 0.518250 0.489674 0.038000 0.056522
15 0.466375 0.495924 0.062750 0.098370
15 0.402250 0.541576 0.050000 0.123370
15 0.370750 0.486957 0.030000 0.086957
15 0.335750 0.517663 0.049000 0.113587
15 0.334625 0.607880 0.082250 0.058152
15 0.260750 0.609239 0.050000 0.107609
15 0.286500 0.517935 0.036500 0.095652
15 0.245125 0.528804 0.030250 0.058696
15 0.174750 0.587772 0.097500 0.087500
15 0.212500 0.508967 0.026500 0.061413
15 0.253875 0.438315 0.053250 0.083152
15 0.178000 0.449728 0.071500 0.094022
15 0.228375 0.420924 0.026750 0.059239
15 0.173000 0.519293 0.040000 0.053804
15 0.266875 0.352989 0.056250 0.090761
15 0.304250 0.366576 0.033500 0.079891
15 0.306875 0.426630 0.046750 0.071739
15 0.377875 0.392663 0.080250 0.082065
15 0.455000 0.423641 0.042500 0.054891
15 0.422875 0.451087 0.042250 0.053261
15 0.384250 0.319293 0.048500 0.059239
15 0.375250 0.276902 0.029000 0.038587
15 0.429375 0.366848 0.036750 0.057609
15 0.502250 0.401902 0.062000 0.080978
15 0.477125 0.357880 0.032750 0.048370
