15 0.962750 0.362228 0.074500 0.115761
15 0.897250 0.667120 0.077000 0.182065
15 0.846125 0.403533 0.079250 0.144022
15 0.776625 0.411685 0.084750 0.170109
15 0.761125 0.533424 0.079750 0.132065
15 0.782375 0.265761 0.071250 0.107609
15 0.664625 0.388859 0.075250 0.128804
15 0.879000 0.084239 0.039000 0.066304
15 0.875750 0.042935 0.041500 0.041304
15 0.832875 0.080978 0.047250 0.069565
15 0.821125 0.036957 0.043750 0.072826
15 0.765125 0.014674 0.029750 0.028261
15 0.735000 0.015761 0.023500 0.030435
15 0.715000 0.033967 0.044500 0.066848
15 0.694125 0.054348 0.029750 0.068478
15 0.664125 0.069837 0.042750 0.085326
15 0.612625 0.039674 0.046250 0.046739
15 0.647250 0.018478 0.022500 0.035870
15 0.609750 0.009239 0.038500 0.017391
15 0.606125 0.088315 0.067250 0.057065
15 0.550375 0.108696 0.044250 0.082609
15 0.564375 0.028804 0.039750 0.056522
15 0.520625 0.031250 0.035250 0.061413
15 0.488625 0.023370 0.029750 0.045652
15 0.505250 0.092935 0.053500 0.079348
15 0.451000 0.023641 0.041500 0.046196
15 0.448625 0.064674 0.032250 0.059783
15 0.469750 0.131522 0.042500 0.061957
15 0.424250 0.163587 0.072500 0.125000
15 0.407125 0.072283 0.046250 0.044565
15 0.405250 0.025815 0.046500 0.050543
15 0.362625 0.089130 0.046750 0.056522
15 0.371250 0.166848 0.032500 0.070652
15 0.254875 0.056793 0.038750 0.065761
15 0.301625 0.067935 0.043750 0.041304
15 0.319875 0.112228 0.068250 0.050543
15 0.311000 0.169837 0.071500 0.100543
15 0.209375 0.015217 0.030750 0.029348
15 0.168750 0.049728 0.059000 0.055978
15 0.182375 0.101359 0.054250 0.086413
15 0.165875 0.017120 0.060250 0.033152
15 0.121625 0.017391 0.021250 0.033696
15 0.065875 0.044022 0.065250 0.042391
15 0.069125 0.079348 0.050250 0.073913
15 0.050000 0.097826 0.068500 0.057609
15 0.063375 0.146739 0.073250 0.068478
15 0.134250 0.126359 0.064000 0.045109
15 0.133250 0.161685 0.056000 0.040761
15 0.138375 0.197826 0.065750 0.054348
15 0.013000 0.099457 0.025500 0.089130
15 0.017375 0.226359 0.034250 0.104891
15 0.057625 0.190761 0.073250 0.050000
15 0.115500 0.230163 0.052500 0.047283
15 0.200250 0.189946 0.052000 0.037500
15 0.249125 0.179891 0.047250 0.069565
15 0.211875 0.143750 0.069250 0.054891
15 0.218875 0.238315 0.058750 0.065761
15 0.163625 0.270924 0.061750 0.109239
15 0.107125 0.299185 0.052750 0.095109
15 0.120125 0.227446 0.057250 0.051630
15 0.058125 0.258152 0.060250 0.107609
15 0.017750 0.356250 0.035000 0.112500
15 0.060375 0.358696 0.061250 0.088043
15 0.103875 0.419022 0.050750 0.077174
15 0.162250 0.341576 0.079000 0.076630
15 0.177500 0.381522 0.087000 0.105435
15 0.231875 0.293207 0.069750 0.064674
15 0.251625 0.357337 0.060250 0.082065
15 0.298125 0.319565 0.052750 0.070652
15 0.297250 0.252989 0.053000 0.078804
15 0.357000 0.270652 0.072500 0.092391
15 0.349500 0.350543 0.068000 0.045652
15 0.298625 0.411141 0.078750 0.094022
15 0.363375 0.403804 0.054750 0.109783
15 0.058250 0.473370 0.085000 0.091304
15 0.008750 0.475272 0.017000 0.122283
15 0.064500 0.545109 0.062500 0.098913
15 0.015875 0.589946 0.031250 0.102717
15 0.019125 0.715489 0.037750 0.167935
15 0.087875 0.659239 0.099250 0.241304
15 0.171000 0.494565 0.090500 0.166304
15 0.240000 0.481793 0.056000 0.075543
15 0.276375 0.580978 0.079250 0.165217
15 0.205250 0.630435 0.106000 0.118478
15 0.210250 0.734511 0.125500 0.101630
15 0.321250 0.699185 0.075500 0.171196
15 0.349125 0.610598 0.102250 0.137500
15 0.336500 0.499457 0.069000 0.091304
15 0.254125 0.835326 0.108750 0.179348
15 0.057250 0.850272 0.114000 0.122283
15 0.127625 0.900543 0.131750 0.086957
15 0.029875 0.955978 0.059250 0.088043
15 0.105250 0.984783 0.090500 0.030435
15 0.211250 0.966033 0.114000 0.067935
15 0.367500 0.960054 0.103000 0.079891
15 0.347000 0.875272 0.114500 0.182065
15 0.397250 0.750815 0.066000 0.103804
15 0.467125 0.826902 0.112750 0.172283
15 0.466000 0.956522 0.099000 0.086957
15 0.531625 0.913587 0.067750 0.082609
15 0.565875 0.964402 0.100250 0.071196
15 0.632375 0.944837 0.066250 0.095109
15 0.596500 0.817120 0.121000 0.165761
15 0.691375 0.767663 0.125250 0.155978
15 0.614125 0.670652 0.066750 0.134783
15 0.543125 0.644565 0.068750 0.154348
15 0.455625 0.659239 0.069750 0.156522
15 0.512625 0.591304 0.041750 0.085870
15 0.571500 0.559511 0.060000 0.083152
15 0.649375 0.598913 0.060750 0.120652
15 0.727125 0.683424 0.092250 0.137500
15 0.628250 0.498098 0.073500 0.085326
15 0.550375 0.495652 0.068250 0.075000
15 0.460375 0.516304 0.081750 0.115217
15 0.404875 0.573913 0.089750 0.104348
15 0.430875 0.452989 0.075250 0.101630
15 0.481000 0.381250 0.062500 0.146196
15 0.545125 0.426087 0.055750 0.092391
15 0.604500 0.432609 0.081000 0.080435
15 0.585250 0.321196 0.077000 0.128261
15 0.550125 0.302717 0.028250 0.076087
15 0.495750 0.293478 0.071500 0.096739
15 0.411625 0.350815 0.055250 0.095109
15 0.432625 0.309239 0.041250 0.081522
15 0.415375 0.243750 0.056250 0.076630
15 0.498625 0.237500 0.080250 0.070652
15 0.588625 0.230707 0.073250 0.084239
15 0.639875 0.164402 0.054750 0.096196
15 0.701500 0.182880 0.060000 0.091848
15 0.803125 0.815489 0.073250 0.180978
15 0.740000 0.930707 0.136000 0.136413
15 0.765875 0.982065 0.083250 0.035870
15 0.856000 0.966304 0.092500 0.067391
15 0.921250 0.942663 0.047000 0.114674
