15 0.174639 0.280729 0.030529 0.065625
15 0.205769 0.234896 0.025962 0.081250
15 0.234736 0.226562 0.031971 0.052083
15 0.247115 0.273177 0.019712 0.059896
15 0.257091 0.328385 0.011298 0.047396
15 0.277885 0.540365 0.017788 0.070312
15 0.301563 0.622396 0.039663 0.047917
15 0.294952 0.674479 0.034615 0.068750
15 0.353486 0.539583 0.029087 0.062500
15 0.409375 0.261719 0.033173 0.076563
15 0.438702 0.611719 0.019712 0.056771
15 0.458293 0.567969 0.023317 0.067187
15 0.482212 0.527344 0.028846 0.050521
15 0.479447 0.574219 0.029087 0.043229
15 0.514062 0.528906 0.033413 0.056771
15 0.550481 0.490104 0.040865 0.055208
15 0.585457 0.442448 0.031971 0.070312
15 0.720793 0.303906 0.041106 0.044271
15 0.740264 0.348958 0.024760 0.064583
15 0.764663 0.345052 0.025481 0.047396
15 0.780649 0.401562 0.023317 0.078125
15 0.799880 0.454427 0.021394 0.053646
15 0.833293 0.594010 0.029087 0.052604
15 0.863702 0.795573 0.023558 0.053646
15 0.896154 0.791146 0.026923 0.052083
