15 0.035000 0.067120 0.049000 0.109239
15 0.077750 0.058967 0.045500 0.086413
15 0.124500 0.072283 0.040500 0.081522
15 0.165250 0.029891 0.056500 0.054348
15 0.213250 0.047011 0.041000 0.085326
15 0.201750 0.097554 0.050500 0.066848
15 0.172500 0.119022 0.021000 0.055435
15 0.149625 0.165761 0.041750 0.100000
15 0.107000 0.153533 0.036000 0.092935
15 0.068000 0.171739 0.046500 0.103261
15 0.107375 0.236413 0.037750 0.086957
15 0.160875 0.238859 0.067750 0.065761
15 0.144250 0.306793 0.032500 0.063587
15 0.179125 0.334239 0.047750 0.076087
15 0.080125 0.317391 0.078250 0.093478
15 0.036750 0.277174 0.043000 0.094565
15 0.021375 0.201359 0.042250 0.182065
15 0.026375 0.388043 0.036750 0.098913
15 0.066375 0.410326 0.058250 0.070652
15 0.025750 0.501630 0.051000 0.102174
15 0.091125 0.476359 0.052750 0.099457
15 0.068000 0.552446 0.080500 0.087500
15 0.025875 0.604348 0.051250 0.067391
15 0.145250 0.408967 0.058000 0.134239
15 0.198125 0.429348 0.052750 0.088043
15 0.136750 0.513043 0.030500 0.083696
15 0.171375 0.550272 0.061750 0.151630
15 0.126625 0.610870 0.054250 0.067391
15 0.024625 0.692663 0.048250 0.116848
15 0.021375 0.822826 0.042250 0.142391
15 0.073875 0.795380 0.060750 0.240761
15 0.035125 0.940489 0.069750 0.090761
15 0.065250 0.973913 0.045500 0.052174
15 0.135750 0.959783 0.092000 0.080435
15 0.201250 0.948370 0.045000 0.103261
15 0.173000 0.911685 0.026500 0.046196
15 0.144625 0.833967 0.098750 0.158152
15 0.204500 0.803261 0.054500 0.161957
15 0.243750 0.848098 0.039000 0.146196
15 0.295250 0.888859 0.048000 0.121196
15 0.252500 0.969022 0.046500 0.061957
15 0.292125 0.982065 0.041750 0.035870
15 0.271125 0.734511 0.058750 0.190761
15 0.241625 0.676630 0.038750 0.107609
15 0.205625 0.645924 0.074250 0.134239
15 0.135125 0.707337 0.067750 0.126630
15 0.247000 0.554891 0.031000 0.085870
15 0.281250 0.592120 0.046500 0.071196
15 0.213875 0.524728 0.032250 0.097283
15 0.257375 0.453804 0.053250 0.102174
15 0.249750 0.392391 0.046500 0.053261
15 0.291375 0.485870 0.060250 0.117391
15 0.346625 0.592663 0.050750 0.130978
15 0.306375 0.731250 0.025750 0.138587
15 0.348125 0.743750 0.060750 0.079891
15 0.414000 0.746196 0.062000 0.125000
15 0.407125 0.614674 0.053750 0.122826
15 0.362125 0.676902 0.035750 0.072283
15 0.358750 0.880163 0.084000 0.180978
15 0.421625 0.891033 0.046250 0.136413
15 0.408000 0.981250 0.028000 0.035326
15 0.482875 0.945924 0.086750 0.108152
15 0.478375 0.836957 0.084250 0.110870
15 0.479750 0.763859 0.055000 0.035326
15 0.488375 0.698370 0.055750 0.083696
15 0.474250 0.615489 0.058500 0.096196
15 0.446750 0.555978 0.043500 0.077174
15 0.411750 0.487500 0.066000 0.138043
15 0.370375 0.478804 0.039750 0.061957
15 0.334000 0.510598 0.029500 0.046196
15 0.326500 0.432065 0.044500 0.081522
15 0.358875 0.386685 0.033750 0.079891
15 0.393375 0.360054 0.027750 0.055978
15 0.413750 0.402446 0.048500 0.049457
15 0.447750 0.370109 0.054500 0.072826
15 0.470125 0.441576 0.043250 0.070109
15 0.490875 0.511413 0.042250 0.108696
15 0.526500 0.637772 0.042500 0.124457
15 0.290875 0.328533 0.053250 0.133152
15 0.239875 0.309239 0.058750 0.081522
15 0.236625 0.240761 0.069250 0.081522
15 0.245750 0.185598 0.061000 0.053804
15 0.197375 0.180978 0.041750 0.057609
15 0.256000 0.107609 0.056000 0.075000
15 0.295625 0.176902 0.029750 0.078804
15 0.321250 0.287500 0.064500 0.095652
15 0.338250 0.218207 0.054500 0.064674
15 0.369125 0.293207 0.033750 0.075543
15 0.406125 0.273913 0.047750 0.097826
15 0.444250 0.291304 0.020500 0.071739
15 0.476000 0.320924 0.034500 0.089674
15 0.431250 0.192120 0.043500 0.086413
15 0.387000 0.208696 0.036000 0.075000
15 0.374500 0.133967 0.030000 0.066848
15 0.375000 0.083696 0.035500 0.052174
15 0.335375 0.135870 0.051250 0.103261
15 0.302750 0.106250 0.037500 0.067935
15 0.299375 0.047283 0.041250 0.063043
15 0.349250 0.051359 0.043000 0.058152
15 0.256000 0.043750 0.048500 0.080978
15 0.378875 0.025272 0.030250 0.049457
15 0.414875 0.121196 0.041250 0.067391
15 0.453750 0.126087 0.040000 0.092391
15 0.490625 0.198098 0.049250 0.045109
15 0.501250 0.252989 0.042000 0.107065
15 0.515500 0.326087 0.029500 0.054348
15 0.518250 0.387772 0.053000 0.072283
15 0.497750 0.145924 0.040000 0.052717
15 0.535500 0.153533 0.029000 0.104891
15 0.514625 0.100272 0.035250 0.046196
15 0.495250 0.057065 0.037500 0.075000
15 0.455250 0.032880 0.064500 0.049457
15 0.414250 0.054620 0.032000 0.055978
15 0.552250 0.057337 0.048500 0.076630
15 0.515750 0.027446 0.025500 0.053804
15 0.558375 0.135054 0.025750 0.069022
15 0.599625 0.095924 0.040250 0.050543
15 0.595500 0.161141 0.047000 0.092935
15 0.554875 0.257065 0.043250 0.089130
15 0.610500 0.243750 0.036000 0.087500
15 0.636750 0.173370 0.041000 0.072826
15 0.644750 0.103261 0.037000 0.078261
15 0.632875 0.041848 0.039750 0.054348
15 0.670250 0.037500 0.046500 0.059783
15 0.683375 0.186141 0.037750 0.064674
15 0.665750 0.290217 0.062500 0.119565
15 0.618500 0.337772 0.047000 0.078804
15 0.575000 0.327174 0.038000 0.065217
15 0.579500 0.402446 0.054000 0.091848
15 0.550250 0.375000 0.017000 0.048913
15 0.542250 0.466848 0.048000 0.102174
15 0.540500 0.557337 0.050000 0.138587
15 0.598500 0.538315 0.055500 0.089674
15 0.628375 0.466304 0.041750 0.078261
15 0.608500 0.633152 0.072500 0.089130
15 0.662625 0.539130 0.057250 0.122826
15 0.674000 0.445924 0.043500 0.092935
15 0.708750 0.435598 0.041000 0.075543
15 0.660500 0.382880 0.053000 0.080978
15 0.727250 0.372011 0.054500 0.102717
15 0.723875 0.510598 0.040250 0.077717
15 0.710000 0.574728 0.052500 0.123370
15 0.744500 0.613859 0.027500 0.098370
15 0.658500 0.661685 0.043500 0.098370
15 0.706125 0.692120 0.038750 0.091848
15 0.670750 0.777174 0.073500 0.139130
15 0.743375 0.789130 0.065750 0.094565
15 0.764500 0.723641 0.058000 0.120109
15 0.794125 0.686413 0.063250 0.106522
15 0.539875 0.773098 0.053750 0.120109
15 0.537750 0.915217 0.043500 0.132609
15 0.579125 0.873098 0.050750 0.117935
15 0.621875 0.897826 0.035250 0.177174
15 0.675125 0.923913 0.052750 0.146739
15 0.695250 0.985054 0.036000 0.029891
15 0.756625 0.970924 0.089750 0.058152
15 0.738250 0.879076 0.069000 0.109239
15 0.796000 0.886957 0.040500 0.143478
15 0.856375 0.919837 0.077250 0.160326
15 0.918625 0.911957 0.079250 0.110870
15 0.920125 0.816848 0.065750 0.076087
15 0.837875 0.801359 0.063250 0.112500
15 0.865625 0.690217 0.067750 0.107609
15 0.817750 0.595109 0.074500 0.118478
15 0.770750 0.535054 0.047500 0.136413
15 0.809750 0.458967 0.045000 0.141848
15 0.859000 0.539130 0.028000 0.070652
15 0.901750 0.565761 0.084000 0.108696
15 0.926750 0.634783 0.043500 0.103261
15 0.944125 0.744837 0.051750 0.123370
15 0.983000 0.979076 0.028000 0.041848
15 0.982625 0.870109 0.034750 0.158696
15 0.990500 0.771467 0.019000 0.091848
15 0.976000 0.663043 0.048000 0.108696
15 0.978625 0.586141 0.042750 0.059239
15 0.965000 0.509511 0.070000 0.076630
15 0.962500 0.437500 0.048500 0.036957
15 0.901250 0.466304 0.047500 0.067391
15 0.851250 0.423641 0.048500 0.115761
15 0.899875 0.410870 0.042250 0.047826
15 0.902375 0.371196 0.064750 0.101087
15 0.969250 0.370924 0.050500 0.085326
15 0.940000 0.307880 0.048500 0.096196
15 0.886500 0.294565 0.040500 0.043478
15 0.906875 0.229076 0.040250 0.094022
15 0.941250 0.218478 0.045000 0.093478
15 0.975500 0.191848 0.047000 0.077174
15 0.984500 0.263859 0.031000 0.073370
15 0.970375 0.127174 0.037750 0.054348
15 0.768375 0.375815 0.032750 0.135326
15 0.804000 0.357065 0.029500 0.066304
15 0.785250 0.278533 0.054000 0.071196
15 0.829875 0.277989 0.047250 0.125543
15 0.848625 0.240217 0.039250 0.056522
15 0.724000 0.287228 0.052000 0.064674
15 0.715625 0.211141 0.032250 0.087500
15 0.759125 0.182065 0.042750 0.100000
15 0.750500 0.247283 0.027500 0.053261
15 0.793875 0.217391 0.028750 0.064130
15 0.831875 0.170652 0.065750 0.066304
15 0.877500 0.197011 0.028500 0.076630
15 0.875250 0.122011 0.050500 0.077717
15 0.902750 0.094293 0.051500 0.075543
15 0.937250 0.076902 0.034500 0.078804
15 0.968875 0.052174 0.037750 0.075000
15 0.940125 0.018750 0.038250 0.033152
15 0.897000 0.038859 0.049000 0.048370
15 0.852125 0.046739 0.038750 0.053261
15 0.829125 0.089674 0.035750 0.061957
15 0.770125 0.051087 0.040250 0.064130
15 0.808125 0.058152 0.031750 0.071739
15 0.784875 0.015489 0.042250 0.020109
15 0.720500 0.026087 0.050000 0.047826
15 0.726125 0.068478 0.035750 0.054348
15 0.688250 0.104891 0.059000 0.092391
15 0.740750 0.110326 0.030500 0.036957
15 0.788750 0.115761 0.054000 0.067391
