15 0.974399 0.210156 0.051202 0.070312
15 0.981250 0.348698 0.037500 0.098437
15 0.975601 0.520573 0.040144 0.067187
15 0.942308 0.547396 0.026923 0.039583
15 0.951202 0.589063 0.034615 0.066667
15 0.982332 0.604167 0.035337 0.109375
15 0.987380 0.684635 0.025240 0.058854
15 0.982933 0.823958 0.034135 0.104167
15 0.945913 0.852604 0.062500 0.069792
15 0.899038 0.872135 0.057692 0.040104
15 0.878486 0.835417 0.050721 0.053125
15 0.857812 0.771875 0.041587 0.104167
15 0.884615 0.708333 0.044712 0.066667
15 0.916466 0.645052 0.034856 0.128646
15 0.888101 0.632292 0.023798 0.072917
15 0.855889 0.641406 0.036298 0.036979
15 0.797837 0.683333 0.058173 0.072917
15 0.810096 0.737240 0.040865 0.046354
15 0.779087 0.776042 0.034615 0.077083
15 0.824038 0.819792 0.037981 0.082292
15 0.786899 0.862240 0.041587 0.082812
15 0.756851 0.823958 0.041587 0.048958
15 0.730769 0.796354 0.046154 0.064583
15 0.723077 0.869531 0.033654 0.068229
15 0.684856 0.867448 0.052404 0.070312
15 0.684736 0.780208 0.054567 0.115625
15 0.645793 0.765104 0.034375 0.100000
15 0.641226 0.818750 0.046394 0.054167
15 0.594832 0.760938 0.049760 0.065625
15 0.574760 0.832292 0.038462 0.092708
15 0.511058 0.854167 0.033654 0.120833
15 0.477885 0.816667 0.039904 0.061458
15 0.455409 0.716927 0.051683 0.068229
15 0.406370 0.690885 0.035817 0.110937
15 0.450000 0.598437 0.032692 0.100000
15 0.500240 0.535937 0.049519 0.108333
15 0.639423 0.592187 0.037500 0.133333
15 0.681611 0.540104 0.025721 0.105208
15 0.711659 0.638802 0.036298 0.078646
15 0.700841 0.704167 0.067548 0.065625
15 0.739303 0.735417 0.057452 0.052083
15 0.744231 0.658594 0.028846 0.080729
15 0.767308 0.592448 0.048558 0.110937
15 0.776683 0.649219 0.032212 0.050521
15 0.661418 0.192188 0.059856 0.073958
15 0.673077 0.327865 0.042788 0.130729
15 0.648558 0.113542 0.028846 0.085417
15 0.618149 0.327083 0.031971 0.086458
15 0.587260 0.455208 0.042308 0.084375
15 0.542428 0.358854 0.046394 0.069792
15 0.566226 0.304427 0.043990 0.090104
15 0.541947 0.276042 0.035817 0.082292
15 0.542668 0.200781 0.036298 0.079687
15 0.554928 0.125000 0.036298 0.083333
15 0.522957 0.117188 0.047837 0.083333
15 0.498798 0.224479 0.048077 0.120833
15 0.476202 0.330990 0.043269 0.061979
15 0.489183 0.408073 0.040865 0.079687
15 0.462260 0.465365 0.033654 0.080729
15 0.428125 0.513281 0.043269 0.066146
15 0.418269 0.436458 0.040865 0.076042
15 0.442909 0.382552 0.055529 0.100521
15 0.449279 0.276823 0.040385 0.090104
15 0.453846 0.196094 0.042308 0.068229
15 0.448558 0.126302 0.058173 0.088021
15 0.406731 0.246615 0.043269 0.069271
15 0.398798 0.177083 0.044231 0.081250
15 0.375240 0.293229 0.044231 0.095833
15 0.380889 0.380208 0.045913 0.061458
15 0.315625 0.362240 0.037500 0.080729
15 0.393990 0.605208 0.024038 0.081250
15 0.373798 0.681250 0.024038 0.105208
15 0.335216 0.644792 0.053125 0.081250
15 0.343389 0.571094 0.044952 0.096354
15 0.283654 0.646875 0.028846 0.104167
15 0.261178 0.739583 0.035337 0.098958
15 0.298558 0.776563 0.057692 0.104167
15 0.338702 0.810156 0.026923 0.092188
15 0.371514 0.842448 0.043510 0.101562
15 0.324880 0.902604 0.045913 0.094792
15 0.284375 0.875000 0.044231 0.096875
15 0.255288 0.832812 0.039423 0.093750
15 0.231731 0.810156 0.038462 0.078646
15 0.220072 0.739583 0.036298 0.113542
15 0.190986 0.783594 0.040144 0.099479
15 0.190745 0.858333 0.052163 0.061458
15 0.243269 0.907813 0.039904 0.075000
15 0.202644 0.920052 0.034615 0.065104
15 0.162981 0.921875 0.042788 0.065625
15 0.129327 0.891667 0.028846 0.091667
15 0.130048 0.743490 0.037981 0.096354
15 0.037500 0.936198 0.062019 0.057813
15 0.055288 0.879687 0.043269 0.096875
15 0.020072 0.855990 0.031490 0.117188
15 0.017428 0.779687 0.034375 0.072917
15 0.010817 0.716927 0.021154 0.084896
15 0.033173 0.688542 0.034135 0.064583
15 0.062260 0.671354 0.032692 0.111458
15 0.031731 0.618229 0.033654 0.073958
15 0.059255 0.590104 0.034375 0.073958
15 0.098558 0.622135 0.040865 0.094271
15 0.168269 0.546875 0.049038 0.084375
15 0.109255 0.523698 0.042067 0.086979
15 0.082812 0.480990 0.039663 0.105729
15 0.170553 0.450781 0.050721 0.081771
15 0.115986 0.357031 0.051202 0.066146
15 0.139183 0.295833 0.048558 0.070833
15 0.101683 0.263281 0.033654 0.123438
15 0.073918 0.280729 0.027163 0.110417
15 0.198678 0.158594 0.061779 0.092188
15 0.252163 0.174219 0.049038 0.081771
15 0.308774 0.164844 0.047837 0.077604
15 0.292308 0.252865 0.052404 0.093229
15 0.270793 0.279427 0.042548 0.084896
