15 0.945072 0.950260 0.047837 0.096354
15 0.976202 0.915885 0.037981 0.075521
15 0.971394 0.821094 0.051442 0.071354
15 0.976082 0.734896 0.032933 0.104167
15 0.928606 0.750000 0.050481 0.097917
15 0.943029 0.650260 0.093269 0.092188
15 0.977043 0.562760 0.043510 0.106771
15 0.932692 0.471354 0.053846 0.159375
15 0.905769 0.599740 0.062500 0.090104
15 0.872115 0.516406 0.060577 0.089063
15 0.845072 0.605208 0.044952 0.096875
15 0.873918 0.711458 0.055529 0.110417
15 0.880529 0.773438 0.043750 0.041667
15 0.875240 0.856510 0.075000 0.138021
15 0.890024 0.950260 0.055048 0.073438
15 0.931010 0.854948 0.040865 0.091146
15 0.827163 0.968750 0.063942 0.062500
15 0.817187 0.904167 0.045433 0.106250
15 0.834856 0.798958 0.036538 0.091667
15 0.806971 0.792969 0.036058 0.092188
15 0.776803 0.862760 0.036779 0.151562
15 0.758534 0.909896 0.023798 0.060417
15 0.752404 0.971094 0.074519 0.055729
15 0.709736 0.907031 0.054087 0.097396
15 0.725601 0.829688 0.058413 0.096875
15 0.713822 0.734375 0.054087 0.090625
15 0.767428 0.727604 0.047356 0.101042
15 0.814423 0.695052 0.060577 0.106771
15 0.801683 0.580729 0.048077 0.132292
15 0.744952 0.637500 0.048558 0.076042
15 0.705048 0.583333 0.040865 0.113542
15 0.759736 0.536458 0.058894 0.122917
15 0.803125 0.464844 0.050000 0.094271
15 0.841226 0.423177 0.069952 0.115104
15 0.882572 0.316667 0.044952 0.142708
15 0.817548 0.299219 0.084615 0.142187
15 0.859255 0.204427 0.069952 0.094271
15 0.903846 0.139583 0.053365 0.142708
15 0.951683 0.121875 0.040385 0.166667
15 0.979928 0.097656 0.024760 0.111979
15 0.988822 0.451562 0.018029 0.106250
15 0.982933 0.344792 0.034135 0.108333
15 0.936538 0.349479 0.062500 0.086458
15 0.956010 0.250000 0.052404 0.115625
15 0.986659 0.217188 0.026683 0.118750
15 0.985216 0.016406 0.029567 0.031771
15 0.925481 0.034635 0.066827 0.060937
15 0.870913 0.023177 0.042308 0.045312
15 0.846034 0.082292 0.061779 0.162500
15 0.794351 0.086979 0.051683 0.135417
15 0.790745 0.182292 0.065144 0.063542
15 0.746154 0.246875 0.051442 0.075000
15 0.764543 0.359115 0.075721 0.123438
15 0.714303 0.485938 0.056490 0.088542
15 0.702043 0.394271 0.055048 0.092708
15 0.700000 0.303385 0.043269 0.068229
15 0.693870 0.221094 0.087260 0.110937
15 0.647236 0.330729 0.048798 0.114583
15 0.671274 0.498437 0.043029 0.118750
15 0.672476 0.685677 0.047837 0.144271
15 0.653245 0.824479 0.075721 0.094792
15 0.630168 0.935156 0.059375 0.091146
15 0.673558 0.962760 0.046154 0.074479
15 0.587981 0.971875 0.045192 0.050000
15 0.564183 0.911979 0.059615 0.097917
15 0.528365 0.951823 0.038462 0.072396
15 0.489183 0.946094 0.030288 0.105729
15 0.516587 0.851562 0.046635 0.121875
15 0.567909 0.795573 0.055048 0.138021
15 0.604567 0.815625 0.037019 0.054167
15 0.624760 0.741667 0.046154 0.108333
15 0.607091 0.628385 0.041106 0.168229
15 0.568990 0.675521 0.044712 0.115625
15 0.546034 0.749479 0.031490 0.069792
15 0.519591 0.713281 0.053125 0.150521
15 0.634255 0.585156 0.042067 0.167187
15 0.626082 0.428385 0.061298 0.140104
15 0.595913 0.468229 0.026923 0.114583
15 0.571755 0.518229 0.044952 0.114583
15 0.564183 0.590625 0.030769 0.056250
15 0.525721 0.599219 0.038942 0.075521
15 0.522837 0.495573 0.056250 0.133854
15 0.558413 0.407813 0.037019 0.091667
15 0.581370 0.345052 0.043510 0.085938
15 0.611538 0.260417 0.068269 0.077083
15 0.639784 0.155990 0.035337 0.116146
15 0.683774 0.084115 0.050240 0.121354
15 0.693389 0.147656 0.037740 0.050521
15 0.741346 0.116927 0.052885 0.129688
15 0.735216 0.020313 0.053606 0.039583
15 0.682933 0.015104 0.048558 0.029167
15 0.614423 0.088021 0.044712 0.101042
15 0.591947 0.179167 0.038702 0.081250
15 0.547115 0.134635 0.050000 0.090104
15 0.512260 0.177865 0.043750 0.073438
15 0.545312 0.247917 0.044952 0.127083
15 0.504087 0.286198 0.042788 0.084896
15 0.489543 0.065625 0.042548 0.130208
15 0.450721 0.958333 0.051923 0.083333
15 0.419712 0.928906 0.040865 0.082812
15 0.460697 0.896354 0.036779 0.041667
15 0.443750 0.817969 0.059135 0.127604
15 0.480529 0.795052 0.028846 0.119271
15 0.486418 0.662760 0.034856 0.150521
15 0.452163 0.689063 0.059615 0.108333
15 0.473077 0.542448 0.037019 0.114062
15 0.429087 0.590625 0.043269 0.173958
15 0.393510 0.726042 0.052885 0.119792
15 0.377885 0.598177 0.046635 0.117188
15 0.428606 0.486719 0.050962 0.055729
15 0.382332 0.841406 0.066106 0.111979
15 0.377524 0.939844 0.044952 0.071354
15 0.343389 0.965885 0.086298 0.065104
15 0.311298 0.873958 0.044231 0.136458
15 0.273077 0.904687 0.035096 0.125000
15 0.274159 0.987240 0.051683 0.025521
15 0.234736 0.894531 0.034375 0.122396
15 0.260457 0.794792 0.038221 0.101042
15 0.265385 0.663542 0.059135 0.144792
15 0.293870 0.619010 0.035337 0.121354
15 0.325721 0.602344 0.052885 0.132812
15 0.336298 0.687240 0.040385 0.036979
15 0.341226 0.757292 0.048317 0.089583
15 0.300841 0.769531 0.040144 0.110937
15 0.302404 0.474479 0.052404 0.125000
15 0.282813 0.529687 0.017548 0.045833
15 0.358173 0.478385 0.060577 0.155729
15 0.389784 0.497135 0.022356 0.098437
15 0.405889 0.380990 0.045913 0.103646
15 0.447837 0.313021 0.073077 0.075000
15 0.461418 0.417448 0.061298 0.127604
15 0.455288 0.210938 0.086538 0.105208
15 0.383293 0.232552 0.056490 0.126562
15 0.356611 0.316146 0.063221 0.100000
15 0.315865 0.385937 0.038942 0.108333
15 0.357933 0.392448 0.044231 0.067187
15 0.253846 0.433073 0.063942 0.121354
15 0.298558 0.332031 0.052404 0.084896
15 0.340264 0.228906 0.023317 0.096354
15 0.289423 0.245573 0.085096 0.133854
15 0.238942 0.293490 0.050962 0.116146
15 0.420673 0.092448 0.062981 0.105729
15 0.441947 0.019010 0.052644 0.036979
15 0.366466 0.125521 0.056010 0.077083
15 0.377404 0.046094 0.073558 0.091146
15 0.327284 0.020833 0.035817 0.040625
15 0.316106 0.095052 0.055769 0.118229
15 0.258654 0.110417 0.060096 0.162500
15 0.274038 0.017188 0.063462 0.033333
15 0.215625 0.974740 0.065385 0.050521
15 0.177284 0.887760 0.039183 0.192188
15 0.139543 0.983594 0.073317 0.032813
15 0.128606 0.907813 0.066346 0.118750
15 0.109255 0.775260 0.060817 0.146354
15 0.175481 0.716406 0.064423 0.128646
15 0.179327 0.598698 0.045192 0.090104
15 0.222716 0.538542 0.063702 0.105208
15 0.165745 0.488542 0.071875 0.119792
15 0.131250 0.569792 0.045192 0.069792
15 0.114663 0.664062 0.056731 0.110417
15 0.078486 0.608073 0.053125 0.154688
15 0.040745 0.735938 0.074279 0.120833
15 0.050601 0.845052 0.083894 0.093229
15 0.056250 0.946615 0.075962 0.106771
15 0.069712 0.475000 0.055288 0.119792
15 0.126322 0.458073 0.054567 0.146354
15 0.170192 0.336198 0.050000 0.102604
15 0.118029 0.344271 0.056731 0.170833
15 0.063702 0.360417 0.050962 0.134375
15 0.181971 0.249479 0.052885 0.072917
15 0.142548 0.198958 0.061538 0.111458
15 0.091346 0.224740 0.042788 0.158854
15 0.021635 0.371354 0.037500 0.150000
15 0.066947 0.117188 0.043029 0.125000
15 0.132332 0.088281 0.085817 0.107813
15 0.208053 0.156510 0.073798 0.133854
15 0.203005 0.038021 0.063702 0.075000
15 0.130769 0.020313 0.076442 0.039583
15 0.039904 0.040625 0.064904 0.080208
15 0.022236 0.112500 0.043990 0.092708
15 0.034375 0.233854 0.068269 0.143750
15 0.004928 0.308854 0.009375 0.062500
15 0.021154 0.511458 0.041827 0.114583
15 0.020913 0.602865 0.041346 0.080729
15 0.011659 0.697135 0.022837 0.089063
15 0.005769 0.823177 0.011058 0.057813
15 0.015385 0.923698 0.030288 0.106771
