15 0.120313 0.017909 0.108333 0.035337
15 0.052344 0.043149 0.082812 0.056490
15 0.085156 0.083894 0.091146 0.025962
15 0.132031 0.051562 0.093229 0.037740
15 0.200521 0.021034 0.062500 0.031010
15 0.219531 0.056611 0.081771 0.039183
15 0.177604 0.081851 0.091667 0.034856
15 0.223438 0.007332 0.055208 0.013221
15 0.281250 0.042428 0.090625 0.056010
15 0.308333 0.012260 0.085417 0.024038
15 0.359375 0.039183 0.067708 0.048558
15 0.414062 0.015986 0.115625 0.030529
15 0.467187 0.049760 0.107292 0.046154
15 0.525260 0.010817 0.082812 0.020192
15 0.402865 0.071394 0.068229 0.052885
15 0.471094 0.088101 0.086979 0.034375
15 0.553906 0.053365 0.061979 0.072115
15 0.632552 0.029928 0.089063 0.048798
15 0.615625 0.008293 0.061458 0.014183
15 0.730990 0.016226 0.071354 0.030048
15 0.730469 0.052284 0.117188 0.061779
15 0.629427 0.066466 0.078646 0.034375
15 0.585417 0.110096 0.050000 0.055769
15 0.645312 0.122837 0.063542 0.047115
15 0.682031 0.099639 0.098437 0.039663
15 0.802604 0.074760 0.059375 0.024519
15 0.826042 0.102764 0.122917 0.035337
15 0.870833 0.129928 0.112500 0.035817
15 0.498437 0.123077 0.104167 0.049519
15 0.433333 0.146995 0.096875 0.042067
15 0.342969 0.097356 0.075521 0.055769
15 0.276562 0.114543 0.089583 0.050240
15 0.185938 0.118750 0.102083 0.039904
15 0.097917 0.114784 0.073958 0.035817
15 0.043490 0.120793 0.080729 0.037740
15 0.040104 0.145673 0.079167 0.046635
15 0.076302 0.168149 0.075521 0.036298
15 0.137240 0.148438 0.068229 0.035337
15 0.116667 0.196274 0.094792 0.029087
15 0.178906 0.165986 0.082812 0.035337
15 0.262240 0.155288 0.081771 0.048077
15 0.339844 0.158894 0.073438 0.069231
15 0.278646 0.198918 0.085417 0.037260
15 0.202604 0.199159 0.096875 0.032933
15 0.143490 0.228846 0.089063 0.043269
15 0.223698 0.217067 0.075521 0.018750
15 0.221875 0.252885 0.101042 0.057692
15 0.302865 0.227885 0.078646 0.030288
15 0.361719 0.210938 0.084896 0.041587
15 0.424219 0.189062 0.078646 0.064663
15 0.485938 0.193029 0.065625 0.038462
15 0.533073 0.160457 0.118229 0.042548
15 0.596354 0.181851 0.108333 0.058894
15 0.710677 0.184736 0.096354 0.043990
15 0.797917 0.212139 0.111458 0.037260
15 0.722396 0.235216 0.090625 0.051202
15 0.526302 0.244351 0.080729 0.055529
15 0.446094 0.253846 0.083854 0.055769
15 0.323437 0.254567 0.097917 0.046635
15 0.369010 0.261779 0.076563 0.052885
15 0.277604 0.297716 0.083333 0.038702
15 0.385417 0.301803 0.126042 0.034856
15 0.305208 0.326923 0.053125 0.052885
15 0.392969 0.343269 0.139063 0.049038
15 0.532292 0.330649 0.103125 0.028125
15 0.576823 0.304447 0.122396 0.041106
15 0.598698 0.272837 0.119271 0.028846
15 0.682552 0.323798 0.095312 0.056250
15 0.921094 0.312740 0.083854 0.052885
15 0.623958 0.350841 0.091667 0.037740
15 0.521615 0.360096 0.141146 0.035577
15 0.467969 0.377764 0.123438 0.034856
15 0.593229 0.385577 0.106250 0.028846
15 0.540104 0.413822 0.116667 0.034375
15 0.418750 0.406010 0.104167 0.048077
15 0.478125 0.438341 0.109375 0.044952
15 0.563281 0.462861 0.076563 0.039183
15 0.509375 0.477524 0.091667 0.038221
15 0.628646 0.433413 0.098958 0.046154
15 0.694792 0.399159 0.101042 0.057933
15 0.914323 0.393269 0.089063 0.067788
15 0.808594 0.488942 0.120313 0.047115
15 0.851042 0.533293 0.107292 0.044471
15 0.731771 0.546514 0.096875 0.053606
15 0.619271 0.488582 0.068750 0.053606
15 0.556510 0.515986 0.120313 0.035817
15 0.597917 0.556250 0.103125 0.046635
15 0.654687 0.612260 0.106250 0.050481
15 0.760677 0.644591 0.130729 0.035817
15 0.878125 0.644111 0.097917 0.057452
15 0.752083 0.687500 0.158333 0.044231
15 0.178385 0.372356 0.130729 0.042788
15 0.239844 0.414183 0.096354 0.048077
15 0.303385 0.416587 0.073438 0.045673
15 0.254167 0.460216 0.110417 0.053606
15 0.060156 0.491106 0.100521 0.065385
15 0.139323 0.516106 0.102604 0.029808
15 0.060417 0.546514 0.101042 0.039663
15 0.396615 0.561779 0.082812 0.050481
15 0.860677 0.697356 0.092188 0.044231
15 0.936719 0.709375 0.072396 0.045673
15 0.876042 0.740986 0.100000 0.039183
15 0.769792 0.731010 0.106250 0.050481
15 0.814323 0.762380 0.084896 0.032933
15 0.901563 0.782813 0.087500 0.037260
15 0.945052 0.752644 0.057813 0.048558
15 0.925521 0.803125 0.094792 0.039904
15 0.864583 0.846034 0.101042 0.058894
15 0.767188 0.809736 0.101042 0.059856
15 0.717187 0.821995 0.092708 0.055048
15 0.545312 0.736659 0.097917 0.030529
15 0.425260 0.725841 0.080729 0.039183
15 0.277604 0.742067 0.104167 0.048077
15 0.076563 0.752043 0.100000 0.066106
15 0.257812 0.786659 0.147917 0.043990
15 0.349479 0.802404 0.103125 0.065865
15 0.460938 0.780529 0.135417 0.051442
15 0.379688 0.840865 0.116667 0.046635
15 0.490625 0.831971 0.105208 0.048558
15 0.559115 0.815865 0.078646 0.052404
15 0.556510 0.935577 0.120313 0.039904
15 0.460417 0.955409 0.118750 0.043029
15 0.528906 0.985577 0.083854 0.028846
15 0.624219 0.988702 0.076563 0.022596
15 0.862240 0.900481 0.131771 0.052885
15 0.811719 0.967548 0.092188 0.048558
15 0.951302 0.965505 0.076563 0.054567
