15 0.070192 0.444792 0.039904 0.089583
15 0.156490 0.260677 0.026923 0.091146
15 0.171514 0.376823 0.009856 0.063021
15 0.187620 0.804688 0.046394 0.052083
15 0.239303 0.786198 0.045913 0.065104
15 0.256971 0.688021 0.048558 0.077083
15 0.282212 0.757812 0.028846 0.095833
15 0.260337 0.820052 0.026923 0.054688
15 0.295192 0.817708 0.039904 0.070833
15 0.317788 0.742448 0.032212 0.081771
15 0.331370 0.779167 0.036779 0.048958
15 0.410817 0.657292 0.035096 0.097917
15 0.444712 0.300781 0.050481 0.055729
15 0.538702 0.456250 0.023077 0.069792
15 0.605889 0.354427 0.027163 0.065104
15 0.608654 0.474479 0.036058 0.087500
15 0.628846 0.412240 0.030769 0.085938
15 0.647957 0.351302 0.027163 0.054688
15 0.681250 0.366667 0.044712 0.078125
15 0.679447 0.435937 0.037740 0.060417
15 0.719591 0.361198 0.033894 0.055729
15 0.748197 0.375000 0.024760 0.066667
15 0.753606 0.473177 0.031250 0.092188
15 0.767548 0.428125 0.023077 0.068750
15 0.784255 0.469792 0.020433 0.061458
