15 0.970793 0.549740 0.053125 0.124479
15 0.969471 0.660417 0.051442 0.114583
15 0.965144 0.727604 0.034615 0.122917
15 0.947716 0.410156 0.051202 0.140104
15 0.915505 0.464323 0.039663 0.093229
15 0.890264 0.367969 0.046875 0.114062
15 0.873437 0.483073 0.045913 0.118229
15 0.859856 0.569531 0.046635 0.077604
15 0.868750 0.665104 0.053846 0.105208
15 0.918750 0.703646 0.056731 0.085417
15 0.893510 0.747917 0.046154 0.080208
15 0.935937 0.802865 0.052163 0.075521
15 0.902764 0.834896 0.025721 0.063542
15 0.866466 0.811458 0.048798 0.092708
15 0.849038 0.742448 0.033173 0.072396
15 0.797356 0.692969 0.071154 0.084896
15 0.807813 0.774479 0.050240 0.081250
15 0.816466 0.851562 0.043990 0.072917
15 0.765024 0.808333 0.036298 0.077083
15 0.775000 0.896875 0.042788 0.114583
15 0.863221 0.887500 0.062019 0.050000
15 0.911779 0.913802 0.045192 0.082812
15 0.871635 0.957292 0.037981 0.060417
15 0.826562 0.964063 0.076202 0.070833
15 0.938702 0.957031 0.036538 0.042188
15 0.911779 0.984635 0.043750 0.030729
15 0.937380 0.892448 0.029087 0.077604
15 0.972476 0.907552 0.042067 0.168229
15 0.764062 0.969271 0.039663 0.061458
15 0.712260 0.963021 0.047596 0.071875
15 0.669952 0.932031 0.046154 0.135937
15 0.703846 0.900000 0.024038 0.066667
15 0.721875 0.843229 0.047596 0.084375
15 0.675962 0.827604 0.033173 0.090625
15 0.734976 0.913802 0.035337 0.052604
15 0.712500 0.699219 0.042308 0.133854
15 0.742428 0.761458 0.045433 0.060417
15 0.746394 0.680990 0.033654 0.093229
15 0.803365 0.610156 0.072115 0.089063
15 0.746635 0.589323 0.045192 0.086979
15 0.703606 0.573438 0.033654 0.114583
15 0.661418 0.663802 0.053606 0.103646
15 0.679327 0.743490 0.022596 0.047396
15 0.661659 0.767448 0.013221 0.083854
15 0.638582 0.870573 0.037740 0.111979
15 0.614784 0.950000 0.047356 0.092708
15 0.572716 0.939583 0.040625 0.111458
15 0.599519 0.860938 0.035577 0.068750
15 0.571154 0.785937 0.050000 0.112500
15 0.557332 0.857812 0.028125 0.036458
15 0.514423 0.830729 0.053365 0.086458
15 0.524159 0.913802 0.045913 0.093229
15 0.501563 0.966927 0.048317 0.066146
15 0.468269 0.958854 0.035577 0.082292
15 0.468029 0.869792 0.063942 0.109375
15 0.430048 0.897656 0.030769 0.105729
15 0.433774 0.987240 0.029567 0.025521
15 0.385216 0.983073 0.043510 0.033854
15 0.396394 0.911198 0.033173 0.118229
15 0.410457 0.818750 0.031490 0.061458
15 0.435937 0.692448 0.039183 0.165104
15 0.452764 0.794531 0.032452 0.034896
15 0.492788 0.727604 0.047596 0.104167
15 0.519952 0.683333 0.032692 0.118750
15 0.555529 0.719010 0.044231 0.095312
15 0.601082 0.730990 0.026683 0.085938
15 0.632332 0.748177 0.041587 0.126562
15 0.610337 0.665104 0.042308 0.036458
15 0.581130 0.614323 0.069471 0.083854
15 0.532813 0.610156 0.032933 0.068229
15 0.541106 0.518750 0.036058 0.122917
15 0.505889 0.535417 0.049760 0.140625
15 0.466587 0.563542 0.033654 0.113542
15 0.481731 0.654427 0.048558 0.099479
15 0.430889 0.553646 0.039183 0.086458
15 0.573918 0.540885 0.031010 0.061979
15 0.610457 0.518490 0.077644 0.107813
15 0.622476 0.601823 0.031490 0.058854
15 0.663582 0.555729 0.037740 0.105208
15 0.808173 0.522917 0.051442 0.080208
15 0.766226 0.505208 0.042548 0.080208
15 0.824519 0.439583 0.050962 0.112500
15 0.798678 0.380729 0.024279 0.127083
15 0.765264 0.407552 0.040144 0.110937
15 0.721394 0.479687 0.048077 0.125000
15 0.724399 0.374479 0.035337 0.100000
15 0.684736 0.356510 0.055529 0.120313
15 0.667067 0.448958 0.037500 0.089583
15 0.630288 0.447917 0.030288 0.103125
15 0.647596 0.375000 0.031250 0.057292
15 0.634255 0.285677 0.056490 0.118229
15 0.602404 0.360938 0.045192 0.093750
15 0.584736 0.444792 0.045913 0.068750
15 0.553606 0.377083 0.046154 0.101042
15 0.580168 0.299740 0.037260 0.075521
15 0.541346 0.266406 0.058173 0.082812
15 0.689904 0.255990 0.052404 0.092188
15 0.746635 0.297917 0.066827 0.100000
15 0.811659 0.268229 0.045913 0.110417
15 0.844952 0.372135 0.041346 0.097396
15 0.904567 0.228385 0.055769 0.101562
15 0.857572 0.233333 0.040625 0.136458
15 0.879567 0.127083 0.073077 0.104167
15 0.794712 0.178125 0.054327 0.113542
15 0.766947 0.111719 0.066587 0.134896
15 0.741587 0.217708 0.046154 0.076042
15 0.697596 0.166667 0.056250 0.069792
15 0.642788 0.134375 0.065385 0.095833
15 0.697957 0.067187 0.036779 0.125000
15 0.761779 0.035937 0.048077 0.064583
15 0.815865 0.058073 0.048558 0.092188
15 0.860337 0.042188 0.040385 0.083333
15 0.897957 0.015885 0.032452 0.030729
15 0.648077 0.036719 0.038462 0.072396
15 0.604688 0.079948 0.043990 0.098437
15 0.559375 0.147135 0.032692 0.143229
15 0.595433 0.196615 0.044231 0.119271
15 0.534375 0.092969 0.051923 0.097396
15 0.521635 0.188542 0.050481 0.072917
15 0.491827 0.270313 0.038942 0.077083
15 0.495312 0.368750 0.079087 0.104167
15 0.470072 0.468750 0.023317 0.075000
15 0.513341 0.444792 0.043990 0.094792
15 0.439063 0.450521 0.031971 0.114583
15 0.399279 0.435417 0.044231 0.112500
15 0.428245 0.344792 0.062740 0.095833
15 0.490625 0.270833 0.040385 0.075000
15 0.477764 0.190104 0.030529 0.075000
15 0.484615 0.101562 0.044712 0.102083
15 0.534135 0.021354 0.064904 0.041667
15 0.483894 0.024219 0.038462 0.047396
15 0.445312 0.064583 0.044471 0.109375
15 0.443990 0.182812 0.036538 0.108333
15 0.452404 0.280208 0.034135 0.077083
15 0.413221 0.244271 0.041346 0.095833
15 0.412139 0.121615 0.027644 0.123438
15 0.374519 0.179427 0.048558 0.116146
15 0.373077 0.307292 0.044231 0.115625
15 0.347837 0.361979 0.055769 0.135417
15 0.342067 0.471875 0.051923 0.094792
15 0.379327 0.530208 0.062019 0.063542
15 0.379567 0.598177 0.042308 0.079687
15 0.347236 0.933333 0.061779 0.117708
15 0.334135 0.859115 0.064904 0.068229
15 0.371875 0.784115 0.053846 0.129688
15 0.405529 0.715104 0.054808 0.156250
15 0.359495 0.687760 0.030529 0.095312
15 0.379928 0.599219 0.040625 0.081771
15 0.340505 0.614583 0.027163 0.091667
15 0.313341 0.689583 0.053606 0.088542
15 0.310697 0.580990 0.056010 0.116146
15 0.300481 0.434896 0.037500 0.116667
15 0.302043 0.517448 0.034375 0.043229
15 0.269111 0.676302 0.040144 0.093229
15 0.295192 0.925000 0.045673 0.087500
15 0.294591 0.988281 0.035817 0.023438
15 0.282572 0.791927 0.057933 0.082812
15 0.328005 0.784115 0.028606 0.081771
15 0.375240 0.086979 0.044231 0.070833
15 0.339423 0.217448 0.021635 0.076563
15 0.327043 0.121354 0.034856 0.083333
15 0.384495 0.024219 0.042548 0.047396
15 0.340024 0.054948 0.058413 0.060937
15 0.302404 0.036458 0.034135 0.068750
15 0.295312 0.109375 0.025240 0.072917
15 0.309976 0.221094 0.031490 0.142187
15 0.289183 0.332552 0.053846 0.084896
15 0.256250 0.869010 0.047115 0.086979
15 0.237981 0.948958 0.058654 0.094792
15 0.178846 0.923958 0.046154 0.092708
15 0.189543 0.983073 0.059856 0.033854
15 0.204207 0.847396 0.050721 0.092708
15 0.230168 0.755729 0.047837 0.110417
15 0.221514 0.649479 0.044952 0.116667
15 0.248197 0.560937 0.061298 0.119792
15 0.170433 0.778125 0.040385 0.086458
15 0.146995 0.873437 0.038702 0.102083
15 0.099639 0.905729 0.049279 0.072917
15 0.119591 0.970052 0.056490 0.059896
15 0.108534 0.791406 0.057933 0.091146
15 0.128245 0.714063 0.048798 0.070833
15 0.050841 0.759635 0.065144 0.127604
15 0.051202 0.868229 0.069231 0.066667
15 0.080288 0.665625 0.049038 0.101042
15 0.130529 0.644792 0.059615 0.057292
15 0.180649 0.695573 0.055529 0.070312
15 0.125481 0.564063 0.061058 0.089583
15 0.178005 0.595052 0.053606 0.115104
15 0.178125 0.509635 0.053846 0.097396
15 0.122236 0.458073 0.063702 0.142187
15 0.149038 0.381250 0.037019 0.111458
15 0.181731 0.416927 0.022596 0.082812
15 0.228486 0.395833 0.048798 0.148958
15 0.265385 0.418750 0.033173 0.096875
15 0.191947 0.335938 0.027644 0.075000
15 0.136659 0.266146 0.067067 0.102083
15 0.115745 0.303646 0.037740 0.068750
15 0.090745 0.368229 0.077644 0.062500
15 0.057813 0.448698 0.045913 0.105729
15 0.044832 0.574479 0.056971 0.145833
15 0.233413 0.290625 0.055769 0.134375
15 0.238101 0.191406 0.045433 0.104688
15 0.269952 0.180208 0.070192 0.189583
15 0.264904 0.054948 0.047596 0.080729
15 0.215625 0.077604 0.038462 0.106250
15 0.187019 0.180208 0.054327 0.094792
15 0.139303 0.189583 0.038221 0.062500
15 0.167548 0.096615 0.049038 0.101562
15 0.126562 0.105990 0.035817 0.092188
15 0.085938 0.084375 0.041587 0.109375
15 0.068630 0.175781 0.049279 0.143229
15 0.070072 0.288542 0.050240 0.067708
15 0.034976 0.050000 0.050721 0.098958
15 0.102404 0.187500 0.024038 0.076042
15 0.030529 0.383594 0.060577 0.117188
15 0.013942 0.897656 0.027404 0.096354
15 0.008894 0.775000 0.017308 0.091667
15 0.010337 0.611458 0.020192 0.178125
