15 0.919010 0.025120 0.059896 0.038221
15 0.860938 0.018630 0.056250 0.036779
15 0.810677 0.012139 0.055729 0.023798
15 0.752865 0.011178 0.055729 0.021875
15 0.684635 0.008894 0.081771 0.017308
15 0.613021 0.018990 0.097917 0.025962
15 0.664323 0.038462 0.051562 0.030769
15 0.554688 0.010577 0.080208 0.020673
15 0.502344 0.016587 0.093229 0.032692
15 0.439323 0.018630 0.031771 0.022356
15 0.393490 0.022356 0.060937 0.019231
15 0.391667 0.007212 0.048958 0.013942
15 0.350781 0.009375 0.032813 0.018269
15 0.232031 0.023197 0.081771 0.035817
15 0.417969 0.050000 0.090104 0.045673
15 0.489323 0.036899 0.092188 0.032933
15 0.555208 0.054567 0.058333 0.040865
15 0.595573 0.035337 0.056771 0.017308
15 0.620573 0.061899 0.073438 0.036298
15 0.696354 0.073798 0.086458 0.045192
15 0.714323 0.033654 0.046354 0.040865
15 0.777604 0.041106 0.089583 0.035577
15 0.827344 0.056130 0.056771 0.027644
15 0.896354 0.055288 0.089583 0.037500
15 0.848437 0.085817 0.070833 0.045673
15 0.917448 0.092067 0.053646 0.043269
15 0.893229 0.120793 0.101042 0.031010
15 0.821094 0.130529 0.078646 0.049038
15 0.904167 0.150721 0.068750 0.031250
15 0.861719 0.179327 0.107813 0.029808
15 0.749479 0.115745 0.082292 0.034375
15 0.764323 0.075962 0.101562 0.043750
15 0.672656 0.124279 0.065104 0.037981
15 0.734375 0.148558 0.093750 0.031250
15 0.671875 0.166947 0.077083 0.042067
15 0.613021 0.154447 0.088542 0.036298
15 0.571354 0.161899 0.070833 0.034856
15 0.565625 0.131370 0.080208 0.024279
15 0.633854 0.102404 0.093750 0.050962
15 0.546875 0.097115 0.096875 0.040385
15 0.485156 0.079087 0.085938 0.051442
15 0.500000 0.123798 0.048958 0.030769
15 0.167708 0.174399 0.095833 0.037260
15 0.920312 0.198678 0.043750 0.030048
15 0.904948 0.227043 0.086979 0.039183
15 0.829688 0.224519 0.056250 0.038462
15 0.753646 0.202644 0.093750 0.040865
15 0.668750 0.210216 0.117708 0.040625
15 0.593750 0.190865 0.084375 0.033654
15 0.636979 0.247957 0.039583 0.019471
15 0.690104 0.240264 0.061458 0.033894
15 0.743750 0.245192 0.071875 0.040865
15 0.663542 0.266466 0.054167 0.021875
15 0.706250 0.280288 0.092708 0.030288
15 0.800000 0.267428 0.097917 0.037260
15 0.890885 0.262019 0.098437 0.041827
15 0.906771 0.297837 0.070833 0.026923
15 0.819792 0.297716 0.107292 0.024760
15 0.704948 0.304808 0.085938 0.025000
15 0.720052 0.333413 0.104688 0.049519
15 0.815365 0.333534 0.099479 0.054567
15 0.906510 0.335216 0.106771 0.048798
15 0.776823 0.377764 0.122396 0.034375
15 0.644531 0.364543 0.126562 0.031971
15 0.587760 0.394952 0.099479 0.040385
15 0.664583 0.402885 0.105208 0.046635
15 0.832812 0.400481 0.086458 0.051442
15 0.904167 0.439303 0.081250 0.053125
15 0.497917 0.404928 0.085417 0.059856
15 0.421875 0.433173 0.077083 0.047596
15 0.417708 0.471635 0.114583 0.028846
15 0.261458 0.504808 0.106250 0.038462
15 0.549740 0.432091 0.074479 0.043029
15 0.613021 0.443990 0.072917 0.035577
15 0.711719 0.432933 0.095312 0.030288
15 0.671615 0.458413 0.071354 0.027404
15 0.803906 0.446514 0.067187 0.034856
15 0.740625 0.463822 0.072917 0.039183
15 0.610677 0.484014 0.138021 0.039183
15 0.884375 0.478486 0.085417 0.031010
15 0.798698 0.487740 0.095312 0.026442
15 0.719531 0.508534 0.082812 0.036298
15 0.683333 0.492188 0.078125 0.031010
15 0.903385 0.502764 0.090104 0.019952
15 0.806771 0.515625 0.091667 0.032692
15 0.728125 0.542788 0.059375 0.040865
15 0.663021 0.540505 0.062500 0.038702
15 0.503646 0.590625 0.094792 0.037019
15 0.840625 0.547236 0.100000 0.039183
15 0.909635 0.562620 0.083854 0.057933
15 0.906250 0.617067 0.088542 0.042308
15 0.881250 0.642308 0.091667 0.023558
15 0.858333 0.672476 0.080208 0.024279
15 0.765365 0.610938 0.075521 0.038702
15 0.688021 0.614904 0.068750 0.038462
15 0.652604 0.643750 0.095833 0.041827
15 0.710677 0.670433 0.097396 0.035577
15 0.806250 0.713221 0.072917 0.053846
15 0.731250 0.709014 0.091667 0.040144
15 0.615104 0.699038 0.093750 0.038462
15 0.376302 0.676923 0.096354 0.039423
15 0.434635 0.713942 0.054688 0.057692
15 0.630469 0.747716 0.070312 0.039183
15 0.714063 0.751923 0.115625 0.042308
15 0.692969 0.778966 0.099479 0.032452
15 0.581510 0.801923 0.070312 0.059135
15 0.511979 0.755529 0.094792 0.045673
15 0.521094 0.827524 0.064062 0.044471
15 0.648177 0.821875 0.096354 0.046635
15 0.613281 0.863942 0.043229 0.030769
15 0.744271 0.896635 0.095833 0.032212
15 0.785677 0.861659 0.104688 0.050240
15 0.824479 0.821394 0.085417 0.032212
15 0.858854 0.788221 0.080208 0.037981
15 0.904687 0.835337 0.090625 0.052885
15 0.883854 0.876683 0.084375 0.047596
15 0.914583 0.919471 0.072917 0.043269
15 0.839844 0.908894 0.076563 0.039904
15 0.809635 0.925240 0.068229 0.040865
15 0.699479 0.928245 0.093750 0.036779
15 0.664062 0.952043 0.089583 0.037260
15 0.443490 0.953966 0.075521 0.046875
15 0.379948 0.927043 0.086979 0.058413
15 0.319010 0.942788 0.077604 0.050481
15 0.916667 0.958894 0.067708 0.035577
15 0.856250 0.967788 0.068750 0.050962
15 0.917969 0.987620 0.072396 0.024760
15 0.789062 0.991466 0.077083 0.017067
15 0.761198 0.963822 0.100521 0.035337
15 0.646875 0.982933 0.096875 0.025000
15 0.597135 0.993029 0.082812 0.013942
15 0.524479 0.981010 0.072917 0.037981
15 0.394792 0.991226 0.086458 0.017548
15 0.142448 0.683293 0.079687 0.054567
15 0.152344 0.746034 0.086979 0.043029
15 0.138281 0.796995 0.081771 0.056010
15 0.153906 0.435577 0.108854 0.045673
15 0.200781 0.464423 0.081771 0.032692
15 0.142448 0.280769 0.094271 0.050962
15 0.148177 0.940865 0.078646 0.058654
