15 0.852344 0.154688 0.093229 0.036298
15 0.813281 0.201923 0.064062 0.062019
15 0.735156 0.212500 0.102604 0.053365
15 0.634896 0.155649 0.103125 0.036779
15 0.327865 0.190745 0.110937 0.037260
15 0.126302 0.197236 0.064062 0.036779
15 0.197135 0.267909 0.082812 0.038702
15 0.343490 0.278966 0.091146 0.048317
15 0.366406 0.312380 0.060937 0.046875
15 0.417708 0.321635 0.065625 0.059135
15 0.476042 0.310577 0.050000 0.056731
15 0.533073 0.308053 0.063021 0.035337
15 0.597396 0.319111 0.079167 0.048798
15 0.604427 0.271995 0.071354 0.046875
15 0.780729 0.281250 0.087500 0.039904
15 0.804427 0.254207 0.082812 0.026683
15 0.719792 0.321034 0.108333 0.031010
15 0.862500 0.322236 0.080208 0.049279
15 0.831771 0.348438 0.100000 0.034856
15 0.743490 0.353846 0.096354 0.051442
15 0.851823 0.387380 0.092188 0.041106
15 0.867708 0.423197 0.065625 0.036779
15 0.804688 0.425000 0.075000 0.045673
15 0.741667 0.424880 0.081250 0.050721
15 0.561979 0.349760 0.067708 0.040385
15 0.525000 0.363462 0.088542 0.035577
15 0.467969 0.379567 0.083854 0.034615
15 0.525000 0.396995 0.095833 0.030048
15 0.393229 0.357452 0.070833 0.038462
15 0.323698 0.358293 0.096354 0.021394
15 0.302604 0.322596 0.064583 0.047596
15 0.242188 0.344952 0.060417 0.030769
15 0.184115 0.338582 0.048438 0.038221
15 0.213281 0.308293 0.105729 0.036298
15 0.120573 0.302524 0.095312 0.035337
15 0.099740 0.325120 0.072396 0.025721
15 0.140885 0.350721 0.083854 0.047596
15 0.069010 0.355409 0.058854 0.040625
15 0.067708 0.397476 0.048958 0.046875
15 0.121094 0.393990 0.067187 0.035577
15 0.223698 0.378125 0.133854 0.037019
15 0.347656 0.388702 0.088021 0.034135
15 0.410417 0.411298 0.065625 0.051923
15 0.476823 0.426082 0.064062 0.043510
15 0.678385 0.448558 0.086979 0.032212
15 0.598698 0.453125 0.076563 0.044712
15 0.535677 0.473317 0.079687 0.050962
15 0.612760 0.489183 0.085938 0.036058
15 0.700260 0.479207 0.078646 0.029087
15 0.843229 0.467428 0.104167 0.034856
15 0.773698 0.513341 0.055729 0.046394
15 0.857031 0.532332 0.069271 0.023317
15 0.351562 0.429087 0.072917 0.046154
15 0.279687 0.434856 0.066667 0.033173
15 0.207813 0.418029 0.083333 0.035577
15 0.186198 0.437260 0.065104 0.023077
15 0.133594 0.427284 0.038021 0.035337
15 0.084896 0.440865 0.072917 0.057692
15 0.104167 0.470072 0.057292 0.038221
15 0.180469 0.464423 0.085938 0.026923
15 0.271875 0.469111 0.092708 0.034856
15 0.328646 0.496154 0.071875 0.047596
15 0.239323 0.498678 0.080729 0.031010
15 0.150000 0.492788 0.087500 0.035577
15 0.088542 0.519351 0.087500 0.044471
15 0.163542 0.517067 0.078125 0.023077
15 0.235417 0.536298 0.070833 0.042308
15 0.296875 0.543389 0.057292 0.034856
15 0.360938 0.551202 0.068750 0.036538
15 0.429427 0.516947 0.140104 0.041106
15 0.474219 0.552524 0.102604 0.038702
15 0.635938 0.532091 0.094792 0.046394
15 0.719271 0.529447 0.057292 0.048798
15 0.164062 0.552524 0.063542 0.033413
15 0.095833 0.553606 0.068750 0.034615
15 0.122135 0.575000 0.057813 0.020673
15 0.143490 0.595673 0.078646 0.037500
15 0.201563 0.613942 0.067708 0.041346
15 0.218750 0.584375 0.065625 0.021635
15 0.291667 0.586899 0.071875 0.033413
15 0.280469 0.610457 0.060937 0.035817
15 0.236979 0.635096 0.092708 0.039423
15 0.222656 0.662260 0.092188 0.037019
15 0.353646 0.620673 0.100000 0.041346
15 0.406510 0.582212 0.105729 0.034135
15 0.424740 0.616226 0.055729 0.023798
15 0.482812 0.594351 0.078125 0.043510
15 0.476302 0.632933 0.104688 0.043750
15 0.391146 0.643029 0.058333 0.024519
15 0.318229 0.665264 0.073958 0.047837
15 0.352865 0.675000 0.053646 0.033654
15 0.291927 0.695433 0.061979 0.047596
15 0.345573 0.717308 0.084896 0.045192
15 0.399479 0.715144 0.041667 0.041346
15 0.456510 0.721034 0.100521 0.041587
15 0.499479 0.691466 0.111458 0.030529
15 0.441927 0.670072 0.114062 0.030048
15 0.522135 0.656370 0.060937 0.035337
15 0.582292 0.665625 0.061458 0.049038
15 0.570833 0.628846 0.094792 0.022596
15 0.553125 0.596635 0.062500 0.037500
15 0.613021 0.595673 0.104167 0.037500
15 0.645052 0.612260 0.071354 0.034135
15 0.607812 0.563462 0.080208 0.026442
15 0.823958 0.585938 0.104167 0.043990
15 0.722135 0.620433 0.092188 0.039423
15 0.787760 0.641707 0.083854 0.053606
15 0.724479 0.679928 0.092708 0.041106
15 0.654948 0.650962 0.070312 0.039423
15 0.648698 0.685457 0.073438 0.031490
15 0.882812 0.678966 0.064583 0.043029
15 0.878646 0.714663 0.067708 0.028846
15 0.796615 0.697115 0.111979 0.054808
15 0.833594 0.707332 0.048438 0.036298
15 0.798438 0.744952 0.053125 0.035096
15 0.127865 0.868269 0.095312 0.038462
15 0.575260 0.704808 0.097396 0.027404
15 0.623177 0.737139 0.067187 0.042067
15 0.547396 0.732933 0.077083 0.035096
15 0.674740 0.722957 0.047396 0.051683
15 0.731510 0.725481 0.068229 0.039423
15 0.727344 0.773438 0.107813 0.053606
15 0.655469 0.770072 0.090104 0.048317
15 0.582552 0.771034 0.073438 0.044952
15 0.512760 0.762620 0.061979 0.048798
15 0.445833 0.753365 0.095833 0.038462
15 0.363021 0.756010 0.108333 0.037019
15 0.442188 0.798317 0.087500 0.050000
15 0.515885 0.809375 0.096354 0.041346
15 0.449740 0.827644 0.039062 0.020673
15 0.595313 0.812500 0.096875 0.041827
15 0.643750 0.818029 0.063542 0.042788
15 0.717708 0.813582 0.091667 0.031490
15 0.788281 0.826082 0.073438 0.045433
15 0.871094 0.823678 0.099479 0.033894
15 0.882552 0.796034 0.059896 0.044471
15 0.816927 0.783293 0.074479 0.054087
15 0.871354 0.750000 0.092708 0.045192
15 0.695312 0.843389 0.110417 0.030048
15 0.637760 0.867668 0.076563 0.033413
15 0.577344 0.850481 0.090104 0.033654
15 0.483333 0.856851 0.071875 0.041587
15 0.528646 0.832091 0.055208 0.020433
15 0.530469 0.879808 0.081771 0.040385
15 0.579427 0.887139 0.053646 0.031490
15 0.557292 0.918990 0.078125 0.040385
15 0.720052 0.894111 0.093229 0.042067
15 0.631250 0.907212 0.111458 0.060096
15 0.825521 0.876202 0.102083 0.038942
15 0.894531 0.896274 0.065104 0.038221
15 0.870573 0.924880 0.096354 0.037740
15 0.800521 0.919591 0.056250 0.039663
15 0.711198 0.942428 0.067187 0.043029
15 0.659896 0.936899 0.057292 0.038702
15 0.596094 0.954087 0.055729 0.033173
15 0.624219 0.972957 0.068229 0.031490
15 0.771094 0.961899 0.100521 0.043510
15 0.870052 0.957692 0.116146 0.049038
15 0.878385 0.991466 0.080729 0.017067
15 0.795052 0.990505 0.111979 0.018990
15 0.676042 0.982933 0.092708 0.034135
15 0.110156 0.973918 0.070312 0.050721
