15 0.196610 0.269478 0.214689 0.208983
15 0.677684 0.443630 0.142938 0.161320
15 0.822881 0.192026 0.149718 0.263061
15 0.934746 0.086618 0.130508 0.158570
15 0.918644 0.296975 0.088136 0.274977
15 0.985876 0.377635 0.028249 0.201650
15 0.945480 0.550412 0.085311 0.230064
15 0.959887 0.752521 0.080226 0.186984
15 0.868927 0.857929 0.167232 0.179652
15 0.772881 0.959670 0.132203 0.080660
15 0.722599 0.857929 0.119774 0.256645
15 0.788983 0.579743 0.111299 0.259395
15 0.849435 0.510541 0.071751 0.282310
15 0.774576 0.283226 0.141243 0.245646
15 0.609887 0.340055 0.157627 0.229148
15 0.573446 0.524748 0.038418 0.129239
15 0.409605 0.906508 0.296045 0.168653
15 0.488983 0.703941 0.135028 0.225481
15 0.497740 0.535747 0.102825 0.151237
15 0.114689 0.835930 0.192090 0.293309
15 0.244915 0.653071 0.116949 0.180568
15 0.307910 0.584785 0.120904 0.131989
15 0.350565 0.478918 0.159887 0.204400
15 0.400000 0.284143 0.145763 0.320807
15 0.514972 0.145280 0.164407 0.244730
15 0.497175 0.380843 0.053107 0.180568
15 0.124576 0.628323 0.123729 0.121907
15 0.119209 0.494959 0.166102 0.139322
15 0.088983 0.038038 0.119209 0.074244
15 0.211582 0.036664 0.147458 0.071494
15 0.044350 0.232814 0.087571 0.328139
15 0.030791 0.596242 0.046893 0.211732
15 0.314689 0.785060 0.123164 0.068744
