15 0.796750 0.885870 0.193000 0.228261
15 0.979375 0.956793 0.041250 0.086413
15 0.777000 0.652174 0.123000 0.229348
15 0.878000 0.454620 0.107000 0.284239
15 0.984125 0.291033 0.031750 0.149457
15 0.935375 0.139130 0.077250 0.235870
15 0.851250 0.162500 0.084000 0.243478
15 0.778500 0.246196 0.096500 0.247826
15 0.734375 0.406250 0.077750 0.257065
15 0.649375 0.635054 0.081250 0.397283
15 0.560000 0.657609 0.107000 0.321739
15 0.468750 0.778533 0.091000 0.285326
15 0.327000 0.765489 0.157500 0.355978
15 0.166000 0.848913 0.184000 0.302174
15 0.106250 0.979348 0.067500 0.041304
15 0.190875 0.585326 0.118750 0.240217
15 0.251750 0.405435 0.093000 0.209783
15 0.331625 0.407880 0.059750 0.153804
15 0.430750 0.489946 0.200000 0.234239
15 0.427375 0.325543 0.076250 0.077174
15 0.577375 0.328533 0.211250 0.173370
15 0.547500 0.177446 0.091500 0.122283
15 0.665625 0.134783 0.109750 0.135870
15 0.748250 0.043478 0.075000 0.085870
15 0.653875 0.024457 0.059750 0.047826
15 0.487125 0.060054 0.088750 0.119022
15 0.413875 0.080978 0.100750 0.136957
15 0.313500 0.173641 0.072000 0.211413
15 0.425625 0.204891 0.147750 0.143478
15 0.225625 0.095109 0.124250 0.163043
15 0.097875 0.099185 0.134250 0.197283
15 0.021125 0.092391 0.041750 0.135870
15 0.177375 0.242663 0.148750 0.134239
15 0.046500 0.298098 0.092500 0.176630
15 0.121500 0.415489 0.127000 0.180978
15 0.035000 0.576087 0.069500 0.243478
