15 0.973558 0.116406 0.047596 0.161979
15 0.934976 0.064323 0.064663 0.122396
15 0.926442 0.170833 0.057212 0.089583
15 0.985096 0.254948 0.029808 0.113021
15 0.944471 0.269792 0.060096 0.167708
15 0.943510 0.396354 0.073077 0.140625
15 0.990385 0.373177 0.019231 0.127604
15 0.958534 0.495312 0.082933 0.098958
15 0.849159 0.071354 0.070913 0.133333
15 0.878005 0.132031 0.055048 0.163021
15 0.827644 0.164583 0.040865 0.109375
15 0.892067 0.257812 0.044231 0.116667
15 0.852404 0.290885 0.049038 0.138021
15 0.799279 0.300781 0.062019 0.154688
15 0.784375 0.228385 0.063942 0.071354
15 0.781010 0.107292 0.050000 0.151042
15 0.745913 0.194792 0.036058 0.096875
15 0.809255 0.036719 0.043510 0.070312
15 0.747716 0.048698 0.069952 0.089063
15 0.701082 0.023958 0.047356 0.046875
15 0.677284 0.068229 0.053606 0.095833
15 0.719231 0.167448 0.050481 0.164062
15 0.740024 0.278906 0.057452 0.057813
15 0.666587 0.162240 0.048558 0.132812
15 0.681010 0.334115 0.073077 0.169271
15 0.739062 0.345833 0.061298 0.115625
15 0.887139 0.383333 0.056971 0.142708
15 0.873317 0.480729 0.054808 0.161458
15 0.917428 0.590104 0.041106 0.191667
15 0.968630 0.625781 0.060337 0.155729
15 0.995553 0.544531 0.008894 0.043229
15 0.914663 0.755208 0.052885 0.121875
15 0.844712 0.725521 0.093750 0.092708
15 0.870913 0.685156 0.045192 0.065104
15 0.884736 0.605990 0.064183 0.122396
15 0.827885 0.622135 0.053365 0.116146
15 0.820793 0.508594 0.047356 0.111979
15 0.835216 0.407031 0.052163 0.088021
15 0.780529 0.444531 0.070673 0.113021
15 0.772716 0.528125 0.046394 0.060417
15 0.777043 0.613542 0.067548 0.107292
15 0.785817 0.693750 0.022596 0.079167
15 0.727524 0.576823 0.026202 0.117188
15 0.709135 0.435417 0.074038 0.120833
15 0.683774 0.554948 0.077163 0.168229
15 0.687981 0.707292 0.077885 0.163542
15 0.690505 0.793490 0.034856 0.061979
15 0.745433 0.756510 0.070192 0.186979
15 0.806250 0.786198 0.061058 0.130729
15 0.841346 0.818490 0.024519 0.082812
15 0.869471 0.808854 0.041346 0.083333
15 0.901803 0.870573 0.067067 0.113021
15 0.962019 0.787500 0.072115 0.157292
15 0.969712 0.934896 0.060577 0.079167
15 0.980168 0.870573 0.039663 0.053646
15 0.987380 0.987240 0.025240 0.025521
15 0.953486 0.985677 0.031971 0.024479
15 0.924399 0.967969 0.031971 0.064062
15 0.879928 0.950260 0.079087 0.099479
15 0.827284 0.911458 0.076202 0.103125
15 0.818149 0.985417 0.044471 0.029167
15 0.761178 0.975781 0.060337 0.048438
15 0.772957 0.897656 0.044471 0.091146
15 0.698558 0.916927 0.099519 0.146354
15 0.660337 0.855729 0.083654 0.141667
15 0.702163 0.807292 0.023077 0.042708
15 0.571635 0.949219 0.075962 0.101562
15 0.595313 0.891406 0.082452 0.120313
15 0.513582 0.952344 0.038221 0.095312
15 0.551562 0.808073 0.047356 0.116146
15 0.597957 0.725781 0.072837 0.172396
15 0.634495 0.613542 0.056010 0.123958
15 0.574399 0.595052 0.068510 0.140104
15 0.537981 0.715365 0.041827 0.076563
15 0.511058 0.830208 0.037500 0.134375
15 0.483654 0.780208 0.040865 0.067708
15 0.481130 0.678125 0.060337 0.101042
15 0.521635 0.626823 0.033654 0.099479
15 0.465986 0.866927 0.048798 0.103646
15 0.469471 0.960417 0.074038 0.079167
15 0.530769 0.471094 0.059615 0.163021
15 0.610096 0.481510 0.095673 0.136979
15 0.661659 0.453646 0.018990 0.052083
15 0.645913 0.300000 0.081731 0.159375
15 0.574279 0.359635 0.055769 0.118229
15 0.583293 0.249740 0.031490 0.103646
15 0.616827 0.248177 0.046635 0.121354
15 0.632452 0.140625 0.029808 0.096875
15 0.601322 0.134375 0.046875 0.135417
15 0.559976 0.106250 0.048798 0.169792
15 0.629447 0.048177 0.066587 0.092188
15 0.511178 0.145833 0.044952 0.101042
15 0.520673 0.044271 0.049038 0.085417
15 0.470913 0.133073 0.046154 0.116146
15 0.458774 0.038802 0.072837 0.076563
15 0.471995 0.220312 0.082933 0.062500
15 0.475120 0.275521 0.094471 0.091667
15 0.453966 0.354427 0.034856 0.078646
15 0.491947 0.377083 0.083413 0.106250
15 0.541707 0.264583 0.052644 0.148958
15 0.479447 0.470052 0.046875 0.069271
15 0.476923 0.562760 0.073558 0.104688
15 0.434736 0.779427 0.080529 0.113021
15 0.418750 0.896875 0.054808 0.090625
15 0.401923 0.974740 0.043750 0.050521
15 0.325962 0.958333 0.071154 0.083333
15 0.362019 0.851302 0.054808 0.155729
15 0.318630 0.836719 0.037260 0.144271
15 0.422115 0.593750 0.044231 0.104167
15 0.379688 0.520312 0.049760 0.137500
15 0.427885 0.477083 0.062019 0.117708
15 0.411298 0.405469 0.051923 0.081771
15 0.416827 0.317708 0.046635 0.082292
15 0.425962 0.102344 0.039904 0.142187
15 0.407572 0.217969 0.042548 0.101562
15 0.367188 0.259635 0.044471 0.073438
15 0.372596 0.115104 0.065865 0.218750
15 0.317188 0.240625 0.046394 0.076042
15 0.318269 0.151562 0.041827 0.116667
15 0.328125 0.043750 0.048077 0.079167
15 0.352043 0.055208 0.022837 0.052083
15 0.363101 0.010937 0.022356 0.020833
15 0.418029 0.010937 0.029808 0.020833
15 0.365865 0.344271 0.081250 0.133333
15 0.346875 0.449479 0.072115 0.081250
15 0.298558 0.357292 0.047596 0.173958
15 0.324279 0.567448 0.056731 0.148438
15 0.350361 0.663542 0.072356 0.148958
15 0.417788 0.682031 0.062500 0.119271
15 0.259375 0.957292 0.045192 0.080208
15 0.270553 0.868750 0.078125 0.131250
15 0.274519 0.710677 0.064423 0.141146
15 0.322957 0.704688 0.027163 0.102083
15 0.215625 0.947917 0.041346 0.098958
15 0.166587 0.921875 0.061538 0.156250
15 0.114062 0.929167 0.054567 0.141667
15 0.117188 0.829427 0.061779 0.089063
15 0.212260 0.836979 0.043269 0.120833
15 0.070913 0.965365 0.034615 0.060937
15 0.071034 0.890104 0.028606 0.075000
15 0.026082 0.936979 0.050240 0.120833
15 0.046755 0.844531 0.074279 0.106771
15 0.018029 0.769271 0.035577 0.118750
15 0.070433 0.727344 0.067308 0.117188
15 0.155649 0.789323 0.063221 0.074479
15 0.173437 0.720833 0.043990 0.096875
15 0.219111 0.692708 0.063702 0.165625
15 0.256611 0.635677 0.032933 0.083854
15 0.218510 0.547656 0.051923 0.108854
15 0.159615 0.599740 0.089904 0.136979
15 0.126803 0.689323 0.046394 0.104688
15 0.272115 0.553646 0.055288 0.141667
15 0.245553 0.458333 0.056971 0.088542
15 0.297115 0.461979 0.038942 0.068750
15 0.252163 0.371875 0.050962 0.101042
15 0.165986 0.466667 0.100721 0.113542
15 0.084736 0.559115 0.059375 0.156771
15 0.064663 0.633854 0.041346 0.062500
15 0.021154 0.602344 0.041827 0.208854
15 0.053846 0.472396 0.037981 0.050000
15 0.112981 0.410417 0.062019 0.126042
15 0.176923 0.338021 0.077404 0.122917
15 0.210216 0.270833 0.083413 0.190625
15 0.265264 0.255990 0.042548 0.121354
15 0.275962 0.171354 0.036058 0.102083
15 0.128486 0.220833 0.051202 0.132292
15 0.116226 0.321354 0.042548 0.058333
15 0.059135 0.393490 0.058173 0.113021
15 0.015865 0.447656 0.031250 0.107813
15 0.027043 0.316927 0.049760 0.113021
15 0.075240 0.251823 0.072115 0.153646
15 0.029928 0.178125 0.059375 0.143750
15 0.088822 0.126042 0.053125 0.121875
15 0.031490 0.063021 0.062500 0.116667
15 0.090865 0.032292 0.050962 0.063542
15 0.151202 0.054688 0.100000 0.093750
15 0.137500 0.127604 0.043750 0.054167
15 0.166827 0.178385 0.045673 0.122396
15 0.219231 0.172656 0.052404 0.103646
15 0.229327 0.107292 0.051442 0.152083
15 0.281250 0.067708 0.045673 0.092708
15 0.247115 0.037500 0.071154 0.073958
15 0.295192 0.011458 0.019231 0.019792
