15 0.920833 0.052524 0.071875 0.052163
15 0.857031 0.021154 0.195312 0.041827
15 0.800521 0.063942 0.154167 0.076442
15 0.921615 0.113221 0.084896 0.060577
15 0.946354 0.173437 0.047917 0.057933
15 0.830990 0.201923 0.159896 0.107212
15 0.772135 0.141226 0.086979 0.074279
15 0.654687 0.159976 0.163542 0.057933
15 0.617708 0.110216 0.154167 0.081010
15 0.550260 0.198918 0.094271 0.051202
15 0.689323 0.223798 0.109896 0.075000
15 0.658333 0.053125 0.140625 0.070192
15 0.677865 0.013582 0.094271 0.026683
15 0.490625 0.023918 0.165625 0.047356
15 0.407552 0.056250 0.147396 0.077404
15 0.347656 0.101442 0.094271 0.050962
15 0.419010 0.135457 0.189062 0.047837
15 0.378385 0.181370 0.143229 0.056010
15 0.717969 0.287981 0.163021 0.061538
15 0.815104 0.353726 0.155208 0.085817
15 0.886198 0.253005 0.141146 0.087740
15 0.919792 0.322356 0.111458 0.062981
15 0.927083 0.377764 0.064583 0.049760
15 0.963281 0.420072 0.073438 0.055048
15 0.846615 0.416106 0.147396 0.038942
15 0.891406 0.461899 0.097396 0.058413
15 0.973177 0.482091 0.053646 0.068510
15 0.807292 0.462861 0.068750 0.050240
15 0.831771 0.499519 0.106250 0.021154
15 0.943229 0.529687 0.113542 0.059375
15 0.942187 0.579688 0.115625 0.053606
15 0.953646 0.634856 0.092708 0.054327
15 0.804167 0.602764 0.209375 0.056971
15 0.831250 0.647957 0.125000 0.027644
15 0.902604 0.691827 0.130208 0.081731
15 0.979948 0.708534 0.040104 0.084856
15 0.830208 0.540024 0.103125 0.066587
15 0.962240 0.787981 0.075521 0.070192
15 0.918490 0.836418 0.153646 0.083894
15 0.883854 0.756851 0.104167 0.046394
15 0.801562 0.812139 0.137500 0.067067
15 0.825000 0.875000 0.089583 0.075481
15 0.922135 0.907091 0.104688 0.066106
15 0.984115 0.947837 0.031771 0.053365
15 0.966927 0.989543 0.060937 0.020913
15 0.895052 0.970072 0.149479 0.059856
15 0.760938 0.962260 0.108333 0.064904
15 0.671875 0.991106 0.121875 0.017788
15 0.631510 0.935096 0.145313 0.081250
15 0.740365 0.890865 0.085938 0.078846
15 0.678125 0.754687 0.168750 0.066106
15 0.800521 0.732812 0.129167 0.046394
15 0.758854 0.672115 0.137500 0.048077
15 0.667969 0.695553 0.169271 0.057452
15 0.657813 0.630529 0.142708 0.053365
15 0.639583 0.565865 0.156250 0.072115
15 0.553385 0.610096 0.080729 0.059135
15 0.559115 0.664183 0.092188 0.058173
15 0.676302 0.504687 0.214062 0.058894
15 0.730729 0.476442 0.091667 0.038942
15 0.679427 0.434976 0.152604 0.050240
15 0.705729 0.386178 0.119792 0.050721
15 0.639323 0.331130 0.104688 0.060817
15 0.688542 0.224159 0.102083 0.075240
15 0.569531 0.262981 0.100521 0.077404
15 0.589323 0.383774 0.084896 0.081010
15 0.408333 0.245192 0.193750 0.070673
15 0.414062 0.297236 0.108333 0.040144
15 0.505208 0.340986 0.138542 0.069952
15 0.487760 0.391827 0.105729 0.039904
15 0.549479 0.428125 0.086458 0.040385
15 0.520833 0.467428 0.125000 0.061298
15 0.440365 0.479087 0.081771 0.037500
15 0.441927 0.425481 0.109896 0.062981
15 0.366406 0.394231 0.092188 0.056731
15 0.343229 0.452524 0.117708 0.050721
15 0.334115 0.503365 0.135937 0.050000
15 0.456250 0.527644 0.155208 0.054327
15 0.554427 0.525481 0.076563 0.046635
15 0.452344 0.579688 0.123438 0.064663
15 0.471875 0.655649 0.106250 0.093029
15 0.555469 0.665986 0.091146 0.055529
15 0.387760 0.642668 0.072396 0.064183
15 0.515885 0.730529 0.102604 0.072596
15 0.402083 0.759976 0.123958 0.056971
15 0.476562 0.804808 0.091667 0.069712
15 0.587240 0.774639 0.109896 0.039663
15 0.589844 0.818750 0.119271 0.073558
15 0.686198 0.819952 0.077604 0.018750
15 0.636979 0.859976 0.159375 0.066106
15 0.537760 0.888702 0.096354 0.062981
15 0.516146 0.924639 0.069792 0.029567
15 0.430729 0.945312 0.202083 0.054087
15 0.544531 0.987981 0.092188 0.024038
15 0.418490 0.986178 0.163021 0.027644
15 0.434635 0.881130 0.097396 0.077163
15 0.378125 0.821875 0.104167 0.063462
15 0.324219 0.873197 0.104688 0.058413
15 0.259635 0.937260 0.113021 0.088462
15 0.262240 0.987861 0.156771 0.024279
15 0.206771 0.863822 0.126042 0.047356
15 0.263281 0.043389 0.128646 0.063702
15 0.303125 0.009736 0.173958 0.018990
15 0.177083 0.065625 0.055208 0.042308
15 0.240885 0.113221 0.128646 0.089423
15 0.197656 0.179567 0.060937 0.087500
15 0.267708 0.211899 0.113542 0.057933
15 0.268750 0.280769 0.111458 0.069712
15 0.357031 0.336779 0.156771 0.054327
15 0.246094 0.422115 0.109896 0.052885
15 0.242708 0.373678 0.143750 0.058894
15 0.175521 0.332933 0.130208 0.049038
15 0.226042 0.478245 0.109375 0.057452
15 0.230729 0.551803 0.123958 0.062260
15 0.274479 0.608173 0.202083 0.044712
15 0.244271 0.658534 0.164583 0.054087
15 0.233073 0.715865 0.186979 0.058173
15 0.254948 0.772837 0.195312 0.061058
15 0.130208 0.768870 0.063542 0.053606
15 0.192448 0.814784 0.124479 0.059375
15 0.148438 0.912740 0.102083 0.078846
15 0.233333 0.897596 0.067708 0.018269
15 0.159115 0.976322 0.102604 0.047356
15 0.050521 0.961418 0.100000 0.077163
15 0.022917 0.930048 0.044792 0.037500
15 0.059635 0.893870 0.118229 0.053606
15 0.050521 0.856010 0.100000 0.046154
15 0.066667 0.805288 0.132292 0.078365
15 0.040104 0.743149 0.079167 0.047837
15 0.078385 0.719351 0.102604 0.069952
15 0.012500 0.696755 0.023958 0.031971
15 0.064583 0.657091 0.128125 0.049760
15 0.103385 0.626563 0.143229 0.043029
15 0.341406 0.559255 0.095312 0.051202
15 0.109635 0.574519 0.135937 0.054808
15 0.034115 0.598317 0.067187 0.049519
15 0.046615 0.529327 0.092188 0.060096
15 0.133073 0.513942 0.125521 0.059135
15 0.147396 0.459255 0.117708 0.048317
15 0.036458 0.467909 0.071875 0.056490
15 0.069792 0.426563 0.123958 0.037740
15 0.050521 0.387139 0.100000 0.067548
15 0.069271 0.362260 0.096875 0.058654
15 0.149479 0.272115 0.131250 0.073558
15 0.179167 0.241346 0.093750 0.039904
15 0.051823 0.295072 0.102604 0.090625
15 0.126823 0.177404 0.079687 0.091346
15 0.048698 0.222596 0.089063 0.060577
15 0.010417 0.183774 0.019792 0.040625
15 0.092188 0.156971 0.111458 0.072596
15 0.021094 0.134856 0.041146 0.047596
15 0.083854 0.092548 0.129167 0.060577
15 0.118229 0.030048 0.172917 0.058173
15 0.036719 0.044952 0.072396 0.067308
