15 0.963462 0.041146 0.041346 0.078125
15 0.979447 0.120313 0.033894 0.162500
15 0.933053 0.227344 0.068029 0.109896
15 0.909375 0.147396 0.055769 0.085417
15 0.974038 0.250781 0.051442 0.095312
15 0.927764 0.337760 0.050721 0.117188
15 0.975601 0.338802 0.043990 0.065104
15 0.934856 0.085156 0.020673 0.064062
15 0.910337 0.054948 0.062981 0.108854
15 0.861418 0.057031 0.039663 0.113021
15 0.861779 0.155208 0.049519 0.087500
15 0.859856 0.262760 0.063942 0.147396
15 0.892668 0.318750 0.019952 0.085417
15 0.865264 0.360417 0.021394 0.043750
15 0.833654 0.352344 0.042788 0.115104
15 0.802885 0.250781 0.048077 0.084896
15 0.818149 0.185156 0.042067 0.063021
15 0.773558 0.190885 0.040865 0.105729
15 0.802404 0.098698 0.080769 0.094271
15 0.811418 0.024740 0.066106 0.048438
15 0.753245 0.051823 0.047837 0.102604
15 0.716466 0.042188 0.027644 0.083333
15 0.739183 0.160156 0.042308 0.073438
15 0.716226 0.238281 0.047837 0.100521
15 0.745553 0.264062 0.028606 0.082292
15 0.785096 0.316927 0.048077 0.084896
15 0.773077 0.374740 0.054808 0.128646
15 0.732692 0.362240 0.042788 0.132812
15 0.694351 0.147135 0.052163 0.106771
15 0.679928 0.230990 0.022837 0.055729
15 0.680409 0.040104 0.032933 0.079167
15 0.695312 0.398698 0.038702 0.106771
15 0.813942 0.403646 0.026923 0.070833
15 0.966106 0.439323 0.064423 0.128646
15 0.904327 0.475781 0.060096 0.122396
15 0.859014 0.444010 0.053606 0.123438
15 0.967308 0.555990 0.065385 0.119271
15 0.973678 0.663281 0.052644 0.092188
15 0.922596 0.690365 0.059135 0.118229
15 0.895673 0.599740 0.065865 0.117188
15 0.846154 0.579167 0.040865 0.130208
15 0.967428 0.753125 0.052163 0.092708
15 0.916827 0.790625 0.049038 0.095833
15 0.975361 0.856510 0.049279 0.125521
15 0.909495 0.887240 0.060337 0.109896
15 0.859856 0.787500 0.059135 0.130208
15 0.820793 0.722917 0.057452 0.103125
15 0.809135 0.840365 0.048558 0.148438
15 0.847957 0.905729 0.060337 0.101042
15 0.783293 0.899219 0.044471 0.090104
15 0.928486 0.971875 0.061779 0.056250
15 0.982452 0.981510 0.035096 0.033854
15 0.825721 0.978646 0.076442 0.042708
15 0.758413 0.970313 0.058173 0.059375
15 0.740144 0.890104 0.040385 0.130208
15 0.702885 0.947135 0.050481 0.105729
15 0.765024 0.760156 0.053606 0.123438
15 0.698918 0.762240 0.045433 0.069271
15 0.727764 0.686719 0.047837 0.119271
15 0.765505 0.646615 0.039183 0.069271
15 0.811779 0.614062 0.054808 0.105208
15 0.809615 0.501823 0.044712 0.111979
15 0.770312 0.542969 0.056010 0.141146
15 0.724760 0.581771 0.051442 0.083333
15 0.703726 0.507031 0.067548 0.107813
15 0.741226 0.461198 0.040144 0.065104
15 0.653365 0.952604 0.071635 0.091667
15 0.651923 0.868229 0.045673 0.076042
15 0.704808 0.846875 0.054327 0.096875
15 0.643269 0.800260 0.062500 0.090104
15 0.674880 0.719271 0.054567 0.065625
15 0.643750 0.686979 0.036058 0.084375
15 0.691587 0.640104 0.060096 0.101042
15 0.646154 0.565885 0.042308 0.158854
15 0.606130 0.655729 0.043510 0.075000
15 0.629447 0.513802 0.030529 0.092188
15 0.656250 0.428125 0.044231 0.067708
15 0.678846 0.302083 0.055769 0.085417
15 0.675721 0.364323 0.018269 0.029687
15 0.646514 0.332813 0.019952 0.134375
15 0.619952 0.345573 0.054808 0.102604
15 0.605409 0.483073 0.050721 0.146354
15 0.646635 0.215104 0.038942 0.095833
15 0.648438 0.097396 0.058413 0.134375
15 0.608293 0.168750 0.043029 0.110417
15 0.609495 0.046615 0.061779 0.090104
15 0.600000 0.744010 0.051923 0.096354
15 0.590024 0.965625 0.056971 0.068750
15 0.598317 0.873437 0.055288 0.116667
15 0.551803 0.917188 0.041587 0.103125
15 0.545673 0.990625 0.027885 0.018750
15 0.556250 0.794010 0.062019 0.131771
15 0.560457 0.679688 0.043510 0.088542
15 0.526683 0.647396 0.050481 0.084375
15 0.543269 0.573438 0.041827 0.086458
15 0.554688 0.479427 0.053125 0.099479
15 0.538942 0.399219 0.064423 0.098437
15 0.575481 0.350521 0.035096 0.115625
15 0.576442 0.244531 0.051442 0.096354
15 0.550120 0.171875 0.064663 0.116667
15 0.568870 0.101302 0.032933 0.067187
15 0.581971 0.011458 0.029808 0.021875
15 0.565986 0.040365 0.016106 0.057813
15 0.533413 0.059896 0.047596 0.118750
15 0.491346 0.201823 0.047596 0.078646
15 0.484856 0.298698 0.060096 0.126562
15 0.529567 0.278906 0.045192 0.092188
15 0.513462 0.351562 0.038462 0.043750
15 0.490144 0.500521 0.062500 0.102083
15 0.508293 0.562240 0.038221 0.101562
15 0.502644 0.762240 0.062500 0.110937
15 0.505889 0.855469 0.066106 0.078646
15 0.518630 0.949219 0.031490 0.098437
15 0.486538 0.940104 0.042788 0.119792
15 0.444591 0.941406 0.043029 0.079687
15 0.456971 0.844792 0.033654 0.101042
15 0.412380 0.834896 0.058413 0.097917
15 0.413582 0.904687 0.052644 0.045833
15 0.399880 0.961979 0.051683 0.064583
15 0.348438 0.904948 0.042067 0.130729
15 0.485337 0.677604 0.032212 0.095833
15 0.450361 0.679688 0.042067 0.129167
15 0.444952 0.759635 0.048558 0.076563
15 0.395313 0.760677 0.053606 0.084896
15 0.414784 0.666146 0.029567 0.097917
15 0.458894 0.586979 0.056250 0.096875
15 0.422236 0.571875 0.041106 0.079167
15 0.435817 0.479687 0.053846 0.100000
15 0.476562 0.415365 0.064663 0.078646
15 0.429688 0.327865 0.046875 0.103646
15 0.418029 0.392708 0.048558 0.064583
15 0.393149 0.479687 0.037260 0.113542
15 0.432091 0.201563 0.043510 0.121875
15 0.475240 0.106250 0.058173 0.130208
15 0.514663 0.140625 0.021635 0.060417
15 0.501563 0.069792 0.021394 0.069792
15 0.479087 0.019010 0.056731 0.036979
15 0.447716 0.029427 0.033413 0.055729
15 0.513221 0.012240 0.012981 0.021354
15 0.418990 0.089063 0.041346 0.113542
15 0.419351 0.013542 0.017548 0.026042
15 0.392067 0.035677 0.049038 0.070312
15 0.399880 0.178906 0.022356 0.099479
15 0.394832 0.286198 0.039663 0.097396
15 0.385937 0.356771 0.036779 0.082292
15 0.379087 0.566406 0.050962 0.083854
15 0.370072 0.658594 0.058894 0.100521
15 0.375240 0.857812 0.024519 0.094792
15 0.358654 0.985156 0.035096 0.029687
15 0.350120 0.764583 0.055048 0.106250
15 0.292308 0.988281 0.066827 0.023438
15 0.298678 0.944792 0.054087 0.057292
15 0.316947 0.899479 0.023798 0.082292
15 0.275120 0.877344 0.067548 0.106771
15 0.319351 0.821094 0.025240 0.086979
15 0.307933 0.731771 0.030769 0.085417
15 0.274519 0.776302 0.052404 0.113021
15 0.326442 0.680729 0.031250 0.055208
15 0.310817 0.620573 0.066346 0.109896
15 0.325361 0.541146 0.049760 0.109375
15 0.355889 0.481510 0.035817 0.082812
15 0.360697 0.409896 0.048317 0.095833
15 0.357212 0.275260 0.036058 0.071354
15 0.377284 0.183073 0.042548 0.166146
15 0.334255 0.146354 0.048798 0.090625
15 0.328245 0.233854 0.043510 0.083333
15 0.318149 0.331250 0.074760 0.117708
15 0.370072 0.058854 0.043029 0.104167
15 0.319231 0.042969 0.067308 0.084896
15 0.316466 0.099479 0.046394 0.042708
15 0.287019 0.144271 0.045673 0.082292
15 0.290385 0.230469 0.048077 0.082812
15 0.273317 0.065885 0.035577 0.080729
15 0.274880 0.016406 0.026683 0.031771
15 0.244231 0.029427 0.028846 0.057813
15 0.315745 0.439063 0.057452 0.098958
15 0.277163 0.457292 0.031731 0.127083
15 0.260337 0.429167 0.047115 0.119792
15 0.270072 0.553646 0.050721 0.096875
15 0.231370 0.513802 0.046875 0.077604
15 0.266466 0.619531 0.033894 0.080729
15 0.267548 0.701042 0.042788 0.082292
15 0.216827 0.701823 0.062019 0.147396
15 0.243269 0.862760 0.030288 0.057813
15 0.216106 0.944792 0.077885 0.101042
15 0.183534 0.988542 0.021394 0.022917
15 0.205529 0.835938 0.056731 0.115625
15 0.231490 0.608333 0.050962 0.096875
15 0.196394 0.563021 0.039423 0.098958
15 0.218870 0.427865 0.030048 0.117188
15 0.246875 0.300521 0.067308 0.146875
15 0.206130 0.260677 0.034856 0.080729
15 0.242188 0.212760 0.050721 0.047396
15 0.234615 0.142448 0.060096 0.102604
15 0.225120 0.056250 0.043510 0.095833
15 0.188462 0.051823 0.031731 0.098437
15 0.186899 0.179688 0.052163 0.121875
15 0.179688 0.119271 0.042067 0.032292
15 0.169471 0.082031 0.019712 0.029687
15 0.138582 0.128125 0.051202 0.069792
15 0.140024 0.053125 0.063702 0.105208
15 0.151923 0.203125 0.038942 0.076042
15 0.159495 0.286979 0.044471 0.088542
15 0.186659 0.365885 0.052163 0.085938
15 0.174279 0.463802 0.069712 0.099479
15 0.157452 0.400781 0.021154 0.057813
15 0.128486 0.378906 0.043510 0.121354
15 0.118990 0.201042 0.028365 0.072917
15 0.125601 0.294271 0.025240 0.086458
15 0.132692 0.540365 0.039904 0.150521
15 0.168630 0.558073 0.016587 0.067187
15 0.151202 0.597396 0.028365 0.042708
15 0.123317 0.671354 0.059615 0.100000
15 0.168149 0.689323 0.030048 0.149479
15 0.172957 0.786458 0.032933 0.073958
15 0.130409 0.777344 0.051202 0.105729
15 0.153125 0.884635 0.048558 0.116146
15 0.139063 0.965104 0.058894 0.069792
15 0.106851 0.917708 0.042067 0.105208
15 0.083293 0.978906 0.043990 0.035937
15 0.065625 0.871094 0.034615 0.127604
15 0.055889 0.759115 0.056971 0.101562
15 0.073197 0.701302 0.069471 0.113021
15 0.023558 0.940625 0.046635 0.117708
15 0.021274 0.822917 0.037740 0.118750
15 0.019832 0.720573 0.039183 0.102604
15 0.032572 0.630990 0.064663 0.067187
15 0.077163 0.586719 0.041346 0.085938
15 0.090505 0.514062 0.054567 0.143750
15 0.043029 0.482812 0.064904 0.108333
15 0.027764 0.558854 0.055048 0.068750
15 0.084135 0.352344 0.049038 0.100521
15 0.065385 0.375000 0.055769 0.112500
15 0.013702 0.427083 0.026923 0.120833
15 0.021995 0.346875 0.042067 0.113542
15 0.068269 0.261198 0.080288 0.074479
15 0.073077 0.152865 0.064904 0.140104
15 0.040625 0.207031 0.033173 0.078646
15 0.017308 0.240365 0.034135 0.092188
15 0.019832 0.125521 0.039183 0.117708
15 0.097716 0.077083 0.032452 0.111458
15 0.080649 0.039583 0.035817 0.075000
15 0.036178 0.049740 0.052644 0.098437
