15 0.946635 0.146875 0.054327 0.136458
15 0.953125 0.294271 0.062500 0.156250
15 0.985096 0.432812 0.020192 0.100000
15 0.942067 0.408594 0.058173 0.090104
15 0.942788 0.497656 0.041827 0.095312
15 0.954087 0.606250 0.062981 0.094792
15 0.914543 0.660677 0.049279 0.120313
15 0.950000 0.707552 0.047596 0.086979
15 0.949880 0.889583 0.050240 0.165625
15 0.977644 0.851823 0.023558 0.122396
15 0.903245 0.969792 0.046875 0.060417
15 0.934135 0.962240 0.028365 0.075521
15 0.885457 0.885417 0.059375 0.100000
15 0.912139 0.800260 0.049760 0.086979
15 0.880288 0.705469 0.053365 0.123438
15 0.892668 0.574219 0.061779 0.076563
15 0.878726 0.508073 0.071394 0.099479
15 0.847837 0.435937 0.068269 0.093750
15 0.882452 0.349219 0.072596 0.077604
15 0.801923 0.924740 0.062981 0.110937
15 0.838462 0.942187 0.024038 0.115625
15 0.808534 0.830469 0.069952 0.079687
15 0.835577 0.753385 0.053365 0.080729
15 0.777043 0.729688 0.070913 0.116667
15 0.759255 0.896354 0.031490 0.070833
15 0.762500 0.975000 0.057212 0.050000
15 0.708053 0.965885 0.054087 0.068229
15 0.700601 0.876042 0.078606 0.104167
15 0.727524 0.804948 0.059856 0.079687
15 0.827404 0.645833 0.044712 0.127083
15 0.786298 0.598437 0.058654 0.106250
15 0.735337 0.621354 0.037981 0.060417
15 0.708293 0.702083 0.059856 0.082292
15 0.727524 0.744010 0.051202 0.048438
15 0.662740 0.770052 0.061538 0.107813
15 0.659014 0.699479 0.020913 0.031250
15 0.635938 0.855208 0.044471 0.073958
15 0.638942 0.952604 0.077885 0.079167
15 0.586779 0.872656 0.092308 0.215104
15 0.780168 0.447917 0.051683 0.102083
15 0.738462 0.458333 0.065865 0.120833
15 0.743389 0.545052 0.035817 0.057813
15 0.695072 0.473698 0.060817 0.172396
15 0.652163 0.452083 0.024519 0.105208
15 0.689063 0.572396 0.051202 0.146875
15 0.637380 0.620313 0.044952 0.108333
15 0.649038 0.543229 0.027885 0.042708
15 0.606490 0.583594 0.038942 0.108854
15 0.597716 0.527865 0.083413 0.106771
15 0.568149 0.658594 0.040144 0.090104
15 0.600240 0.747135 0.066827 0.115104
15 0.534495 0.718750 0.045433 0.083333
15 0.521875 0.577083 0.059615 0.107292
15 0.521394 0.473958 0.034135 0.093750
15 0.579327 0.439844 0.070192 0.116146
15 0.818149 0.368229 0.078606 0.113542
15 0.887620 0.230208 0.044471 0.138542
15 0.836058 0.255469 0.051442 0.089063
15 0.846995 0.177865 0.054087 0.100521
15 0.867788 0.096094 0.051923 0.106771
15 0.863582 0.020573 0.046394 0.040104
15 0.820072 0.034115 0.045913 0.060937
15 0.798918 0.136979 0.050721 0.103125
15 0.775601 0.054948 0.061779 0.107813
15 0.742548 0.157812 0.065385 0.082292
15 0.779928 0.242448 0.052163 0.119271
15 0.740144 0.341406 0.044231 0.097396
15 0.702764 0.257552 0.047356 0.123438
15 0.739062 0.245312 0.031490 0.087500
15 0.692067 0.350781 0.033654 0.071354
15 0.630048 0.328906 0.068750 0.099479
15 0.654207 0.269792 0.036779 0.085417
15 0.669111 0.150260 0.051683 0.131771
15 0.678005 0.057552 0.045913 0.114062
15 0.721755 0.075781 0.025721 0.073438
15 0.715986 0.013542 0.021875 0.026042
15 0.634014 0.048438 0.041587 0.094792
15 0.621514 0.202604 0.046394 0.125000
15 0.584135 0.244792 0.037019 0.095833
15 0.579808 0.347135 0.047596 0.088021
15 0.515865 0.282031 0.081731 0.142187
15 0.547716 0.183594 0.060337 0.079687
15 0.570553 0.075260 0.080048 0.127604
15 0.535216 0.047135 0.027644 0.093229
15 0.488942 0.035417 0.066827 0.069792
15 0.479447 0.140104 0.079567 0.138542
15 0.511779 0.395833 0.078846 0.078125
15 0.468149 0.409635 0.045433 0.133854
15 0.468510 0.257812 0.042788 0.145833
15 0.432332 0.272396 0.030529 0.114583
15 0.437981 0.131510 0.041827 0.179688
15 0.428125 0.034375 0.047596 0.067708
15 0.387139 0.097656 0.055048 0.149479
15 0.390505 0.195052 0.059856 0.094271
15 0.421995 0.421615 0.057452 0.089063
15 0.440745 0.524219 0.060817 0.141146
15 0.478606 0.557031 0.030769 0.098437
15 0.498197 0.678646 0.044471 0.116667
15 0.450721 0.643490 0.048077 0.104688
15 0.462139 0.745833 0.066106 0.091667
15 0.521995 0.846354 0.055529 0.135417
15 0.472716 0.829427 0.051202 0.075521
15 0.415385 0.869792 0.051923 0.133333
15 0.397957 0.789062 0.083413 0.083333
15 0.405288 0.710417 0.047596 0.115625
15 0.515385 0.928125 0.038462 0.071875
15 0.465865 0.928906 0.057692 0.142187
15 0.403846 0.969271 0.073558 0.054167
15 0.335096 0.961198 0.043269 0.070312
15 0.332572 0.867188 0.049760 0.156250
15 0.372837 0.884896 0.036538 0.080208
15 0.278245 0.968750 0.059856 0.062500
15 0.198798 0.942969 0.066346 0.109896
15 0.255769 0.807292 0.048077 0.118750
15 0.289543 0.855469 0.044952 0.143229
15 0.329327 0.758073 0.034615 0.082812
15 0.366226 0.683594 0.049760 0.111979
15 0.312620 0.680990 0.045913 0.117188
15 0.275361 0.702604 0.048798 0.104167
15 0.225962 0.723437 0.057692 0.132292
15 0.374760 0.510938 0.058173 0.169792
15 0.338341 0.572917 0.041106 0.141667
15 0.293990 0.549740 0.062500 0.099479
15 0.254447 0.587760 0.040144 0.118229
15 0.229928 0.434635 0.059375 0.185938
15 0.282933 0.441406 0.058173 0.098437
15 0.319952 0.382292 0.049038 0.082292
15 0.336659 0.466146 0.040625 0.062500
15 0.372596 0.378125 0.051923 0.084375
15 0.345313 0.294531 0.085817 0.084896
15 0.322356 0.209375 0.070192 0.085417
15 0.272115 0.315365 0.063462 0.128646
15 0.248197 0.191667 0.069952 0.148958
15 0.198918 0.284375 0.054087 0.103125
15 0.140264 0.896615 0.056010 0.142187
15 0.118029 0.983854 0.067308 0.032292
15 0.040385 0.790625 0.039904 0.132292
15 0.008413 0.897396 0.016346 0.095833
15 0.155649 0.756771 0.056010 0.136458
15 0.118510 0.769010 0.047115 0.144271
15 0.181611 0.676042 0.053606 0.143750
15 0.206731 0.583333 0.059615 0.106250
15 0.182933 0.503906 0.059135 0.091146
15 0.128846 0.614062 0.082212 0.128125
15 0.069471 0.668750 0.028846 0.104167
15 0.094591 0.562500 0.055529 0.062500
15 0.091587 0.475260 0.072115 0.075521
15 0.033654 0.395313 0.050481 0.101042
15 0.077764 0.311198 0.054087 0.110937
15 0.137740 0.438021 0.044712 0.116667
15 0.107332 0.388802 0.049760 0.110937
15 0.127404 0.251823 0.044231 0.123438
15 0.095312 0.194010 0.065625 0.100521
15 0.009135 0.259375 0.017788 0.096875
15 0.159255 0.305729 0.037260 0.102083
15 0.186178 0.400260 0.045433 0.120313
15 0.272115 0.096875 0.058173 0.126042
15 0.299159 0.056771 0.058894 0.094792
15 0.329688 0.105208 0.054567 0.117708
15 0.360817 0.042708 0.053846 0.064583
15 0.231250 0.032552 0.062019 0.064062
15 0.178125 0.063021 0.045192 0.097917
15 0.201683 0.158594 0.051923 0.106771
15 0.125000 0.073177 0.050000 0.120313
15 0.035577 0.057552 0.070673 0.114062
