15 0.823370 0.119250 0.054348 0.020000
15 0.833696 0.140375 0.039130 0.021750
15 0.777174 0.124500 0.036957 0.013000
15 0.775272 0.137875 0.060326 0.010750
15 0.726087 0.126500 0.057609 0.019500
15 0.692120 0.142750 0.071196 0.009500
15 0.708967 0.154375 0.050543 0.012750
15 0.772826 0.149500 0.080435 0.010000
15 0.630163 0.153000 0.037500 0.021500
15 0.658424 0.161750 0.046196 0.015000
15 0.657609 0.179875 0.045652 0.022750
15 0.710598 0.168125 0.053804 0.011750
15 0.756250 0.167750 0.029891 0.019500
15 0.789946 0.163000 0.032065 0.015500
15 0.823098 0.163375 0.032065 0.012250
15 0.857880 0.164500 0.034239 0.017500
15 0.829891 0.177500 0.042391 0.018000
15 0.784783 0.179500 0.039130 0.014500
15 0.728261 0.183875 0.040217 0.033250
15 0.761685 0.195250 0.032065 0.014500
15 0.820924 0.195875 0.042935 0.015250
15 0.866848 0.185250 0.059783 0.018000
15 0.858967 0.208375 0.044022 0.024750
15 0.808152 0.209625 0.046739 0.018250
15 0.789130 0.222500 0.033696 0.020500
15 0.753804 0.207500 0.054348 0.017000
15 0.720924 0.205875 0.040761 0.011250
15 0.679076 0.198250 0.046196 0.016000
15 0.625815 0.192125 0.044022 0.016250
15 0.600543 0.181750 0.039130 0.016000
15 0.569565 0.198250 0.042391 0.021500
15 0.616848 0.207500 0.059783 0.014000
15 0.636685 0.219250 0.060326 0.016000
15 0.695924 0.220250 0.049457 0.023500
15 0.659511 0.238875 0.040761 0.024250
15 0.623098 0.233375 0.019022 0.011750
15 0.617663 0.250125 0.040761 0.017750
15 0.649185 0.268125 0.047283 0.019750
15 0.706250 0.246750 0.050543 0.021000
15 0.743478 0.225500 0.045652 0.022000
15 0.831793 0.235250 0.033152 0.028500
15 0.871467 0.228375 0.038587 0.015250
15 0.770109 0.257000 0.055435 0.029000
15 0.721467 0.276750 0.052717 0.026000
15 0.850272 0.257125 0.078804 0.018750
15 0.824457 0.270750 0.048913 0.016000
15 0.806522 0.288625 0.060870 0.026750
15 0.768207 0.298250 0.052717 0.016000
15 0.899728 0.169000 0.037500 0.017000
15 0.944022 0.161500 0.038043 0.019000
15 0.984783 0.158125 0.030435 0.011250
15 0.977717 0.175750 0.040217 0.021000
15 0.933696 0.177250 0.044565 0.012000
15 0.933424 0.193375 0.045109 0.017750
15 0.938043 0.212125 0.058696 0.009250
15 0.921196 0.228500 0.071739 0.020500
15 0.966848 0.234375 0.065217 0.024250
15 0.913587 0.249625 0.045652 0.014250
15 0.926087 0.266125 0.076087 0.018250
15 0.966848 0.253625 0.048913 0.008750
15 0.994022 0.263875 0.011957 0.014250
15 0.973098 0.273375 0.045109 0.012250
15 0.980435 0.193375 0.039130 0.024750
15 0.984783 0.214250 0.030435 0.011500
15 0.986957 0.312500 0.026087 0.015500
15 0.982065 0.332000 0.035870 0.025000
15 0.949728 0.339500 0.057065 0.032000
15 0.902446 0.336875 0.045109 0.023750
15 0.851902 0.350625 0.054891 0.023750
15 0.793750 0.352250 0.060326 0.026500
15 0.774457 0.334500 0.053261 0.020500
15 0.734783 0.353750 0.057609 0.023500
15 0.687228 0.325625 0.059239 0.018750
15 0.641848 0.317250 0.046739 0.016000
15 0.623913 0.297125 0.050000 0.019750
15 0.584783 0.306375 0.032609 0.011750
15 0.598913 0.322000 0.053261 0.021500
15 0.567663 0.338500 0.050543 0.026000
15 0.621739 0.361875 0.041304 0.033250
15 0.669565 0.358625 0.051087 0.025750
15 0.698641 0.380875 0.057065 0.023750
15 0.732337 0.393625 0.042935 0.022250
15 0.577446 0.281250 0.050543 0.025000
15 0.606793 0.270500 0.030978 0.025500
15 0.556793 0.258125 0.058152 0.016250
15 0.532880 0.273500 0.028804 0.016000
15 0.524185 0.286250 0.051630 0.015500
15 0.519022 0.296375 0.058696 0.012250
15 0.525272 0.310000 0.051630 0.021000
15 0.474457 0.311500 0.047826 0.022500
15 0.432065 0.305500 0.056522 0.019500
15 0.468478 0.293750 0.038043 0.010500
15 0.484783 0.273000 0.041304 0.024000
15 0.504076 0.258875 0.040761 0.018750
15 0.435598 0.280125 0.049457 0.021750
15 0.392663 0.284750 0.036413 0.017500
15 0.384239 0.269000 0.042391 0.021000
15 0.434239 0.260125 0.051087 0.017750
15 0.522283 0.239375 0.056522 0.019750
15 0.566576 0.229250 0.035326 0.026500
15 0.492391 0.220375 0.060870 0.019250
15 0.469293 0.241875 0.050543 0.021750
15 0.417663 0.243125 0.040761 0.015750
15 0.398370 0.231500 0.040217 0.021000
15 0.444837 0.218000 0.050543 0.024500
15 0.494293 0.204875 0.054891 0.018750
15 0.382609 0.212000 0.076087 0.021500
15 0.369293 0.195875 0.061413 0.019250
15 0.314402 0.219250 0.066848 0.030000
15 0.343207 0.232250 0.055978 0.011000
15 0.334239 0.247750 0.053261 0.022000
15 0.286141 0.250125 0.033152 0.020750
15 0.326630 0.282000 0.055435 0.022000
15 0.502174 0.328375 0.080435 0.014750
15 0.516304 0.341500 0.033696 0.015500
15 0.474185 0.345875 0.041848 0.015750
15 0.421196 0.343500 0.047826 0.025500
15 0.385598 0.356375 0.059239 0.017750
15 0.459239 0.367000 0.053261 0.020000
15 0.522826 0.363375 0.058696 0.022750
15 0.575543 0.370375 0.044565 0.028250
15 0.336685 0.367875 0.035326 0.026750
15 0.394837 0.373875 0.077717 0.018250
15 0.282337 0.359875 0.065761 0.021750
15 0.269022 0.380250 0.070652 0.014000
15 0.260598 0.219875 0.040761 0.020750
15 0.935870 0.362625 0.059783 0.023250
15 0.987228 0.358625 0.025543 0.024250
15 0.973913 0.382250 0.052174 0.022000
15 0.895380 0.372125 0.069022 0.017250
15 0.869293 0.390000 0.044022 0.023000
15 0.920109 0.403625 0.056522 0.027250
15 0.975272 0.406000 0.034239 0.020000
15 0.962228 0.422500 0.034239 0.017500
15 0.877717 0.419250 0.051087 0.029000
15 0.816848 0.396750 0.045652 0.023500
15 0.813043 0.373125 0.068478 0.020250
15 0.785054 0.413250 0.058152 0.028500
15 0.865489 0.446500 0.048370 0.033000
15 0.818750 0.452875 0.059239 0.018750
15 0.787500 0.439375 0.059783 0.020250
15 0.734783 0.430500 0.054348 0.029500
15 0.693207 0.413875 0.046196 0.030750
15 0.922554 0.479125 0.070109 0.028250
15 0.858967 0.471500 0.044022 0.027000
15 0.781250 0.479625 0.070109 0.023750
15 0.616848 0.425000 0.082609 0.018000
15 0.598098 0.407375 0.048370 0.026250
15 0.538859 0.397000 0.044022 0.026500
15 0.544293 0.416750 0.046196 0.023500
15 0.491033 0.414000 0.053804 0.031000
15 0.503261 0.388625 0.042391 0.018750
15 0.458424 0.389250 0.048370 0.020000
15 0.440761 0.411875 0.042391 0.028750
15 0.399185 0.393375 0.047283 0.020250
15 0.358967 0.400000 0.047283 0.019500
15 0.410598 0.427875 0.036413 0.029250
15 0.355707 0.424500 0.049457 0.028000
15 0.293750 0.413625 0.058152 0.019750
15 0.314946 0.396125 0.046196 0.022250
15 0.303261 0.438625 0.082609 0.027750
15 0.292391 0.456250 0.040217 0.023000
15 0.423098 0.466375 0.030978 0.038250
15 0.469565 0.460125 0.051087 0.032250
15 0.520380 0.463625 0.049457 0.021750
15 0.594837 0.469375 0.091848 0.026750
15 0.623370 0.442000 0.038043 0.018500
15 0.547011 0.442625 0.079891 0.027250
15 0.672826 0.447250 0.071739 0.030500
15 0.675543 0.473125 0.065217 0.023750
15 0.304891 0.482500 0.075000 0.029500
15 0.335054 0.503250 0.061413 0.027000
15 0.406793 0.503750 0.039674 0.028500
15 0.467935 0.513125 0.068478 0.032750
15 0.507609 0.487500 0.068478 0.029000
15 0.562228 0.506750 0.063587 0.028500
15 0.609783 0.497375 0.051087 0.023750
15 0.664674 0.501500 0.056522 0.021500
15 0.714674 0.490375 0.046739 0.015250
15 0.754076 0.502375 0.051630 0.016750
15 0.711957 0.511750 0.046739 0.016500
15 0.782880 0.526875 0.038587 0.039750
15 0.828804 0.531375 0.048913 0.031250
15 0.845109 0.499125 0.065217 0.030250
15 0.923370 0.506250 0.072826 0.021000
15 0.913587 0.527000 0.071739 0.027000
15 0.984511 0.521625 0.030978 0.028250
15 0.992391 0.437750 0.015217 0.022500
15 0.721196 0.535000 0.071739 0.033500
15 0.755435 0.557500 0.075000 0.026500
15 0.661141 0.550250 0.064674 0.021500
15 0.604348 0.533750 0.041304 0.028000
15 0.527446 0.531750 0.052717 0.020000
15 0.479076 0.544375 0.062500 0.028250
15 0.460054 0.561500 0.070109 0.039500
15 0.366304 0.550125 0.081522 0.021750
15 0.390489 0.579000 0.070109 0.033000
15 0.551902 0.559875 0.072283 0.029250
15 0.617935 0.563125 0.046739 0.032250
15 0.691576 0.580625 0.072283 0.029750
15 0.756522 0.592000 0.071739 0.029000
15 0.871196 0.585250 0.069565 0.035500
15 0.926087 0.578875 0.064130 0.034750
15 0.983967 0.582000 0.032065 0.030000
15 0.904891 0.614500 0.063043 0.030500
15 0.683152 0.639750 0.079348 0.034000
15 0.741848 0.666000 0.114130 0.025000
15 0.972283 0.701250 0.055435 0.022000
15 0.913587 0.724500 0.078261 0.038000
15 0.630163 0.673750 0.076630 0.045000
15 0.497554 0.636750 0.071196 0.039000
15 0.515761 0.677375 0.048913 0.036750
15 0.453261 0.680250 0.069565 0.037500
15 0.477174 0.726000 0.086957 0.040500
15 0.388587 0.699000 0.071739 0.023500
15 0.358152 0.731000 0.081522 0.044000
15 0.431250 0.764500 0.089674 0.036000
15 0.324457 0.668750 0.091304 0.046000
15 0.291304 0.724625 0.072826 0.045750
15 0.432065 0.609750 0.071739 0.034000
15 0.350543 0.612375 0.097826 0.031750
15 0.294022 0.608000 0.078261 0.037000
15 0.288043 0.640500 0.094565 0.025000
15 0.229348 0.664375 0.073913 0.023250
15 0.175000 0.640875 0.081522 0.032750
15 0.235870 0.607500 0.068478 0.038500
15 0.173370 0.566750 0.065217 0.031000
15 0.236957 0.539250 0.059783 0.041500
15 0.232065 0.485250 0.069565 0.039500
15 0.246739 0.458500 0.053261 0.028500
15 0.010598 0.807875 0.020109 0.042750
15 0.214674 0.727625 0.070652 0.039750
15 0.250543 0.696375 0.077174 0.027750
15 0.142935 0.703500 0.073913 0.024000
15 0.125543 0.669625 0.065217 0.034250
15 0.059783 0.658875 0.078261 0.032250
15 0.006250 0.649750 0.011413 0.031000
15 0.066848 0.630000 0.079348 0.031000
15 0.088043 0.597500 0.093478 0.026000
15 0.103533 0.547875 0.073370 0.023750
15 0.029620 0.561875 0.058152 0.036750
15 0.166304 0.532000 0.056522 0.027500
15 0.141304 0.499000 0.067391 0.035000
15 0.173370 0.468625 0.076087 0.025750
15 0.108152 0.463250 0.056522 0.032000
15 0.116576 0.430875 0.064674 0.026750
15 0.072554 0.417750 0.053804 0.029500
15 0.214130 0.412250 0.046739 0.017000
15 0.256793 0.398000 0.052717 0.016000
15 0.213043 0.362125 0.053261 0.022750
15 0.188587 0.387500 0.076087 0.022000
15 0.150815 0.362500 0.065761 0.023000
15 0.077989 0.355000 0.069022 0.031000
15 0.164946 0.336000 0.062500 0.020500
15 0.231250 0.347000 0.044022 0.020500
15 0.241304 0.327625 0.075000 0.015750
15 0.209783 0.306375 0.060870 0.020750
15 0.106522 0.320125 0.051087 0.018250
15 0.043207 0.319750 0.041848 0.025000
15 0.061413 0.298875 0.046739 0.017750
15 0.117391 0.296875 0.060870 0.024250
15 0.175000 0.292000 0.053261 0.016500
15 0.223098 0.281875 0.057065 0.020750
15 0.251902 0.269500 0.034239 0.024500
15 0.198370 0.262625 0.046739 0.015250
15 0.170109 0.275500 0.047826 0.019500
15 0.124728 0.279250 0.038587 0.014000
15 0.076902 0.281625 0.032065 0.011750
15 0.088587 0.265750 0.058696 0.016500
15 0.027174 0.281750 0.053261 0.016000
15 0.030978 0.265750 0.041304 0.020000
15 0.065217 0.249125 0.046739 0.015250
15 0.147554 0.255000 0.051630 0.024500
15 0.192663 0.246125 0.058152 0.013250
15 0.227446 0.235125 0.071196 0.025750
15 0.137228 0.222125 0.049457 0.014250
15 0.115489 0.238500 0.048370 0.025500
15 0.076359 0.230875 0.045109 0.022250
15 0.042391 0.222875 0.043478 0.020750
15 0.021739 0.240125 0.042391 0.017250
15 0.074728 0.211250 0.044022 0.017500
15 0.120652 0.212500 0.032609 0.012500
15 0.972554 0.898750 0.054891 0.049500
