15 0.822250 0.137772 0.042500 0.075543
15 0.851500 0.171467 0.031000 0.059239
15 0.887875 0.201630 0.034250 0.080435
15 0.871250 0.282880 0.035000 0.091848
15 0.846500 0.234783 0.042000 0.064130
15 0.805000 0.221467 0.031000 0.049457
15 0.763000 0.217935 0.046500 0.081522
15 0.775750 0.179620 0.030500 0.036413
15 0.779000 0.128261 0.040500 0.060870
15 0.725375 0.127446 0.033250 0.079891
15 0.729000 0.211957 0.025500 0.046739
15 0.700125 0.249185 0.029250 0.038587
15 0.724875 0.280435 0.033750 0.066304
15 0.678000 0.296196 0.031000 0.075000
15 0.705375 0.329620 0.034750 0.035326
15 0.758500 0.297554 0.027500 0.060326
15 0.780625 0.367663 0.022750 0.095109
15 0.747375 0.362500 0.041750 0.070652
15 0.708125 0.386957 0.036750 0.060870
15 0.815125 0.289674 0.069750 0.102174
15 0.825375 0.365217 0.049250 0.063043
15 0.880000 0.358967 0.028000 0.052717
15 0.908375 0.304076 0.037250 0.092935
15 0.939750 0.336413 0.029500 0.058696
15 0.695375 0.183152 0.036750 0.083696
15 0.674625 0.139946 0.030250 0.061413
15 0.659125 0.223098 0.038250 0.100543
15 0.639500 0.129348 0.032500 0.075000
15 0.609000 0.133967 0.025500 0.060326
15 0.625375 0.202174 0.030750 0.075000
15 0.600750 0.201087 0.020500 0.060870
15 0.575375 0.207609 0.035750 0.052174
15 0.569000 0.130163 0.044500 0.087500
15 0.601125 0.269837 0.027750 0.073370
15 0.633000 0.276902 0.027000 0.054891
15 0.632625 0.332337 0.041250 0.060326
15 0.593750 0.329891 0.026000 0.070652
15 0.564875 0.288315 0.039250 0.064674
15 0.542125 0.260326 0.032750 0.054348
15 0.514750 0.226087 0.038000 0.042391
15 0.523750 0.173098 0.030500 0.052717
15 0.550125 0.208967 0.018250 0.053804
15 0.514500 0.115489 0.039000 0.062500
15 0.501500 0.256250 0.042000 0.064674
15 0.523250 0.318207 0.031500 0.063587
15 0.480500 0.285598 0.043500 0.066848
15 0.466125 0.233696 0.040250 0.042391
15 0.445375 0.183424 0.036750 0.084239
15 0.480875 0.173641 0.035750 0.072283
15 0.453000 0.135326 0.027500 0.036957
15 0.465625 0.338859 0.041250 0.077717
15 0.498750 0.358696 0.023500 0.067391
15 0.523250 0.386141 0.025000 0.036413
15 0.561125 0.358152 0.042750 0.067391
15 0.590125 0.399728 0.037250 0.047283
15 0.539375 0.422283 0.047250 0.073913
15 0.488875 0.423370 0.048250 0.070652
15 0.487625 0.486141 0.049750 0.054891
15 0.522500 0.490761 0.038500 0.076087
15 0.565875 0.485870 0.038250 0.061957
15 0.593250 0.450543 0.050000 0.048913
15 0.636375 0.435870 0.041750 0.075000
15 0.632250 0.376902 0.037000 0.040761
15 0.673375 0.411141 0.050250 0.087500
15 0.673500 0.488043 0.050500 0.077174
15 0.639875 0.535326 0.035750 0.094565
15 0.601750 0.516033 0.039500 0.087500
15 0.563125 0.588043 0.025750 0.091304
15 0.525250 0.564946 0.049500 0.098370
15 0.483375 0.550543 0.038250 0.063043
15 0.469750 0.615761 0.061000 0.065217
15 0.446375 0.522826 0.032250 0.108696
15 0.746500 0.433967 0.063500 0.065761
15 0.807125 0.423098 0.040250 0.057065
15 0.745375 0.488859 0.039250 0.045109
15 0.721125 0.521196 0.058750 0.072826
15 0.778375 0.504348 0.044750 0.086957
15 0.640875 0.603533 0.047250 0.102717
15 0.600500 0.590489 0.037500 0.072283
15 0.676750 0.583424 0.031500 0.076630
15 0.691500 0.633424 0.030000 0.071196
15 0.738125 0.596467 0.065250 0.054891
15 0.759125 0.565489 0.028750 0.067935
15 0.815000 0.559511 0.027000 0.086413
15 0.835500 0.502174 0.064500 0.118478
15 0.872250 0.476087 0.062000 0.065217
15 0.845375 0.412228 0.037250 0.060326
15 0.873625 0.414130 0.012750 0.051087
15 0.908250 0.405707 0.057000 0.090761
15 0.948000 0.405435 0.033000 0.086957
15 0.963250 0.469837 0.033000 0.072283
15 0.926875 0.472283 0.038250 0.061957
15 0.900125 0.549457 0.047250 0.091304
15 0.934500 0.561141 0.032000 0.097283
15 0.863000 0.592935 0.041000 0.069565
15 0.842750 0.644293 0.045000 0.091848
15 0.809625 0.665761 0.039250 0.089130
15 0.760250 0.667935 0.063000 0.121739
15 0.717875 0.683424 0.025750 0.101630
15 0.647750 0.688315 0.053000 0.113587
15 0.744375 0.761413 0.037250 0.078261
15 0.837250 0.743207 0.032500 0.078804
15 0.876625 0.740761 0.050250 0.094565
15 0.901500 0.656522 0.046000 0.077174
15 0.944375 0.683424 0.041250 0.115761
15 0.974500 0.540489 0.049500 0.078804
15 0.976625 0.603261 0.045750 0.075000
15 0.982000 0.694837 0.035000 0.101630
15 0.879375 0.823370 0.048250 0.102174
15 0.937125 0.853804 0.056750 0.142391
15 0.982625 0.803804 0.034750 0.097826
15 0.799625 0.790217 0.078750 0.113043
15 0.837625 0.850815 0.032250 0.084239
15 0.786500 0.874185 0.062000 0.041848
15 0.729375 0.843478 0.036250 0.090217
15 0.695500 0.831522 0.029000 0.109783
15 0.699875 0.764130 0.043750 0.057609
15 0.654250 0.802174 0.052500 0.131522
15 0.624375 0.788043 0.031250 0.091304
15 0.618875 0.899185 0.025750 0.066848
15 0.983000 0.915489 0.034000 0.095109
15 0.978500 0.981250 0.043000 0.037500
15 0.951500 0.969022 0.020500 0.058696
15 0.913125 0.960326 0.058250 0.072826
15 0.854625 0.945109 0.058750 0.109783
15 0.888625 0.895652 0.037250 0.055435
15 0.798875 0.929076 0.055250 0.128804
15 0.743250 0.967663 0.071000 0.064674
15 0.737375 0.913315 0.057250 0.038587
15 0.657500 0.923098 0.053500 0.151630
15 0.696000 0.923370 0.023000 0.104348
15 0.617375 0.975000 0.026250 0.050000
15 0.578375 0.951902 0.043750 0.074457
15 0.553875 0.986413 0.025750 0.027174
15 0.529000 0.928261 0.055500 0.093478
15 0.576250 0.852174 0.062500 0.104348
15 0.594750 0.761957 0.021000 0.088043
15 0.570625 0.733967 0.043750 0.104891
15 0.598875 0.672283 0.033750 0.079348
15 0.559250 0.664402 0.035500 0.053804
15 0.532500 0.779076 0.032000 0.108152
15 0.510875 0.839402 0.036250 0.082065
15 0.506250 0.976359 0.050500 0.047283
15 0.454750 0.948370 0.038000 0.103261
15 0.454000 0.850815 0.082000 0.082065
15 0.455375 0.748913 0.067250 0.095652
15 0.468750 0.669565 0.055500 0.070652
15 0.515250 0.704620 0.035000 0.105978
15 0.403750 0.972011 0.049000 0.055978
15 0.396000 0.907337 0.034000 0.065761
15 0.406125 0.830978 0.033750 0.076087
15 0.399750 0.742663 0.046500 0.098370
15 0.358500 0.766033 0.040500 0.079891
15 0.318375 0.758696 0.043250 0.089130
15 0.325375 0.853804 0.055250 0.094565
15 0.352000 0.899728 0.046000 0.084239
15 0.351250 0.974185 0.048500 0.051630
15 0.303625 0.974728 0.060250 0.050543
15 0.273500 0.950000 0.075500 0.085870
15 0.266250 0.863043 0.058000 0.073913
15 0.274000 0.786957 0.040000 0.061957
15 0.287375 0.710870 0.021750 0.078261
15 0.343625 0.682880 0.059750 0.075543
15 0.399375 0.639130 0.062250 0.089130
15 0.423125 0.575543 0.032750 0.088043
15 0.392000 0.559239 0.037000 0.078261
15 0.353750 0.605707 0.040000 0.076630
15 0.310125 0.644022 0.048750 0.077174
15 0.255250 0.721739 0.049000 0.126087
15 0.216500 0.734239 0.030500 0.101087
15 0.226500 0.627989 0.036500 0.085326
15 0.259375 0.578533 0.048750 0.070109
15 0.309250 0.555163 0.042500 0.075543
15 0.345375 0.533424 0.037250 0.058152
15 0.387875 0.484239 0.043250 0.102174
15 0.425875 0.454891 0.045750 0.060870
15 0.375625 0.412500 0.030250 0.061957
15 0.344500 0.464130 0.042000 0.083696
15 0.311000 0.491033 0.023500 0.044022
15 0.339250 0.397283 0.032000 0.046739
15 0.410750 0.378533 0.047000 0.080978
15 0.454500 0.406793 0.033000 0.063587
15 0.400875 0.312772 0.045250 0.051630
15 0.361625 0.352174 0.029750 0.055435
15 0.322625 0.341304 0.042750 0.060870
15 0.344000 0.291576 0.052500 0.042935
15 0.374125 0.283696 0.034750 0.041304
15 0.300625 0.410326 0.045250 0.097826
15 0.275500 0.493478 0.068000 0.091304
15 0.263500 0.439674 0.041500 0.051087
15 0.230375 0.428261 0.031750 0.070652
15 0.280000 0.324185 0.041000 0.063587
15 0.402125 0.222011 0.032750 0.091848
15 0.410875 0.161957 0.038250 0.057609
15 0.362250 0.202989 0.045500 0.092935
15 0.335375 0.198098 0.021250 0.098370
15 0.315125 0.152717 0.041250 0.057609
15 0.301000 0.216576 0.040500 0.107065
15 0.277875 0.160598 0.030250 0.072283
15 0.280250 0.286685 0.038000 0.021196
15 0.240000 0.232609 0.038500 0.063043
15 0.237625 0.329348 0.036250 0.130435
15 0.183625 0.259239 0.043250 0.100000
15 0.169000 0.150272 0.044000 0.077717
15 0.195625 0.322011 0.050750 0.053804
15 0.186500 0.394565 0.062000 0.098913
15 0.149750 0.346196 0.031500 0.054348
15 0.111125 0.319837 0.043250 0.055978
15 0.116500 0.391304 0.063000 0.092391
15 0.187625 0.491033 0.059750 0.096196
15 0.224000 0.515761 0.030500 0.094565
15 0.194750 0.586413 0.042500 0.094565
15 0.145625 0.592120 0.052750 0.121196
15 0.141375 0.532880 0.032250 0.054891
15 0.146625 0.454076 0.029250 0.072283
15 0.113250 0.492663 0.035000 0.061413
15 0.103875 0.554076 0.039750 0.076630
15 0.079875 0.640489 0.030250 0.094022
15 0.104875 0.698913 0.079250 0.091304
15 0.188375 0.676902 0.049250 0.075543
15 0.157125 0.749728 0.077750 0.101630
15 0.083750 0.807065 0.059000 0.086957
15 0.044000 0.572826 0.063500 0.081522
15 0.066375 0.478804 0.050750 0.123913
15 0.030250 0.502989 0.034500 0.064674
15 0.026500 0.416848 0.040000 0.082609
15 0.007375 0.518478 0.014250 0.098913
15 0.019500 0.636957 0.036500 0.085870
15 0.040750 0.701359 0.060500 0.062500
15 0.039375 0.785326 0.071750 0.135870
15 0.154000 0.890489 0.051500 0.149457
15 0.210000 0.892120 0.056500 0.112500
15 0.201000 0.819022 0.065500 0.071739
15 0.131625 0.968478 0.063250 0.059783
15 0.200750 0.977717 0.058500 0.044565
15 0.094750 0.876902 0.060000 0.110326
15 0.042250 0.947011 0.055500 0.105978
15 0.006250 0.930978 0.012000 0.105435
