15 0.987380 0.165365 0.025240 0.039062
15 0.963341 0.151042 0.042067 0.078125
15 0.933534 0.143229 0.068029 0.096875
15 0.927885 0.085156 0.045673 0.047396
15 0.891226 0.110937 0.029567 0.096875
15 0.891827 0.225260 0.037981 0.114062
15 0.934736 0.222917 0.035337 0.080208
15 0.977644 0.216406 0.044712 0.073438
15 0.992188 0.271354 0.015625 0.061458
15 0.967067 0.297656 0.042308 0.080729
15 0.970072 0.380208 0.039183 0.090625
15 0.927644 0.294271 0.038942 0.086458
15 0.911058 0.357552 0.047596 0.129688
15 0.915505 0.468490 0.037260 0.089063
15 0.967788 0.482031 0.064423 0.124479
15 0.875000 0.506250 0.048077 0.148958
15 0.866346 0.302865 0.060577 0.102604
15 0.830168 0.286719 0.040625 0.108854
15 0.801803 0.360938 0.036298 0.105208
15 0.848077 0.192708 0.060577 0.095833
15 0.799760 0.266927 0.030769 0.072396
15 0.772476 0.341146 0.039183 0.125000
15 0.743269 0.358594 0.027404 0.100521
15 0.712861 0.371094 0.040144 0.099479
15 0.670793 0.368750 0.037740 0.068750
15 0.688101 0.440365 0.051683 0.116146
15 0.649519 0.323698 0.059615 0.090104
15 0.757332 0.264583 0.065144 0.101042
15 0.716346 0.274740 0.059135 0.091146
15 0.688341 0.233594 0.042548 0.086979
15 0.735337 0.197135 0.044712 0.070312
15 0.791466 0.183333 0.063702 0.072917
15 0.830529 0.129167 0.051442 0.068750
15 0.846875 0.094792 0.060577 0.058333
15 0.783293 0.105469 0.053125 0.085938
15 0.737260 0.111979 0.044712 0.080208
15 0.702885 0.157812 0.044712 0.057292
15 0.662500 0.116927 0.048558 0.073438
15 0.653365 0.182552 0.046154 0.078646
15 0.640264 0.259115 0.045433 0.065104
15 0.608894 0.200521 0.036538 0.117708
15 0.559014 0.158073 0.043990 0.089063
15 0.532332 0.114844 0.056010 0.056771
15 0.549639 0.299740 0.045913 0.076563
15 0.550000 0.389323 0.028846 0.108854
15 0.582933 0.385937 0.044712 0.072917
15 0.516587 0.372396 0.042788 0.145833
15 0.527885 0.469271 0.030769 0.069792
15 0.500120 0.487240 0.024760 0.069271
15 0.469832 0.511979 0.050721 0.101042
15 0.477284 0.429688 0.041106 0.080208
15 0.436538 0.514062 0.030769 0.090625
15 0.399159 0.576042 0.045433 0.095833
15 0.347356 0.629167 0.062019 0.089583
15 0.392788 0.418490 0.051923 0.115104
15 0.440024 0.413542 0.045913 0.125000
15 0.418990 0.333854 0.039904 0.093750
15 0.388341 0.319792 0.035337 0.077083
15 0.356130 0.323698 0.036298 0.132812
15 0.430529 0.155729 0.037019 0.117708
15 0.477163 0.127083 0.062500 0.082292
15 0.350240 0.191146 0.062019 0.103125
15 0.301082 0.141406 0.068029 0.079687
15 0.289784 0.245833 0.047837 0.131250
15 0.319231 0.432292 0.072115 0.082292
15 0.295793 0.488802 0.056971 0.088021
15 0.266947 0.957812 0.054087 0.084375
15 0.226562 0.830208 0.032933 0.086458
15 0.185938 0.897656 0.052163 0.126562
15 0.143510 0.909896 0.046635 0.088542
15 0.113942 0.976042 0.046635 0.047917
15 0.103966 0.896875 0.036298 0.114583
15 0.057572 0.930990 0.056490 0.075521
15 0.047596 0.982292 0.043269 0.035417
15 0.014423 0.973958 0.027885 0.052083
15 0.013942 0.923177 0.027404 0.081771
15 0.064904 0.848958 0.047596 0.088542
15 0.082212 0.760156 0.051442 0.089063
15 0.037500 0.777344 0.032212 0.114062
15 0.017548 0.752344 0.034615 0.096354
15 0.200601 0.750260 0.040144 0.116146
15 0.152524 0.760417 0.053606 0.110417
15 0.135937 0.841146 0.046875 0.062500
15 0.125721 0.680469 0.043750 0.126562
15 0.159976 0.610677 0.035817 0.134896
15 0.211538 0.580729 0.050962 0.117708
15 0.120192 0.582552 0.046635 0.081771
15 0.087861 0.654687 0.038702 0.097917
15 0.045673 0.647396 0.047115 0.089583
15 0.073438 0.582031 0.046875 0.063021
15 0.044712 0.546094 0.035577 0.106771
15 0.009495 0.575000 0.018510 0.102083
15 0.154808 0.501823 0.039423 0.109896
15 0.118149 0.498177 0.039663 0.098437
15 0.081851 0.495833 0.031490 0.107292
15 0.052644 0.416146 0.050000 0.090625
15 0.023678 0.476042 0.044952 0.095833
15 0.015264 0.379427 0.030048 0.089063
15 0.051202 0.344531 0.043269 0.069271
15 0.019231 0.297656 0.031250 0.061979
15 0.015385 0.223438 0.026923 0.080208
15 0.045673 0.249219 0.044712 0.102604
15 0.095433 0.272135 0.043750 0.059896
15 0.096394 0.321875 0.047596 0.066667
15 0.107572 0.390625 0.055529 0.114583
15 0.139784 0.303646 0.043029 0.136458
15 0.182091 0.278385 0.048317 0.074479
15 0.155529 0.196875 0.058173 0.079167
15 0.076803 0.189844 0.053606 0.097396
15 0.034736 0.149219 0.068990 0.084896
15 0.099279 0.145833 0.047115 0.070833
15 0.137740 0.133073 0.040385 0.057813
15 0.115745 0.213802 0.036779 0.054688
15 0.186659 0.129427 0.064663 0.056771
15 0.207091 0.192188 0.051202 0.071875
15 0.246034 0.139583 0.043990 0.068750
15 0.243510 0.214062 0.050000 0.071875
15 0.229567 0.293490 0.044712 0.098437
15 0.274279 0.329948 0.044712 0.136979
15 0.203005 0.365885 0.042067 0.098437
15 0.195673 0.432812 0.046635 0.068750
15 0.145433 0.427865 0.046635 0.090104
