15 0.912411 0.872396 0.099169 0.157292
15 0.833135 0.827344 0.182898 0.117188
15 0.983373 0.864062 0.033254 0.110417
15 0.682898 0.966146 0.119952 0.067708
15 0.599169 0.900781 0.128266 0.117188
15 0.415677 0.958594 0.154394 0.082812
15 0.467637 0.865365 0.100356 0.113021
15 0.511876 0.741927 0.090261 0.146354
15 0.649941 0.770312 0.156176 0.113542
15 0.640736 0.642188 0.137767 0.122917
15 0.404394 0.585938 0.161520 0.103125
15 0.515736 0.548958 0.146675 0.096875
15 0.563242 0.482812 0.128860 0.127083
15 0.672209 0.438281 0.150831 0.107813
15 0.786520 0.537760 0.187055 0.091146
15 0.797209 0.641146 0.126485 0.087500
15 0.930226 0.609635 0.102732 0.114062
15 0.874703 0.718229 0.211401 0.087500
15 0.879454 0.470833 0.174584 0.113542
15 0.928444 0.390104 0.074228 0.126042
15 0.864608 0.353125 0.092637 0.110417
15 0.770487 0.352865 0.100356 0.091146
15 0.619062 0.329167 0.190618 0.112500
15 0.674287 0.272135 0.105107 0.116146
15 0.361639 0.687240 0.175772 0.089063
15 0.360451 0.808333 0.166271 0.125000
15 0.311461 0.912500 0.107482 0.075000
15 0.193587 0.902083 0.114014 0.114583
15 0.121140 0.761719 0.099762 0.122396
15 0.230701 0.791927 0.128860 0.072396
15 0.199525 0.610156 0.148456 0.167187
15 0.064133 0.642448 0.127078 0.217188
15 0.037708 0.820833 0.074228 0.102083
15 0.079869 0.453906 0.131235 0.151562
15 0.206354 0.430729 0.112233 0.127083
15 0.314727 0.437760 0.093824 0.097396
15 0.420724 0.461198 0.134798 0.116146
15 0.415380 0.289062 0.073040 0.178125
15 0.345012 0.327604 0.092637 0.094792
15 0.212589 0.289062 0.108076 0.108333
15 0.117280 0.340625 0.097981 0.087500
15 0.110451 0.212500 0.123515 0.101042
15 0.306413 0.201823 0.119952 0.114062
15 0.377672 0.095312 0.125891 0.129167
15 0.511580 0.208073 0.135986 0.122396
15 0.542162 0.113281 0.118765 0.069271
15 0.644299 0.113802 0.092637 0.122396
15 0.732779 0.157292 0.143705 0.107292
15 0.817696 0.215885 0.085511 0.170313
15 0.913895 0.207292 0.119952 0.155208
15 0.960511 0.106250 0.069477 0.081250
15 0.946853 0.034115 0.042162 0.067187
15 0.865202 0.095573 0.068884 0.067187
15 0.789786 0.046354 0.160333 0.077083
15 0.648159 0.029687 0.137173 0.058333
15 0.191508 0.045052 0.219121 0.089063
15 0.206651 0.123958 0.119952 0.100000
15 0.105107 0.090365 0.062945 0.123438
15 0.027019 0.100781 0.052850 0.085938
15 0.456948 0.042188 0.101544 0.083333
15 0.546021 0.034635 0.062352 0.068229
15 0.080463 0.967969 0.102732 0.064062
