15 0.979928 0.088021 0.040144 0.069792
15 0.966827 0.168229 0.041827 0.075000
15 0.956731 0.243490 0.038462 0.100521
15 0.926803 0.299740 0.055529 0.110937
15 0.900120 0.230208 0.049279 0.081250
15 0.871514 0.180990 0.050721 0.096354
15 0.923317 0.084635 0.039904 0.080729
15 0.859014 0.096615 0.052163 0.115104
15 0.892668 0.086979 0.015144 0.064583
15 0.808534 0.135156 0.055048 0.129688
15 0.794471 0.257031 0.038462 0.127604
15 0.810817 0.317708 0.023558 0.057292
15 0.762019 0.248958 0.031731 0.125000
15 0.753726 0.144531 0.038702 0.088021
15 0.760096 0.084635 0.054327 0.080729
15 0.725000 0.231510 0.042308 0.145313
15 0.705889 0.280208 0.050240 0.090625
15 0.671034 0.323177 0.038221 0.129688
15 0.711058 0.373958 0.040865 0.094792
15 0.651442 0.414062 0.036058 0.131250
15 0.634615 0.289844 0.034615 0.099479
15 0.602043 0.339062 0.045913 0.122917
15 0.563221 0.379427 0.051923 0.083854
15 0.550120 0.302083 0.038221 0.095833
15 0.509495 0.430729 0.055529 0.072917
15 0.579808 0.225260 0.059135 0.103646
15 0.616346 0.159375 0.034615 0.140625
15 0.643510 0.100521 0.046154 0.112500
15 0.688582 0.083594 0.045913 0.079687
15 0.695793 0.164583 0.060337 0.128125
15 0.594231 0.097917 0.046635 0.113542
15 0.555769 0.097917 0.037019 0.103125
15 0.533894 0.153646 0.040385 0.085417
15 0.517909 0.230208 0.060337 0.077083
15 0.491707 0.155469 0.037260 0.094271
15 0.506370 0.080208 0.027644 0.056250
15 0.473438 0.089063 0.030048 0.077083
15 0.458293 0.176823 0.050721 0.079687
15 0.431731 0.209635 0.063942 0.076563
15 0.461538 0.278125 0.048077 0.085417
15 0.407813 0.284635 0.051683 0.119271
15 0.412981 0.407292 0.049038 0.101042
15 0.376202 0.352604 0.039423 0.108333
15 0.375841 0.205208 0.034375 0.122917
15 0.389543 0.121354 0.036298 0.097917
15 0.429087 0.098437 0.059615 0.091667
15 0.345192 0.166146 0.028365 0.093750
15 0.342788 0.090625 0.053365 0.071875
15 0.308894 0.147917 0.050000 0.158333
15 0.288462 0.200781 0.023558 0.055729
15 0.346514 0.263281 0.058413 0.089063
15 0.312861 0.334115 0.041587 0.114062
15 0.337019 0.400000 0.047115 0.117708
15 0.284615 0.409375 0.029327 0.067708
15 0.272476 0.338021 0.037260 0.110417
15 0.243750 0.380469 0.036058 0.076563
15 0.275240 0.270573 0.049038 0.070312
15 0.283774 0.112500 0.029567 0.121875
15 0.256611 0.184635 0.034375 0.119271
15 0.243149 0.093229 0.046394 0.069792
15 0.222476 0.157031 0.033413 0.085938
15 0.232332 0.245833 0.038221 0.090625
15 0.207332 0.300521 0.056010 0.084375
15 0.166707 0.316146 0.032933 0.077083
15 0.189663 0.194010 0.041827 0.111979
15 0.184135 0.105208 0.045192 0.086458
15 0.149038 0.121094 0.035096 0.095312
15 0.142909 0.194010 0.051683 0.140104
15 0.128486 0.275260 0.048798 0.065104
15 0.120313 0.347396 0.054087 0.075000
15 0.156971 0.401562 0.044231 0.111458
15 0.197356 0.460938 0.038942 0.110417
15 0.223558 0.421354 0.042308 0.092708
15 0.278486 0.522396 0.041587 0.121875
15 0.327764 0.567969 0.056010 0.097396
15 0.241106 0.612240 0.053365 0.106771
15 0.171034 0.752865 0.054087 0.091146
15 0.305769 0.850000 0.041827 0.089583
15 0.067668 0.563802 0.052644 0.149479
15 0.091226 0.473438 0.039183 0.127083
15 0.124279 0.469531 0.042788 0.094271
15 0.093750 0.370312 0.049519 0.087500
15 0.049159 0.423177 0.050240 0.090104
15 0.023317 0.466667 0.046154 0.078125
15 0.014904 0.380208 0.026923 0.087500
15 0.041947 0.331250 0.049760 0.095833
15 0.092548 0.292187 0.035577 0.072917
15 0.017188 0.288802 0.033894 0.082812
15 0.044111 0.245312 0.041106 0.069792
15 0.084255 0.226562 0.056490 0.087500
15 0.095553 0.166406 0.045913 0.061979
15 0.047716 0.182812 0.044471 0.080208
15 0.014784 0.193490 0.025240 0.100521
15 0.016346 0.109375 0.032212 0.084375
15 0.050481 0.103125 0.046154 0.069792
15 0.105168 0.103385 0.056971 0.068229
