15 0.039844 0.029087 0.072396 0.055288
15 0.106250 0.048317 0.091667 0.037500
15 0.217448 0.014183 0.100521 0.026442
15 0.046094 0.074159 0.088021 0.033894
15 0.344531 0.090024 0.072396 0.043510
15 0.473958 0.013221 0.052083 0.025962
15 0.507292 0.007933 0.046875 0.015385
15 0.563802 0.022837 0.071354 0.045192
15 0.522396 0.044591 0.082292 0.033413
15 0.550260 0.081611 0.065104 0.039183
15 0.663281 0.077524 0.084896 0.052163
15 0.737760 0.023197 0.111979 0.044471
15 0.779687 0.064784 0.093750 0.043510
15 0.616927 0.143389 0.055729 0.033894
15 0.694010 0.164303 0.118229 0.033413
15 0.803646 0.164784 0.093750 0.051202
15 0.680469 0.200601 0.147396 0.036779
15 0.785417 0.213462 0.092708 0.047596
15 0.859635 0.226683 0.068229 0.043269
15 0.799479 0.248077 0.092708 0.031250
15 0.698438 0.243389 0.086458 0.047356
15 0.744792 0.277284 0.087500 0.035817
15 0.817708 0.283053 0.076042 0.038702
15 0.869792 0.271514 0.058333 0.044952
15 0.850000 0.315745 0.092708 0.032933
15 0.701562 0.318149 0.082292 0.062260
15 0.778906 0.350120 0.113021 0.047356
15 0.648958 0.327284 0.086458 0.046394
15 0.490104 0.255409 0.093750 0.030529
15 0.376823 0.243029 0.078646 0.042308
15 0.250000 0.246034 0.093750 0.046875
15 0.210417 0.291707 0.144792 0.035337
15 0.044010 0.265264 0.078646 0.059856
15 0.104688 0.291226 0.075000 0.051683
15 0.117708 0.338942 0.109375 0.040385
15 0.308854 0.313702 0.087500 0.067308
15 0.352865 0.335096 0.089063 0.051442
15 0.411979 0.291106 0.126042 0.035096
15 0.460677 0.328966 0.083854 0.051202
15 0.547656 0.320553 0.072396 0.049279
15 0.577083 0.351322 0.041667 0.035817
15 0.601042 0.388221 0.080208 0.045192
15 0.804948 0.387861 0.134896 0.036298
15 0.830469 0.418389 0.085938 0.038702
15 0.872917 0.453486 0.082292 0.051683
15 0.729688 0.421635 0.075000 0.037019
15 0.704688 0.460577 0.132292 0.034135
15 0.803906 0.477284 0.078646 0.052163
15 0.587760 0.428125 0.078646 0.034615
15 0.526302 0.380048 0.072396 0.050962
15 0.454427 0.377644 0.083854 0.042788
15 0.369271 0.384375 0.086458 0.040865
15 0.299479 0.377644 0.081250 0.050000
15 0.251302 0.396755 0.094271 0.041106
15 0.294531 0.434736 0.078646 0.046875
15 0.435417 0.428606 0.070833 0.046154
15 0.509896 0.436178 0.092708 0.035817
15 0.474219 0.483774 0.095312 0.041587
15 0.606250 0.469952 0.077083 0.042308
15 0.638542 0.509255 0.086458 0.049279
15 0.722396 0.496635 0.086458 0.045192
15 0.714323 0.530409 0.084896 0.030529
15 0.795052 0.531731 0.089063 0.063942
15 0.626042 0.542909 0.093750 0.043990
15 0.446354 0.546514 0.075000 0.062740
15 0.735938 0.572837 0.105208 0.042788
15 0.735677 0.605409 0.054688 0.025721
15 0.673438 0.609255 0.075000 0.036779
15 0.604427 0.596635 0.101562 0.036538
15 0.589844 0.637380 0.072396 0.044952
15 0.634896 0.651683 0.098958 0.043269
15 0.712240 0.634976 0.053646 0.022837
15 0.809635 0.648438 0.090104 0.035817
15 0.731510 0.700120 0.089063 0.046394
15 0.684896 0.754087 0.082292 0.048558
15 0.600000 0.696034 0.082292 0.046394
15 0.510938 0.681851 0.097917 0.054567
15 0.429167 0.656731 0.086458 0.056731
15 0.329167 0.676923 0.097917 0.048077
15 0.295052 0.720673 0.090104 0.042788
15 0.403646 0.714784 0.137500 0.054567
15 0.397135 0.758534 0.124479 0.038702
15 0.518490 0.729447 0.107813 0.048798
15 0.505208 0.772596 0.109375 0.039904
15 0.224479 0.739423 0.070833 0.053365
15 0.131771 0.729087 0.058333 0.045673
15 0.066406 0.733173 0.082812 0.053846
15 0.091667 0.772476 0.080208 0.052644
15 0.163021 0.767548 0.097917 0.046154
15 0.255729 0.789784 0.105208 0.047356
15 0.146354 0.812740 0.100000 0.042788
15 0.044271 0.811178 0.068750 0.046875
15 0.049219 0.864904 0.089063 0.048558
15 0.124219 0.851683 0.078646 0.039904
15 0.145052 0.878005 0.079687 0.036298
15 0.269531 0.830769 0.107813 0.045192
15 0.447396 0.825240 0.131250 0.050481
15 0.585938 0.834135 0.092708 0.045673
15 0.647396 0.821755 0.086458 0.043510
15 0.705990 0.807933 0.085938 0.048558
15 0.730729 0.850601 0.080208 0.038702
15 0.858594 0.817067 0.078646 0.042308
15 0.877604 0.926442 0.081250 0.050962
15 0.793750 0.925841 0.086458 0.049760
15 0.833594 0.958654 0.077604 0.035577
15 0.835938 0.988221 0.089583 0.023558
15 0.704167 0.944231 0.082292 0.050481
15 0.601042 0.949880 0.126042 0.054567
15 0.477083 0.956010 0.086458 0.044712
15 0.356771 0.917668 0.081250 0.065144
15 0.283073 0.915865 0.078646 0.045192
15 0.205469 0.892428 0.078646 0.041587
15 0.058073 0.915264 0.094271 0.066106
15 0.116667 0.946034 0.063542 0.032933
15 0.057552 0.976202 0.080729 0.047596
15 0.189583 0.964543 0.092708 0.054567
15 0.119792 0.987139 0.069792 0.025721
15 0.252604 0.989423 0.068750 0.021154
15 0.331771 0.975962 0.082292 0.048077
