15 0.004207 0.780990 0.007452 0.036979
15 0.011178 0.827083 0.018029 0.062500
15 0.028726 0.826042 0.027163 0.075000
15 0.021755 0.903646 0.041106 0.082292
15 0.057332 0.901042 0.046875 0.069792
15 0.062981 0.819271 0.045673 0.112500
15 0.098678 0.847917 0.037260 0.084375
15 0.101082 0.912240 0.049279 0.066146
15 0.046154 0.704688 0.049519 0.092708
15 0.056731 0.631250 0.043750 0.112500
15 0.087380 0.603646 0.038221 0.130208
15 0.111178 0.704688 0.038702 0.092708
15 0.135697 0.766667 0.045913 0.098958
15 0.135697 0.867448 0.038221 0.075521
15 0.159255 0.829948 0.026683 0.072396
15 0.190024 0.777083 0.048798 0.087500
15 0.179928 0.859115 0.036298 0.091146
15 0.169952 0.921875 0.049519 0.068750
15 0.209255 0.914323 0.038221 0.074479
15 0.214303 0.837240 0.043029 0.097396
15 0.229327 0.751563 0.033654 0.140625
15 0.266226 0.769792 0.036298 0.110417
15 0.266106 0.861719 0.056250 0.098437
15 0.298678 0.672135 0.046875 0.096354
15 0.345553 0.446615 0.044952 0.072396
15 0.148077 0.352344 0.046635 0.116146
15 0.385577 0.219792 0.039423 0.068750
15 0.411178 0.163021 0.054567 0.087500
15 0.438462 0.330208 0.047596 0.103125
15 0.478125 0.319271 0.040865 0.070833
15 0.477524 0.360417 0.027644 0.029167
15 0.515505 0.270313 0.038702 0.096875
15 0.352284 0.624740 0.042548 0.084896
15 0.356130 0.741146 0.054567 0.077083
15 0.391707 0.816667 0.050721 0.067708
15 0.406731 0.583594 0.033173 0.101562
15 0.449159 0.530990 0.041587 0.073438
15 0.444952 0.604688 0.041827 0.088542
15 0.447476 0.751563 0.030048 0.105208
15 0.491827 0.682292 0.046154 0.086458
15 0.512380 0.750521 0.044952 0.089583
15 0.507572 0.610417 0.044471 0.130208
15 0.485577 0.507812 0.033654 0.077083
15 0.509736 0.460417 0.038221 0.101042
15 0.535457 0.533594 0.049279 0.064062
15 0.533534 0.423438 0.042067 0.094792
15 0.557332 0.461719 0.047356 0.079687
15 0.567909 0.383594 0.035337 0.089063
15 0.607212 0.392188 0.051923 0.078125
15 0.602524 0.455990 0.044952 0.083854
15 0.576202 0.519271 0.025000 0.094792
15 0.609736 0.518490 0.039183 0.076563
15 0.549279 0.593490 0.050481 0.092188
15 0.598798 0.599740 0.048558 0.090104
15 0.568510 0.682292 0.027885 0.077083
15 0.581010 0.755990 0.052885 0.060937
15 0.616226 0.701042 0.030048 0.094792
15 0.648558 0.622917 0.044712 0.087500
15 0.661058 0.690625 0.035577 0.043750
15 0.634375 0.808333 0.032212 0.095833
15 0.615385 0.324740 0.051923 0.080729
15 0.641106 0.248438 0.039904 0.079167
15 0.670673 0.221615 0.019712 0.075521
15 0.650601 0.302865 0.030048 0.053646
15 0.650601 0.377865 0.030048 0.079687
15 0.659976 0.482812 0.044952 0.073958
15 0.666226 0.538542 0.030529 0.055208
15 0.681010 0.576823 0.033173 0.091146
15 0.691106 0.628646 0.038462 0.112500
15 0.711058 0.544010 0.033173 0.089063
15 0.726202 0.641667 0.032212 0.079167
15 0.718510 0.713021 0.052404 0.053125
15 0.766827 0.689323 0.056250 0.051562
15 0.763702 0.631771 0.037500 0.050000
15 0.745553 0.567187 0.041587 0.082292
15 0.772957 0.484115 0.021875 0.107813
15 0.779327 0.578125 0.025962 0.086458
15 0.734736 0.487500 0.054567 0.068750
15 0.734255 0.391667 0.034375 0.104167
15 0.769832 0.364583 0.044952 0.098958
15 0.705529 0.356771 0.025481 0.086458
15 0.728125 0.318490 0.031250 0.067187
15 0.684856 0.292187 0.039904 0.062500
15 0.696755 0.247135 0.032452 0.063021
15 0.696274 0.192969 0.030529 0.057813
15 0.706731 0.147135 0.040865 0.068229
15 0.729928 0.159115 0.037740 0.065104
15 0.717909 0.247917 0.029567 0.101042
15 0.749880 0.184896 0.028606 0.038542
15 0.779928 0.261719 0.029567 0.082812
15 0.750481 0.235417 0.036058 0.073958
15 0.756130 0.289844 0.029567 0.054688
15 0.747356 0.790365 0.030769 0.104688
15 0.775841 0.839844 0.037740 0.088021
15 0.749760 0.895312 0.039904 0.063542
15 0.779447 0.178906 0.032933 0.067187
15 0.813462 0.199479 0.035096 0.114583
15 0.805769 0.254167 0.034615 0.092708
15 0.795553 0.327865 0.027644 0.081771
15 0.827764 0.333594 0.033413 0.083854
15 0.797957 0.407552 0.050240 0.073438
15 0.853606 0.269010 0.058173 0.081771
15 0.885096 0.216927 0.029808 0.106771
15 0.859375 0.353125 0.031731 0.076042
15 0.866226 0.425781 0.044471 0.089063
15 0.842909 0.451302 0.046875 0.083854
15 0.855288 0.525521 0.037019 0.073958
15 0.853125 0.594010 0.035096 0.083854
15 0.808654 0.566146 0.043269 0.073958
15 0.803966 0.632292 0.029567 0.067708
15 0.832212 0.611979 0.028846 0.083333
15 0.828245 0.686198 0.039663 0.064062
15 0.945553 0.458333 0.034856 0.091667
15 0.927404 0.279687 0.054808 0.068750
15 0.977644 0.284375 0.044712 0.055208
15 0.975361 0.208594 0.042548 0.084896
15 0.996514 0.250781 0.006971 0.029687
15 0.992548 0.468229 0.014904 0.076042
15 0.974880 0.508073 0.037260 0.047396
15 0.944591 0.545573 0.031010 0.073438
15 0.880048 0.567708 0.025962 0.067708
15 0.984736 0.675000 0.030529 0.076042
15 0.984976 0.580208 0.026202 0.094792
15 0.930769 0.784635 0.040865 0.107813
15 0.948558 0.818490 0.030288 0.096354
15 0.851683 0.906250 0.048077 0.065625
15 0.907933 0.907031 0.049519 0.073438
15 0.965986 0.875260 0.042067 0.086979
