15 0.880625 0.039946 0.040250 0.072283
15 0.857625 0.090217 0.027750 0.060870
15 0.838125 0.051087 0.037750 0.058696
15 0.805500 0.073913 0.042500 0.081522
15 0.776000 0.042663 0.026000 0.054891
15 0.824125 0.018478 0.030250 0.035870
15 0.764250 0.097826 0.024500 0.046739
15 0.748000 0.064946 0.028500 0.048370
15 0.746750 0.022011 0.020000 0.035326
15 0.722375 0.042391 0.026250 0.057609
15 0.697000 0.049457 0.020000 0.053261
15 0.685125 0.074457 0.023750 0.042391
15 0.884125 0.119837 0.046750 0.060326
15 0.839375 0.124728 0.035250 0.032065
15 0.849125 0.183696 0.036250 0.058696
15 0.881125 0.180163 0.024250 0.052717
15 0.907250 0.175272 0.026500 0.050543
15 0.913500 0.232065 0.023500 0.067391
15 0.888625 0.242935 0.035250 0.078261
15 0.859625 0.252446 0.043750 0.061413
15 0.815375 0.264130 0.039750 0.069565
15 0.805625 0.183967 0.040750 0.077717
15 0.783125 0.173098 0.019250 0.037500
15 0.804375 0.139946 0.042750 0.021196
15 0.774000 0.124728 0.019000 0.053804
15 0.761375 0.208967 0.024250 0.054891
15 0.733250 0.211141 0.026000 0.075543
15 0.735875 0.132337 0.027750 0.080978
15 0.764000 0.161141 0.015000 0.038587
15 0.717250 0.086685 0.025500 0.030978
15 0.702125 0.117391 0.042750 0.063043
15 0.678500 0.153533 0.022000 0.061413
15 0.682875 0.197011 0.029250 0.032065
15 0.705500 0.217663 0.042000 0.082065
15 0.707500 0.302174 0.030000 0.082609
15 0.731000 0.284511 0.019000 0.037500
15 0.774625 0.257065 0.041750 0.075000
15 0.778125 0.332337 0.067250 0.070109
15 0.732875 0.347554 0.030250 0.078804
15 0.717500 0.402717 0.034500 0.060870
15 0.764250 0.401902 0.034500 0.077717
15 0.808625 0.398370 0.042750 0.055435
15 0.835125 0.350272 0.044750 0.060326
15 0.827000 0.310870 0.023000 0.031522
15 0.866375 0.322011 0.038250 0.105978
15 0.896875 0.330707 0.021250 0.062500
15 0.931750 0.343207 0.049000 0.099457
15 0.915375 0.405163 0.069250 0.086413
15 0.859375 0.399457 0.036750 0.072826
15 0.931875 0.477174 0.058750 0.051087
15 0.847875 0.469837 0.072250 0.100543
15 0.903125 0.526902 0.057250 0.105978
15 0.959625 0.539946 0.056250 0.105978
15 0.862875 0.541848 0.044750 0.070652
15 0.795250 0.551630 0.047500 0.060870
15 0.790125 0.461957 0.040750 0.102174
15 0.746875 0.441848 0.035750 0.095652
15 0.705625 0.504620 0.045250 0.076630
15 0.694250 0.439946 0.053000 0.077717
15 0.673500 0.359511 0.051000 0.094022
15 0.839500 0.586413 0.061000 0.101087
15 0.799375 0.622826 0.048750 0.085870
15 0.763125 0.665217 0.079250 0.134783
15 0.708250 0.625815 0.031000 0.046196
15 0.699000 0.584239 0.031000 0.050000
15 0.665625 0.537228 0.033250 0.072283
15 0.651000 0.489130 0.046000 0.090217
15 0.662625 0.622011 0.064250 0.144022
15 0.720250 0.687500 0.036500 0.065217
15 0.701125 0.722826 0.044750 0.080435
15 0.954750 0.610054 0.055000 0.050543
15 0.899875 0.618750 0.055750 0.096196
15 0.940750 0.667935 0.085500 0.084783
15 0.930250 0.725000 0.075500 0.096739
15 0.860625 0.690761 0.057750 0.108696
15 0.845625 0.749728 0.047250 0.066848
15 0.816375 0.741576 0.021250 0.026630
15 0.754000 0.776902 0.062000 0.120109
15 0.830250 0.829620 0.076500 0.144022
15 0.878875 0.833967 0.028250 0.083152
15 0.924750 0.851902 0.062000 0.141848
15 0.971875 0.806250 0.056250 0.149457
15 0.901375 0.928261 0.054750 0.143478
15 0.849000 0.947283 0.040000 0.080435
15 0.814000 0.965489 0.058500 0.069022
15 0.784500 0.904620 0.045500 0.123370
15 0.733250 0.875272 0.049500 0.122283
15 0.745125 0.966848 0.035750 0.066304
15 0.695250 0.913859 0.057000 0.104891
15 0.691250 0.972554 0.047000 0.054891
15 0.668875 0.779620 0.074750 0.084239
15 0.634500 0.844837 0.043500 0.083152
15 0.631000 0.944293 0.070000 0.105978
15 0.571750 0.969293 0.048000 0.061413
15 0.552125 0.870652 0.062250 0.128261
15 0.603625 0.739674 0.058250 0.181522
15 0.639125 0.685326 0.051750 0.102174
15 0.555000 0.733424 0.030000 0.149457
15 0.575250 0.655163 0.021000 0.048370
15 0.609625 0.636413 0.038750 0.032609
15 0.589250 0.581250 0.053500 0.087500
15 0.537125 0.579620 0.043250 0.073370
15 0.537125 0.682609 0.041250 0.071739
15 0.587375 0.478804 0.049750 0.110870
15 0.621000 0.429348 0.038500 0.108696
15 0.649625 0.429076 0.016750 0.051630
15 0.618000 0.333967 0.047500 0.083152
15 0.642375 0.359783 0.019250 0.052174
15 0.669375 0.294565 0.042750 0.053261
15 0.550500 0.498098 0.022000 0.089674
15 0.529000 0.428533 0.045500 0.071196
15 0.564250 0.370109 0.035000 0.083696
15 0.583125 0.328804 0.021750 0.055435
15 0.553375 0.280978 0.060750 0.119565
15 0.625375 0.264674 0.039250 0.067391
15 0.664750 0.249457 0.031000 0.072826
15 0.649750 0.222011 0.024000 0.035326
15 0.652000 0.166576 0.031500 0.073370
15 0.620000 0.201630 0.026500 0.060870
15 0.597250 0.223913 0.018500 0.063043
15 0.578125 0.187772 0.029750 0.060326
15 0.601625 0.159511 0.018250 0.052717
15 0.641125 0.098641 0.041250 0.065761
15 0.643750 0.050543 0.036000 0.043478
15 0.672875 0.038859 0.017250 0.058152
15 0.632250 0.029348 0.053000 0.052174
15 0.614875 0.117663 0.012750 0.024457
15 0.587875 0.098098 0.036750 0.071196
15 0.548125 0.104348 0.028250 0.100000
15 0.572375 0.142391 0.020250 0.025000
15 0.540000 0.157609 0.026500 0.079348
15 0.547250 0.049185 0.026000 0.037500
15 0.586125 0.032065 0.045250 0.063043
15 0.523000 0.017120 0.022000 0.033152
15 0.515375 0.059511 0.028750 0.073370
15 0.506125 0.132337 0.032750 0.063587
15 0.508125 0.189130 0.029250 0.067391
15 0.535375 0.216033 0.019250 0.045109
15 0.525375 0.258424 0.032750 0.061413
15 0.498500 0.330163 0.031000 0.046196
15 0.469125 0.357609 0.025250 0.045652
15 0.462125 0.277989 0.049750 0.075543
15 0.429375 0.272011 0.021250 0.053804
15 0.456375 0.187772 0.061750 0.087500
15 0.449375 0.128261 0.045750 0.079348
15 0.487500 0.098098 0.023000 0.082065
15 0.492750 0.025272 0.015000 0.049457
15 0.471125 0.042663 0.020250 0.084239
15 0.452125 0.063043 0.022750 0.044565
15 0.449250 0.020109 0.023000 0.039130
15 0.424375 0.050543 0.035250 0.044565
15 0.416625 0.014402 0.030750 0.021196
15 0.421250 0.096467 0.028500 0.042935
15 0.390000 0.155707 0.042000 0.086413
15 0.408875 0.233696 0.034750 0.077174
15 0.376000 0.108152 0.039000 0.063043
15 0.379000 0.023370 0.036500 0.045652
15 0.388875 0.071196 0.021250 0.035870
15 0.360500 0.065761 0.026000 0.041304
15 0.389000 0.306522 0.046500 0.073913
15 0.430750 0.343750 0.041500 0.079891
15 0.423750 0.401087 0.040500 0.056522
15 0.384000 0.360054 0.045000 0.036413
15 0.374500 0.391576 0.059000 0.057065
15 0.459875 0.432609 0.029250 0.096739
15 0.491750 0.405707 0.033500 0.130978
15 0.508125 0.505978 0.034750 0.095652
15 0.478250 0.538587 0.043000 0.088043
15 0.428750 0.498098 0.048000 0.073370
15 0.419125 0.461685 0.035250 0.071196
15 0.386125 0.459511 0.034750 0.086413
15 0.348750 0.454076 0.034500 0.129891
15 0.326625 0.373913 0.032250 0.052174
15 0.337125 0.323370 0.055250 0.058696
15 0.332375 0.254076 0.043750 0.083152
15 0.342500 0.171467 0.032500 0.055978
15 0.322875 0.188859 0.028750 0.044022
15 0.300375 0.234511 0.031250 0.067935
15 0.293625 0.172011 0.025250 0.062500
15 0.325750 0.094837 0.041500 0.049457
15 0.287625 0.093750 0.027750 0.066848
15 0.301375 0.048098 0.032750 0.039674
15 0.333625 0.033967 0.030250 0.040761
15 0.333000 0.065761 0.024500 0.026087
15 0.268250 0.038315 0.039000 0.054891
15 0.298750 0.015489 0.026500 0.029891
15 0.264375 0.134783 0.043750 0.079348
15 0.269250 0.213859 0.025000 0.066848
15 0.235250 0.195924 0.034500 0.071196
15 0.240375 0.101630 0.021750 0.052174
15 0.221125 0.062500 0.035250 0.050000
15 0.184375 0.048098 0.026250 0.035326
15 0.196125 0.099728 0.061750 0.064674
15 0.172125 0.134239 0.031750 0.066304
15 0.145125 0.121739 0.017750 0.081522
15 0.125250 0.073370 0.028000 0.052174
15 0.153000 0.065761 0.024500 0.050000
15 0.086625 0.082609 0.039750 0.061957
15 0.110250 0.051902 0.030500 0.017935
15 0.116750 0.141576 0.035500 0.080978
15 0.087875 0.167663 0.034750 0.079891
15 0.063000 0.189674 0.025500 0.045652
15 0.038875 0.135870 0.042750 0.098913
15 0.034625 0.236141 0.049250 0.096196
15 0.081125 0.245924 0.041250 0.067935
15 0.117875 0.211957 0.026750 0.055435
15 0.160000 0.187500 0.027500 0.045652
15 0.193375 0.175543 0.039250 0.079348
15 0.151750 0.238043 0.043000 0.066304
15 0.105375 0.285054 0.039750 0.075543
15 0.130875 0.314946 0.053250 0.102717
15 0.154625 0.300000 0.026250 0.076087
15 0.182125 0.309511 0.029250 0.069022
15 0.193125 0.230435 0.036750 0.054348
15 0.205750 0.279076 0.042000 0.070109
15 0.238125 0.276902 0.024250 0.072283
15 0.260625 0.291576 0.018750 0.065761
15 0.282375 0.293750 0.039250 0.063587
15 0.267375 0.331522 0.030750 0.036957
15 0.229375 0.345380 0.028750 0.047283
15 0.241875 0.323370 0.014750 0.020652
15 0.197250 0.380435 0.040500 0.058696
15 0.158375 0.398370 0.033250 0.060870
15 0.298625 0.388587 0.019750 0.052174
15 0.318125 0.444565 0.034750 0.092391
15 0.258875 0.408696 0.063750 0.111957
15 0.215375 0.447826 0.036250 0.047826
15 0.154375 0.505978 0.064750 0.096739
15 0.124625 0.461141 0.070250 0.138587
15 0.101375 0.404891 0.051750 0.044565
15 0.106500 0.360598 0.065000 0.063587
15 0.069625 0.322283 0.028750 0.048913
15 0.027250 0.344022 0.054000 0.064130
15 0.016250 0.270109 0.032000 0.088043
15 0.017250 0.408696 0.032500 0.077174
15 0.016125 0.481793 0.031750 0.058152
15 0.060375 0.427174 0.051250 0.144565
15 0.030750 0.547011 0.053000 0.099457
15 0.083125 0.579348 0.066250 0.089130
15 0.077875 0.517120 0.028750 0.030978
15 0.203125 0.498098 0.043250 0.087500
15 0.271250 0.492120 0.054500 0.046196
15 0.261875 0.553261 0.040250 0.071739
15 0.254375 0.628804 0.023750 0.070652
15 0.272500 0.645109 0.050000 0.130435
15 0.205250 0.611141 0.049500 0.110326
15 0.149125 0.611957 0.065250 0.095652
15 0.094875 0.649185 0.038250 0.058152
15 0.058125 0.705978 0.044250 0.130435
15 0.027500 0.638859 0.054500 0.078804
15 0.015875 0.737228 0.031250 0.060326
15 0.022375 0.823370 0.044250 0.121739
15 0.059625 0.853533 0.052250 0.130978
15 0.100250 0.752989 0.038500 0.079891
15 0.181375 0.709511 0.072750 0.101630
15 0.244250 0.769293 0.065000 0.108152
15 0.297500 0.768750 0.038500 0.145109
15 0.330000 0.725000 0.039500 0.107609
15 0.332125 0.601359 0.047750 0.107065
15 0.319000 0.526902 0.030500 0.065761
15 0.296625 0.581522 0.019750 0.042391
15 0.302250 0.632609 0.016500 0.054348
15 0.179500 0.822826 0.054000 0.086957
15 0.198250 0.935326 0.075500 0.117391
15 0.112000 0.897826 0.091500 0.116304
15 0.144625 0.967391 0.030750 0.055435
15 0.073750 0.961957 0.058500 0.073913
15 0.016375 0.898098 0.032250 0.051630
15 0.269625 0.905978 0.056750 0.090217
15 0.324250 0.963859 0.094000 0.072283
15 0.333000 0.866576 0.046000 0.108152
15 0.378625 0.896739 0.035750 0.115217
15 0.383625 0.584783 0.040750 0.098913
15 0.383875 0.521196 0.039250 0.031522
15 0.440250 0.556250 0.028000 0.038587
15 0.446000 0.605978 0.068500 0.069565
15 0.436250 0.667663 0.036000 0.098370
15 0.376250 0.702446 0.065500 0.083152
15 0.391625 0.765489 0.080250 0.115761
15 0.470125 0.769837 0.076750 0.119022
15 0.441250 0.883967 0.079000 0.207065
15 0.485625 0.967120 0.070250 0.065761
15 0.487000 0.902717 0.025500 0.053261
15 0.509625 0.881250 0.023750 0.083152
15 0.517250 0.754348 0.050000 0.077174
15 0.530000 0.953261 0.044500 0.073913
15 0.749500 0.539402 0.055000 0.078804
