15 0.932500 0.636413 0.048500 0.111957
15 0.862250 0.552446 0.040500 0.092935
15 0.908250 0.528804 0.051500 0.067391
15 0.917750 0.462228 0.038500 0.070109
15 0.873125 0.471196 0.050750 0.067391
15 0.886750 0.402174 0.038000 0.075000
15 0.917625 0.383696 0.033750 0.080435
15 0.839000 0.406793 0.023500 0.064674
15 0.829125 0.498913 0.041750 0.121739
15 0.806250 0.423370 0.029000 0.083696
15 0.868750 0.166848 0.034500 0.081522
15 0.863250 0.247011 0.048500 0.059239
15 0.818750 0.327174 0.040000 0.081522
15 0.772500 0.368478 0.050500 0.081522
15 0.787500 0.293750 0.028000 0.071196
15 0.808000 0.246196 0.048500 0.086957
15 0.794625 0.197826 0.038250 0.036957
15 0.828750 0.127174 0.036500 0.081522
15 0.799000 0.148098 0.036000 0.055978
15 0.837500 0.042120 0.032000 0.078804
15 0.812500 0.013315 0.030500 0.024457
15 0.799375 0.054348 0.041250 0.079348
15 0.763375 0.039130 0.025750 0.072826
15 0.773875 0.105707 0.039250 0.058152
15 0.738250 0.051902 0.030500 0.075543
15 0.735250 0.123370 0.035000 0.067391
15 0.755875 0.182337 0.048750 0.098370
15 0.712625 0.182609 0.039750 0.057609
15 0.707500 0.115761 0.019000 0.061957
15 0.685625 0.111413 0.024250 0.078261
15 0.686375 0.051630 0.024250 0.046739
15 0.712875 0.036685 0.035750 0.072283
15 0.680125 0.013315 0.026750 0.025543
15 0.651000 0.037500 0.037500 0.069565
15 0.653875 0.111141 0.031750 0.071196
15 0.624250 0.095652 0.032000 0.051087
15 0.603000 0.051359 0.040000 0.054891
15 0.575625 0.023913 0.045750 0.039130
15 0.605625 0.009239 0.019750 0.017391
15 0.565750 0.086413 0.033000 0.090217
15 0.592625 0.104620 0.022250 0.036413
15 0.607000 0.146196 0.050500 0.046739
15 0.640375 0.188587 0.044250 0.065217
15 0.676750 0.189130 0.029500 0.084783
15 0.651750 0.247283 0.033500 0.075000
15 0.680375 0.252174 0.029750 0.046739
15 0.719250 0.234783 0.043000 0.047826
15 0.674125 0.310870 0.037250 0.063043
15 0.714750 0.280163 0.033500 0.053804
15 0.753125 0.289946 0.040750 0.087500
15 0.765750 0.235054 0.030500 0.044022
15 0.717875 0.342120 0.053250 0.071196
15 0.744250 0.398913 0.037000 0.045652
15 0.700500 0.431522 0.050000 0.104348
15 0.672500 0.378533 0.033500 0.067935
15 0.608125 0.235054 0.029250 0.095109
15 0.583250 0.266848 0.042000 0.077174
15 0.566875 0.221739 0.029250 0.048913
15 0.593625 0.198098 0.043750 0.045109
15 0.555625 0.152717 0.036250 0.075000
15 0.531000 0.205978 0.040500 0.076087
15 0.523625 0.243750 0.026250 0.071196
15 0.501375 0.166033 0.034250 0.074457
15 0.535000 0.127989 0.023000 0.069022
15 0.510625 0.102717 0.022750 0.048913
15 0.491000 0.074457 0.027500 0.054348
15 0.525125 0.047554 0.039750 0.062500
15 0.497750 0.022826 0.037000 0.044565
15 0.475875 0.104891 0.028250 0.048913
15 0.464125 0.156522 0.041750 0.082609
15 0.468250 0.226087 0.026500 0.070652
15 0.494250 0.234239 0.025000 0.043478
15 0.495125 0.283424 0.033750 0.060326
15 0.548750 0.285326 0.026500 0.050000
15 0.534000 0.315217 0.037000 0.061957
15 0.562875 0.348098 0.035250 0.085326
15 0.602125 0.334783 0.044750 0.088043
15 0.636500 0.317391 0.037000 0.069565
15 0.631500 0.378804 0.036500 0.073913
15 0.595500 0.403804 0.029000 0.055435
15 0.531875 0.383967 0.029250 0.069022
15 0.506875 0.354076 0.024750 0.076630
15 0.472250 0.329620 0.025500 0.069022
15 0.484250 0.403261 0.042000 0.123913
15 0.511250 0.437772 0.039500 0.085326
15 0.552000 0.440217 0.038500 0.095652
15 0.586500 0.476630 0.031000 0.107609
15 0.627125 0.454076 0.044250 0.092935
15 0.659250 0.463587 0.028000 0.079348
15 0.679750 0.502989 0.037500 0.104891
15 0.714625 0.532880 0.030750 0.073370
15 0.741375 0.461141 0.043250 0.074457
15 0.751250 0.541848 0.038000 0.085870
15 0.791000 0.525000 0.045500 0.113043
15 0.448750 0.445924 0.030000 0.084239
15 0.438125 0.363859 0.039250 0.086413
15 0.439250 0.311141 0.038000 0.038587
15 0.438625 0.254348 0.033250 0.073913
15 0.416500 0.433696 0.031500 0.104348
15 0.528625 0.498641 0.030750 0.075543
15 0.543375 0.559239 0.036750 0.061957
15 0.495875 0.570380 0.045250 0.069022
15 0.482625 0.502989 0.068250 0.071196
15 0.428375 0.527717 0.033250 0.085870
15 0.446500 0.573098 0.040500 0.062500
15 0.455125 0.633696 0.038750 0.085870
15 0.495875 0.642391 0.044250 0.072826
15 0.523875 0.625815 0.048750 0.059239
15 0.621375 0.615761 0.052250 0.071739
15 0.616750 0.536413 0.052500 0.069565
15 0.662500 0.574457 0.043000 0.075000
15 0.706125 0.603804 0.037250 0.071739
15 0.759875 0.628261 0.047750 0.092391
15 0.723625 0.680435 0.048750 0.082609
15 0.680000 0.662500 0.032000 0.082609
15 0.647125 0.675815 0.033750 0.083152
15 0.602625 0.661141 0.048250 0.070109
15 0.685750 0.736957 0.031000 0.064130
15 0.721500 0.754620 0.049500 0.064674
15 0.771750 0.712500 0.047000 0.063043
15 0.822125 0.676087 0.047250 0.076087
15 0.833375 0.611685 0.037750 0.075543
15 0.571250 0.714674 0.032000 0.094565
15 0.536500 0.712772 0.030000 0.104891
15 0.507000 0.727174 0.019000 0.056522
15 0.477500 0.720924 0.048000 0.104891
15 0.803875 0.799728 0.040750 0.115761
15 0.757625 0.785598 0.055250 0.071196
15 0.739375 0.886413 0.041750 0.104348
15 0.785250 0.902717 0.044000 0.098913
15 0.709500 0.834511 0.035500 0.092935
15 0.675500 0.911413 0.061000 0.081522
15 0.660750 0.785054 0.049000 0.121196
15 0.621625 0.822554 0.036250 0.071196
15 0.623000 0.903261 0.059500 0.079348
15 0.581500 0.869565 0.041000 0.092391
15 0.560375 0.807065 0.036750 0.085870
15 0.609875 0.739130 0.042250 0.100000
15 0.531625 0.873098 0.050250 0.089674
15 0.537750 0.964130 0.043500 0.071739
15 0.495875 0.945109 0.040250 0.109783
15 0.480250 0.837228 0.047000 0.110326
15 0.442250 0.820924 0.044500 0.087500
15 0.425875 0.733967 0.044250 0.137500
15 0.402250 0.827989 0.032500 0.086413
15 0.403000 0.927174 0.033500 0.096739
15 0.444125 0.957880 0.052750 0.070109
15 0.375000 0.945924 0.029500 0.083152
15 0.367375 0.852989 0.039250 0.091848
15 0.357500 0.768750 0.056000 0.070109
15 0.386625 0.716848 0.032250 0.101087
15 0.349750 0.704891 0.043500 0.070652
15 0.365625 0.630707 0.040750 0.074457
15 0.412500 0.628533 0.042500 0.083152
15 0.390375 0.566576 0.045750 0.107065
15 0.384375 0.510054 0.042750 0.041848
15 0.378250 0.438315 0.040500 0.089674
15 0.349750 0.466033 0.030000 0.069022
15 0.336250 0.529348 0.045000 0.077174
15 0.325625 0.633967 0.039750 0.072283
15 0.322625 0.844022 0.052250 0.096739
15 0.326625 0.939674 0.049250 0.108696
15 0.345000 0.377446 0.042500 0.083152
15 0.316625 0.438859 0.038750 0.080978
15 0.373875 0.369565 0.016750 0.044565
15 0.400000 0.354348 0.035500 0.060870
15 0.360375 0.303533 0.030750 0.063587
15 0.308875 0.354620 0.041250 0.066848
15 0.277500 0.423641 0.042000 0.083152
15 0.329250 0.304076 0.028000 0.055978
15 0.292625 0.298641 0.032750 0.048370
15 0.313500 0.256522 0.031500 0.036957
15 0.329750 0.211141 0.039000 0.076630
15 0.290250 0.222554 0.037500 0.076630
15 0.394500 0.271739 0.035000 0.098913
15 0.420625 0.207609 0.042750 0.073913
15 0.389000 0.182065 0.029000 0.054348
15 0.351000 0.160054 0.036000 0.076630
15 0.414625 0.140489 0.052750 0.050543
15 0.447750 0.108152 0.013000 0.040217
15 0.416625 0.087772 0.034750 0.048370
15 0.378500 0.126630 0.034500 0.064130
15 0.360500 0.094022 0.026500 0.067391
15 0.324000 0.110870 0.031500 0.065217
15 0.295875 0.144565 0.034250 0.066304
15 0.256250 0.154620 0.039000 0.076630
15 0.256250 0.241576 0.030000 0.089674
15 0.229750 0.252717 0.033000 0.085870
15 0.393125 0.039674 0.037750 0.077174
15 0.440750 0.036413 0.050500 0.070652
15 0.474125 0.008152 0.018250 0.015217
15 0.373375 0.017935 0.024250 0.034783
15 0.344375 0.022554 0.022750 0.044022
15 0.328500 0.042663 0.023500 0.049457
15 0.311000 0.010870 0.036500 0.020652
15 0.292000 0.064130 0.038000 0.086957
15 0.264375 0.060054 0.024250 0.096196
15 0.235875 0.041576 0.036750 0.082065
15 0.193250 0.073913 0.029000 0.085870
15 0.211625 0.137228 0.037750 0.059239
15 0.230250 0.097554 0.032000 0.037500
15 0.225375 0.185870 0.022750 0.045652
15 0.183125 0.204348 0.055750 0.089130
15 0.150500 0.177989 0.034000 0.073370
15 0.174375 0.135326 0.023750 0.038043
15 0.161125 0.050815 0.039750 0.091848
15 0.130375 0.041576 0.027250 0.070109
15 0.143000 0.111685 0.037500 0.065761
15 0.198500 0.014674 0.031500 0.028261
15 0.118375 0.197011 0.032250 0.088587
15 0.148125 0.250272 0.028750 0.039674
15 0.132250 0.296739 0.035500 0.083696
15 0.179875 0.273098 0.041750 0.070109
15 0.111000 0.292663 0.019500 0.083152
15 0.203000 0.327717 0.044000 0.068478
15 0.239500 0.330435 0.024500 0.064130
15 0.175250 0.364130 0.055500 0.089130
15 0.228750 0.394565 0.047500 0.067391
15 0.189750 0.439130 0.043000 0.079348
15 0.152125 0.444293 0.031750 0.071196
15 0.111625 0.382065 0.058750 0.080435
15 0.100625 0.479348 0.055250 0.088043
15 0.238000 0.471739 0.037500 0.072826
15 0.220125 0.511957 0.051750 0.083696
15 0.176625 0.500815 0.035750 0.054891
15 0.140500 0.524728 0.040500 0.102717
15 0.099000 0.543478 0.033500 0.055435
15 0.095625 0.604076 0.040250 0.072283
15 0.083125 0.688587 0.044750 0.118478
15 0.122125 0.663315 0.033750 0.115761
15 0.142375 0.601359 0.032250 0.050543
15 0.179250 0.591848 0.038000 0.068478
15 0.219500 0.611957 0.046000 0.075000
15 0.167750 0.653804 0.054500 0.058696
15 0.252375 0.554076 0.036750 0.062500
15 0.284875 0.522826 0.048250 0.082609
15 0.300500 0.588315 0.046000 0.072283
15 0.257000 0.627174 0.039500 0.067391
15 0.287125 0.668207 0.042750 0.071196
15 0.303250 0.726087 0.048500 0.084783
15 0.257625 0.766848 0.041750 0.118478
15 0.228375 0.710054 0.056750 0.099457
15 0.196625 0.696196 0.031250 0.072826
15 0.154875 0.748098 0.055750 0.130978
15 0.083750 0.815761 0.043500 0.116304
15 0.128750 0.863587 0.047500 0.115217
15 0.071625 0.937500 0.046250 0.125000
15 0.138750 0.959239 0.046500 0.081522
15 0.181375 0.986685 0.033750 0.026630
15 0.187250 0.921739 0.052000 0.106522
15 0.178750 0.815489 0.051000 0.108152
15 0.214500 0.821739 0.046500 0.090217
15 0.235250 0.874728 0.032500 0.103804
15 0.264625 0.882065 0.037750 0.111957
15 0.233125 0.969293 0.060250 0.061413
15 0.283125 0.937228 0.034750 0.098370
15 0.303250 0.795380 0.051500 0.086413
