15 0.836321 0.077359 0.051129 0.029105
15 0.796813 0.095129 0.057105 0.038297
15 0.743028 0.092218 0.050465 0.028799
15 0.688911 0.085325 0.061753 0.026042
15 0.575365 0.059589 0.077689 0.022978
15 0.500000 0.028186 0.054449 0.035539
15 0.421979 0.030637 0.065737 0.034926
15 0.348274 0.035386 0.090969 0.029105
15 0.339641 0.016238 0.085657 0.030637
15 0.267928 0.013021 0.052457 0.025429
15 0.237716 0.027420 0.042497 0.024816
15 0.214475 0.006127 0.045153 0.011642
15 0.190239 0.026808 0.056441 0.050551
15 0.163015 0.017616 0.044489 0.019914
15 0.159031 0.044730 0.056441 0.029412
15 0.110558 0.017463 0.061753 0.031863
15 0.037185 0.020833 0.070385 0.028186
15 0.015936 0.047947 0.030544 0.037071
15 0.055777 0.045496 0.051793 0.027880
15 0.104914 0.049020 0.047809 0.020221
15 0.137450 0.072457 0.071713 0.021140
15 0.071049 0.067862 0.045153 0.019301
15 0.033201 0.084406 0.054449 0.030331
15 0.083997 0.092371 0.043161 0.028493
15 0.124502 0.094669 0.035193 0.018995
15 0.175631 0.112898 0.068393 0.032169
15 0.193559 0.087776 0.047145 0.026654
15 0.254316 0.081036 0.057105 0.018689
15 0.237384 0.061275 0.072377 0.020833
15 0.266600 0.045496 0.057769 0.022365
15 0.315073 0.058517 0.044489 0.025123
15 0.351926 0.061275 0.041169 0.025123
15 0.394090 0.076746 0.043161 0.044424
15 0.327689 0.084712 0.073705 0.017463
15 0.356574 0.102941 0.053121 0.027574
15 0.432935 0.098499 0.050465 0.028493
15 0.481740 0.091759 0.055113 0.033395
15 0.506308 0.067096 0.055113 0.029412
15 0.568061 0.081495 0.056441 0.015319
15 0.535525 0.099112 0.044489 0.026654
15 0.594290 0.098192 0.047809 0.020527
15 0.642430 0.115349 0.051129 0.024816
15 0.563081 0.116115 0.083665 0.015931
15 0.478752 0.116422 0.071713 0.015319
15 0.558433 0.129596 0.066401 0.009804
15 0.548141 0.142923 0.055113 0.019914
15 0.558101 0.159161 0.067065 0.029718
15 0.614210 0.158701 0.045153 0.018995
15 0.664011 0.143229 0.066401 0.028493
15 0.738048 0.159007 0.067065 0.056985
15 0.808433 0.166054 0.060425 0.036765
15 0.690239 0.167892 0.029880 0.025123
15 0.652390 0.178615 0.057769 0.022672
15 0.585657 0.179228 0.062417 0.021446
15 0.490040 0.163909 0.051793 0.025735
15 0.492364 0.139093 0.061753 0.025123
15 0.441567 0.149969 0.046481 0.028493
15 0.387782 0.128370 0.059761 0.025735
15 0.320717 0.117647 0.046481 0.030637
15 0.389774 0.153339 0.057105 0.026042
15 0.271912 0.127298 0.063081 0.049326
15 0.260292 0.099112 0.041169 0.015625
15 0.134794 0.119026 0.066401 0.021752
15 0.072045 0.118873 0.053785 0.025735
15 0.020916 0.114737 0.039177 0.031556
15 0.167663 0.141085 0.041833 0.023591
15 0.112218 0.146446 0.050465 0.025735
15 0.054117 0.145527 0.057769 0.032475
15 0.023572 0.158548 0.041833 0.024203
15 0.084329 0.174939 0.042497 0.024510
15 0.143426 0.168199 0.071713 0.026961
15 0.032205 0.180607 0.048473 0.025429
15 0.191235 0.176930 0.058433 0.030331
15 0.227092 0.166207 0.026560 0.020527
15 0.293493 0.161612 0.046481 0.023591
15 0.264608 0.194700 0.053785 0.031556
15 0.312749 0.191942 0.043825 0.025429
15 0.342961 0.202359 0.049801 0.026042
15 0.373174 0.188266 0.042497 0.023591
15 0.413015 0.177237 0.059761 0.020527
15 0.415007 0.202665 0.047809 0.029105
15 0.478088 0.189032 0.058433 0.017157
15 0.538513 0.191483 0.051793 0.028799
15 0.708167 0.194393 0.065737 0.030331
15 0.777888 0.207108 0.085657 0.034314
15 0.656042 0.203431 0.046481 0.023284
15 0.604582 0.195312 0.069721 0.015625
15 0.594954 0.213082 0.059761 0.018689
15 0.549801 0.232230 0.046481 0.023284
15 0.495684 0.215686 0.045817 0.039216
15 0.534197 0.212623 0.032537 0.015931
15 0.459163 0.212929 0.051129 0.025735
15 0.182935 0.207108 0.049801 0.033701
15 0.150398 0.191176 0.017928 0.020833
15 0.108898 0.198989 0.043825 0.019914
15 0.034529 0.220588 0.061089 0.040441
15 0.127822 0.220282 0.072377 0.017770
15 0.236388 0.219056 0.074369 0.026348
15 0.199203 0.240962 0.062417 0.033395
15 0.130146 0.246936 0.067729 0.021446
15 0.082669 0.241728 0.032537 0.045956
15 0.241368 0.248775 0.032537 0.015319
15 0.283533 0.251379 0.047809 0.029105
15 0.302457 0.238205 0.032537 0.018076
15 0.322709 0.225184 0.049137 0.021446
15 0.390438 0.223192 0.054449 0.026654
15 0.439907 0.235754 0.043161 0.023591
15 0.397078 0.249540 0.061089 0.020527
15 0.338645 0.257047 0.046481 0.029412
15 0.284861 0.251838 0.057105 0.033088
15 0.441235 0.260723 0.056441 0.026961
15 0.497012 0.272365 0.053785 0.031863
15 0.539177 0.263480 0.059761 0.028799
15 0.594954 0.237745 0.057105 0.036765
15 0.655046 0.230086 0.057769 0.031250
15 0.692231 0.239737 0.056441 0.029718
15 0.690239 0.219516 0.036521 0.021752
15 0.729416 0.230852 0.028552 0.029718
15 0.795817 0.238971 0.076361 0.025123
15 0.827025 0.260110 0.076361 0.027574
15 0.820717 0.281250 0.073041 0.019608
15 0.751992 0.258119 0.049801 0.027267
15 0.692563 0.266391 0.061089 0.031556
15 0.793161 0.298866 0.065737 0.025429
15 0.724436 0.287684 0.057105 0.030637
15 0.652058 0.287531 0.058433 0.027880
15 0.624170 0.259191 0.067729 0.023897
15 0.580345 0.291820 0.058433 0.023591
15 0.631806 0.312960 0.060425 0.032782
15 0.560093 0.316942 0.055113 0.023591
15 0.740040 0.318934 0.077689 0.029412
15 0.803453 0.330270 0.053121 0.023284
15 0.692231 0.336397 0.051129 0.026348
15 0.627490 0.341299 0.071713 0.025123
15 0.550133 0.339920 0.104250 0.021140
15 0.447211 0.351409 0.085657 0.023897
15 0.364542 0.329504 0.059761 0.027880
15 0.420651 0.289675 0.056441 0.032169
15 0.363214 0.291973 0.057105 0.035539
15 0.317065 0.308364 0.072377 0.018689
15 0.297145 0.283701 0.057769 0.027574
15 0.236056 0.272672 0.064409 0.035539
15 0.186587 0.271906 0.035857 0.015625
15 0.124170 0.272672 0.074369 0.030637
15 0.180279 0.292126 0.036521 0.020527
15 0.214807 0.308211 0.068393 0.030025
15 0.157039 0.315104 0.057769 0.021752
15 0.124502 0.297488 0.068393 0.015319
15 0.043161 0.268689 0.084993 0.025123
15 0.034197 0.293505 0.067065 0.021446
15 0.058433 0.308058 0.078353 0.018689
15 0.093958 0.325980 0.059097 0.031863
15 0.014940 0.331801 0.028552 0.031250
15 0.047809 0.358303 0.094290 0.024203
15 0.137118 0.343903 0.053785 0.027267
15 0.209827 0.337623 0.066401 0.030637
15 0.290173 0.327512 0.067729 0.017770
15 0.304449 0.348192 0.121514 0.020527
15 0.367530 0.368107 0.104250 0.027267
15 0.248008 0.368413 0.073705 0.026654
15 0.185923 0.363511 0.035857 0.016850
15 0.125498 0.376225 0.084993 0.037377
15 0.192231 0.393842 0.052457 0.027880
15 0.251328 0.399510 0.044489 0.018995
15 0.315073 0.389553 0.076361 0.022365
15 0.402058 0.395987 0.061753 0.029105
15 0.337317 0.411765 0.053121 0.022059
15 0.262948 0.418505 0.070385 0.020833
15 0.205843 0.426317 0.041169 0.018076
15 0.151726 0.421722 0.052457 0.027880
15 0.097942 0.417892 0.036521 0.037377
15 0.075033 0.403339 0.033201 0.023591
15 0.032869 0.392923 0.064409 0.035233
15 0.021580 0.425245 0.041833 0.034314
15 0.526892 0.370864 0.079017 0.029718
15 0.581673 0.360754 0.067729 0.026654
15 0.799137 0.358456 0.065737 0.023897
15 0.865870 0.359835 0.073041 0.032782
15 0.766600 0.379289 0.045817 0.034314
15 0.818061 0.390778 0.051793 0.032169
15 0.689243 0.375153 0.070385 0.032782
15 0.605578 0.390472 0.079681 0.029105
15 0.524236 0.399050 0.080345 0.021140
15 0.859894 0.407782 0.107570 0.033088
15 0.762616 0.413297 0.084329 0.025123
15 0.687251 0.412684 0.061089 0.026348
15 0.623506 0.418811 0.067729 0.025735
15 0.556773 0.420037 0.057769 0.028186
15 0.490040 0.427390 0.070385 0.030025
15 0.405710 0.433670 0.096946 0.033395
15 0.924303 0.446538 0.062417 0.043199
15 0.856574 0.442862 0.083665 0.027880
15 0.785525 0.444393 0.069057 0.040748
15 0.711155 0.445466 0.079681 0.025123
15 0.640770 0.446078 0.057105 0.037990
15 0.586653 0.459252 0.039177 0.030025
15 0.532537 0.459099 0.066401 0.038909
15 0.504316 0.487592 0.049801 0.027880
15 0.452523 0.460172 0.067065 0.018382
15 0.859894 0.470282 0.066401 0.030637
15 0.916667 0.492647 0.077689 0.030637
15 0.831673 0.497396 0.084329 0.028493
15 0.890770 0.525276 0.081673 0.034007
15 0.778884 0.526042 0.094290 0.036152
15 0.702855 0.499387 0.089641 0.047181
15 0.746680 0.480392 0.088313 0.039216
15 0.645086 0.515625 0.067065 0.034314
15 0.606574 0.489277 0.063081 0.028799
15 0.590637 0.530790 0.061753 0.037684
15 0.525232 0.532016 0.066401 0.043199
15 0.457835 0.528033 0.077689 0.032782
15 0.383466 0.520680 0.069721 0.034007
15 0.439575 0.488817 0.066401 0.037684
15 0.379482 0.485447 0.060425 0.035846
15 0.344290 0.466146 0.075033 0.032782
15 0.328353 0.443474 0.065737 0.031556
15 0.258632 0.450674 0.079017 0.019608
15 0.266932 0.476562 0.050465 0.029718
15 0.305445 0.505362 0.079681 0.039522
15 0.242696 0.525429 0.086985 0.026348
15 0.203187 0.479626 0.066401 0.038297
15 0.171979 0.457721 0.050465 0.036152
15 0.121514 0.450368 0.053121 0.032475
15 0.097278 0.480699 0.073705 0.028799
15 0.046813 0.463695 0.092297 0.034620
15 0.138778 0.507659 0.082337 0.023897
15 0.181607 0.534926 0.052457 0.029412
15 0.074037 0.520987 0.048473 0.037071
15 0.024236 0.507200 0.047145 0.032782
15 0.020584 0.536458 0.039841 0.029412
15 0.047477 0.558824 0.067065 0.026348
15 0.133134 0.560815 0.110890 0.028493
15 0.259628 0.553156 0.104914 0.024203
15 0.330677 0.543352 0.066401 0.032782
15 0.407039 0.559743 0.079681 0.034926
15 0.243360 0.575368 0.126826 0.023284
15 0.165671 0.595435 0.075033 0.027880
15 0.092961 0.590686 0.091633 0.023284
15 0.062749 0.616575 0.059097 0.027267
15 0.024236 0.594363 0.047145 0.036765
15 0.014608 0.632659 0.027888 0.032475
15 0.116534 0.633578 0.048473 0.041667
15 0.180611 0.617953 0.102258 0.036765
15 0.250996 0.609835 0.057105 0.035846
15 0.058433 0.654105 0.070385 0.038603
15 0.290505 0.630362 0.061753 0.044424
15 0.329349 0.586550 0.087649 0.040135
15 0.194223 0.656097 0.069721 0.037071
15 0.144754 0.678002 0.063745 0.035539
15 0.100930 0.682751 0.047809 0.022978
15 0.052457 0.699755 0.078353 0.047181
15 0.179615 0.722733 0.072377 0.039216
15 0.208499 0.688266 0.043825 0.023591
15 0.253984 0.665594 0.073705 0.024816
15 0.342629 0.664216 0.079681 0.033088
15 0.403386 0.645527 0.080345 0.033088
15 0.437915 0.612439 0.081673 0.033088
15 0.458831 0.573836 0.102258 0.039216
15 0.547809 0.579044 0.075697 0.036765
15 0.632802 0.594669 0.077025 0.038603
15 0.545485 0.620251 0.089641 0.048100
15 0.484064 0.647825 0.066401 0.035233
15 0.547477 0.664828 0.063081 0.041054
15 0.607238 0.645833 0.057769 0.045343
15 0.672643 0.643995 0.061089 0.049020
15 0.737716 0.603860 0.073041 0.036765
15 0.834329 0.585478 0.088313 0.030637
15 0.846946 0.557598 0.104250 0.026961
15 0.924303 0.595435 0.067729 0.069547
15 0.859562 0.620711 0.071049 0.031250
15 0.853254 0.650735 0.086321 0.029412
15 0.936255 0.662684 0.070385 0.061275
15 0.825697 0.674939 0.128154 0.038603
15 0.801793 0.707414 0.106906 0.034926
15 0.931939 0.712010 0.077689 0.050858
15 0.818393 0.744638 0.106906 0.045037
15 0.728420 0.726256 0.074369 0.044424
15 0.642098 0.723499 0.112882 0.045650
15 0.552125 0.702206 0.053785 0.042279
15 0.565073 0.745404 0.112882 0.032475
15 0.649734 0.767463 0.073705 0.040441
15 0.736720 0.771599 0.086985 0.045650
15 0.900730 0.773897 0.069721 0.052696
15 0.970452 0.766391 0.055113 0.037684
15 0.962815 0.793658 0.039841 0.019301
15 0.820385 0.808670 0.079017 0.049326
15 0.707503 0.826746 0.057769 0.049939
15 0.664675 0.804075 0.070385 0.048713
15 0.574037 0.777267 0.077689 0.021446
15 0.586653 0.812960 0.068393 0.053615
15 0.483732 0.714614 0.064409 0.059743
15 0.425299 0.677083 0.093625 0.023897
15 0.405046 0.716759 0.077025 0.047488
15 0.342629 0.702819 0.057105 0.046569
15 0.272908 0.700827 0.084993 0.034620
15 0.299801 0.740043 0.044489 0.038297
15 0.239376 0.744945 0.098938 0.039522
15 0.107902 0.746936 0.071049 0.041054
15 0.077025 0.784620 0.054449 0.025123
15 0.022244 0.746170 0.043161 0.037071
15 0.029880 0.813879 0.058433 0.040748
15 0.081341 0.833487 0.079017 0.030944
15 0.260956 0.810355 0.147410 0.033701
15 0.275896 0.776501 0.102922 0.029105
15 0.127158 0.803922 0.068393 0.045343
15 0.049801 0.865196 0.083665 0.031250
15 0.084993 0.906710 0.128818 0.041973
15 0.161687 0.955270 0.109562 0.058824
15 0.235060 0.919730 0.103586 0.045343
15 0.290173 0.964767 0.100930 0.058211
15 0.358234 0.931066 0.097610 0.054534
15 0.309429 0.890931 0.091633 0.023284
15 0.323705 0.861060 0.063081 0.029105
15 0.238380 0.859222 0.057105 0.049939
15 0.301129 0.831189 0.059097 0.019608
15 0.371846 0.821998 0.094290 0.038603
15 0.391434 0.851716 0.071049 0.022672
15 0.404382 0.890472 0.092961 0.042586
15 0.373174 0.785846 0.126162 0.030025
15 0.440903 0.758885 0.075697 0.055147
15 0.494024 0.789982 0.071713 0.018689
15 0.481076 0.875613 0.064409 0.050858
15 0.448871 0.827206 0.067729 0.047181
15 0.560093 0.865502 0.102922 0.053922
15 0.538181 0.912071 0.092297 0.051471
15 0.672311 0.905944 0.149402 0.040441
15 0.651394 0.858762 0.073041 0.050858
15 0.749004 0.875000 0.088977 0.045343
15 0.796481 0.851716 0.136122 0.036765
15 0.895086 0.875460 0.066401 0.059130
15 0.842297 0.892157 0.081673 0.047181
