15 0.957572 0.061979 0.072837 0.122917
15 0.894712 0.052344 0.059615 0.103646
15 0.927043 0.175521 0.082933 0.101042
15 0.983654 0.238802 0.032692 0.117188
15 0.947356 0.281250 0.048077 0.107292
15 0.890264 0.279687 0.061779 0.148958
15 0.974279 0.370573 0.051442 0.143229
15 0.929087 0.425521 0.063942 0.125000
15 0.982933 0.491146 0.034135 0.080208
15 0.950481 0.542708 0.072115 0.090625
15 0.953486 0.616927 0.037260 0.133854
15 0.982933 0.682292 0.034135 0.218750
15 0.947356 0.773958 0.042308 0.188542
15 0.895553 0.829167 0.081490 0.133333
15 0.971755 0.867448 0.056490 0.135937
15 0.902524 0.672396 0.065625 0.141667
15 0.883293 0.563802 0.068029 0.129688
15 0.889423 0.471094 0.023558 0.055729
15 0.839423 0.496615 0.072115 0.159896
15 0.784736 0.466406 0.084375 0.130729
15 0.837380 0.363542 0.074279 0.164583
15 0.775361 0.363281 0.049760 0.067187
15 0.754087 0.558594 0.062500 0.106771
15 0.724880 0.390104 0.047837 0.164583
15 0.802885 0.648698 0.088462 0.130729
15 0.828486 0.740885 0.083413 0.161979
15 0.760577 0.776563 0.053365 0.111458
15 0.731611 0.696354 0.048798 0.154167
15 0.696034 0.669010 0.053606 0.190104
15 0.636659 0.711198 0.051202 0.156771
15 0.696034 0.532292 0.042548 0.102083
15 0.650000 0.575521 0.062019 0.114583
15 0.597236 0.575521 0.057933 0.104167
15 0.558534 0.641667 0.093510 0.146875
15 0.525721 0.676562 0.024519 0.061458
15 0.572236 0.754427 0.074760 0.097396
15 0.523558 0.806510 0.042788 0.139063
15 0.700000 0.859375 0.116827 0.130208
15 0.773077 0.925260 0.062019 0.144271
15 0.868870 0.963542 0.076202 0.072917
15 0.912139 0.944792 0.045433 0.105208
15 0.712861 0.962240 0.056971 0.075521
15 0.811899 0.971094 0.031010 0.057813
15 0.628486 0.958854 0.073317 0.082292
15 0.611298 0.886719 0.061538 0.085938
15 0.552043 0.924219 0.056971 0.151562
15 0.649519 0.462500 0.102404 0.133333
15 0.667188 0.342187 0.078125 0.093750
15 0.672115 0.245833 0.096154 0.105208
15 0.751803 0.226823 0.088221 0.184896
15 0.863822 0.144792 0.034375 0.136458
15 0.825000 0.232292 0.061538 0.103125
15 0.812740 0.092708 0.066827 0.184375
15 0.756010 0.105729 0.043269 0.063542
15 0.740625 0.042188 0.068750 0.082292
15 0.706490 0.071354 0.039904 0.091667
15 0.672837 0.063802 0.029327 0.120313
15 0.632812 0.108594 0.065625 0.192188
15 0.590986 0.071875 0.046394 0.142708
15 0.598918 0.230469 0.051202 0.148438
15 0.597236 0.346094 0.056490 0.090104
15 0.571635 0.436719 0.058654 0.159896
15 0.555529 0.493750 0.032212 0.082292
15 0.553365 0.273177 0.054327 0.169271
15 0.542428 0.101823 0.069952 0.152604
15 0.481010 0.114844 0.052885 0.171354
15 0.525962 0.022135 0.071154 0.043229
15 0.507212 0.244271 0.036058 0.125000
15 0.496875 0.373698 0.058654 0.127604
15 0.505168 0.488542 0.064663 0.164583
15 0.494231 0.965625 0.053846 0.063542
15 0.481250 0.866406 0.057692 0.151562
15 0.421394 0.966667 0.086538 0.062500
15 0.417788 0.869792 0.081250 0.167708
15 0.485577 0.743750 0.062019 0.082292
15 0.434615 0.679948 0.058173 0.149479
15 0.485457 0.634896 0.059856 0.103125
15 0.452764 0.554427 0.044471 0.078646
15 0.418630 0.464583 0.094471 0.154167
15 0.462861 0.271094 0.041106 0.150521
15 0.421995 0.299479 0.050240 0.135417
15 0.415144 0.219271 0.057692 0.110417
15 0.413702 0.116146 0.081731 0.126042
15 0.425481 0.031510 0.068750 0.061979
15 0.401442 0.722656 0.073077 0.128646
15 0.342909 0.769010 0.066106 0.140104
15 0.282813 0.821094 0.056010 0.119271
15 0.234014 0.834896 0.042548 0.072917
15 0.230048 0.728646 0.081731 0.142708
15 0.296995 0.656771 0.067067 0.137500
15 0.352524 0.612240 0.063221 0.139063
15 0.335216 0.470052 0.061298 0.139063
15 0.285817 0.447917 0.050000 0.119792
15 0.237380 0.537500 0.074279 0.103125
15 0.208173 0.630990 0.087019 0.118229
15 0.165264 0.742448 0.060337 0.109896
15 0.183293 0.898177 0.080048 0.186979
15 0.118149 0.872396 0.060817 0.156250
15 0.110817 0.779948 0.047596 0.069271
15 0.135216 0.958854 0.059856 0.075000
15 0.257212 0.927604 0.068750 0.089583
15 0.326442 0.913802 0.057692 0.134896
15 0.355168 0.965885 0.046875 0.068229
15 0.040505 0.886719 0.080529 0.173437
15 0.058173 0.730990 0.067308 0.123438
15 0.115144 0.657552 0.058173 0.192188
15 0.162380 0.540625 0.063221 0.113542
15 0.057813 0.603125 0.060817 0.201042
15 0.023317 0.534115 0.028365 0.094271
15 0.097356 0.522135 0.057692 0.088021
15 0.195553 0.425781 0.059856 0.106771
15 0.251082 0.385417 0.055529 0.166667
15 0.018029 0.693750 0.035577 0.107292
15 0.320553 0.313802 0.084375 0.118229
15 0.386178 0.390625 0.064183 0.091667
15 0.343510 0.216146 0.071635 0.093750
15 0.356010 0.082292 0.047596 0.163542
15 0.304808 0.061979 0.048558 0.121875
15 0.274639 0.227344 0.054567 0.128646
15 0.248558 0.079427 0.087019 0.157812
15 0.215625 0.206250 0.066827 0.094792
15 0.182933 0.087240 0.037981 0.130729
15 0.177644 0.299740 0.067788 0.201563
15 0.112260 0.397917 0.085577 0.155208
15 0.092909 0.240104 0.069471 0.146875
15 0.140144 0.169010 0.063462 0.116146
15 0.119111 0.054167 0.076683 0.107292
15 0.093510 0.115104 0.043750 0.093750
15 0.028726 0.348438 0.056971 0.206250
15 0.019952 0.222135 0.039423 0.095312
15 0.039303 0.097917 0.074279 0.148958
15 0.019832 0.017448 0.039183 0.025521
15 0.055409 0.310677 0.026202 0.111979
15 0.017548 0.479167 0.034615 0.062500
15 0.401923 0.580729 0.032692 0.064583
