15 0.969010 0.028365 0.061979 0.051442
15 0.904167 0.030529 0.107292 0.057692
15 0.821094 0.033053 0.136979 0.065625
15 0.695833 0.026562 0.118750 0.046394
15 0.566406 0.023438 0.138021 0.031971
15 0.497917 0.044712 0.146875 0.055288
15 0.412760 0.039904 0.117188 0.061538
15 0.311198 0.071995 0.084896 0.072356
15 0.209115 0.046995 0.123438 0.056490
15 0.098177 0.051082 0.095312 0.068029
15 0.026302 0.059135 0.051562 0.053365
15 0.011458 0.114423 0.021875 0.043750
15 0.101042 0.132091 0.157292 0.063221
15 0.176042 0.109615 0.132292 0.067788
15 0.279427 0.127885 0.145313 0.039904
15 0.431250 0.113101 0.158333 0.082452
15 0.625521 0.076683 0.140625 0.072115
15 0.558854 0.107813 0.153125 0.062740
15 0.634635 0.159856 0.115104 0.061058
15 0.707812 0.139543 0.076042 0.078125
15 0.795573 0.112139 0.125521 0.114183
15 0.916406 0.090986 0.139063 0.062260
15 0.960417 0.142067 0.079167 0.050481
15 0.854427 0.155168 0.133854 0.072837
15 0.943750 0.201683 0.112500 0.053365
15 0.836458 0.222957 0.158333 0.062740
15 0.685156 0.217188 0.136979 0.078606
15 0.540885 0.238942 0.136979 0.031731
15 0.541146 0.197837 0.214583 0.059615
15 0.500521 0.147236 0.101042 0.049279
15 0.375260 0.209495 0.127604 0.074279
15 0.383073 0.165505 0.107813 0.035817
15 0.267969 0.182091 0.167187 0.092548
15 0.153385 0.196755 0.052604 0.065144
15 0.096615 0.191827 0.081771 0.048558
15 0.025000 0.167067 0.048958 0.047115
15 0.051562 0.218630 0.102083 0.054087
15 0.191406 0.251442 0.102604 0.044712
15 0.277083 0.254087 0.080208 0.052885
15 0.105990 0.282452 0.159896 0.064904
15 0.023958 0.294952 0.046875 0.063942
15 0.166667 0.335938 0.139583 0.050721
15 0.298958 0.312380 0.138542 0.049760
15 0.398438 0.285096 0.252083 0.058654
15 0.413281 0.247476 0.141146 0.026683
15 0.786198 0.264062 0.131771 0.058894
15 0.951562 0.259255 0.096875 0.059856
15 0.961719 0.307091 0.076563 0.057452
15 0.868750 0.315264 0.130208 0.070433
15 0.988542 0.348197 0.022917 0.023317
15 0.790885 0.337019 0.092188 0.083654
15 0.958854 0.386418 0.082292 0.048317
15 0.852604 0.382452 0.159375 0.060577
15 0.733854 0.412861 0.125000 0.042548
15 0.798177 0.444712 0.253646 0.050962
15 0.671615 0.313702 0.152604 0.074519
15 0.544531 0.313101 0.101562 0.068029
15 0.509115 0.374519 0.108854 0.051442
15 0.629167 0.373918 0.114583 0.053606
15 0.426823 0.338822 0.122396 0.047356
15 0.280208 0.358534 0.165625 0.050721
15 0.235417 0.398798 0.132292 0.040865
15 0.399479 0.392188 0.120833 0.061779
15 0.079687 0.370673 0.158333 0.056731
15 0.604167 0.434495 0.132292 0.066587
15 0.471875 0.423317 0.095833 0.037500
15 0.374219 0.442668 0.193229 0.054087
15 0.521615 0.456250 0.104688 0.056250
15 0.216927 0.445913 0.127604 0.059615
15 0.109896 0.434856 0.120833 0.063942
15 0.049740 0.423678 0.098437 0.066587
15 0.127604 0.493029 0.198958 0.051442
15 0.275781 0.486538 0.073438 0.053365
15 0.347135 0.494111 0.135937 0.074760
15 0.429688 0.505168 0.089583 0.049279
15 0.234635 0.539663 0.084896 0.057212
15 0.135677 0.553606 0.105729 0.070673
15 0.044531 0.565385 0.088021 0.054327
15 0.042448 0.514784 0.083854 0.048798
15 0.975260 0.440024 0.049479 0.054567
15 0.914844 0.450120 0.091146 0.069471
15 0.810937 0.504567 0.130208 0.063462
15 0.913542 0.518029 0.119792 0.061058
15 0.981771 0.503846 0.036458 0.066827
15 0.692448 0.497236 0.100521 0.047837
15 0.571094 0.505409 0.171354 0.056010
15 0.582812 0.539423 0.138542 0.050962
15 0.459896 0.549519 0.114583 0.036058
15 0.341667 0.554447 0.131250 0.049760
15 0.061979 0.609014 0.122917 0.050240
15 0.190104 0.596274 0.093750 0.052644
15 0.136719 0.628245 0.034896 0.022837
15 0.253646 0.632212 0.130208 0.089904
15 0.130729 0.669591 0.148958 0.075721
15 0.034635 0.660937 0.068229 0.068510
15 0.396615 0.601923 0.097396 0.056731
15 0.700521 0.553846 0.106250 0.080769
15 0.538021 0.599038 0.190625 0.062019
15 0.850521 0.555168 0.115625 0.034375
15 0.962240 0.561298 0.074479 0.048077
15 0.770833 0.566346 0.055208 0.063462
15 0.852083 0.614543 0.225000 0.079087
15 0.714583 0.622837 0.073958 0.055288
15 0.662760 0.591466 0.081771 0.047837
15 0.471875 0.654928 0.106250 0.056971
15 0.596615 0.642067 0.161979 0.037981
15 0.975521 0.619952 0.048958 0.058654
15 0.929167 0.642788 0.054167 0.020673
15 0.960938 0.674880 0.078125 0.061779
15 0.870833 0.682212 0.121875 0.066346
15 0.739583 0.675361 0.158333 0.056010
15 0.612500 0.696514 0.096875 0.072837
15 0.734375 0.712380 0.135417 0.033413
15 0.530469 0.693990 0.115104 0.069231
15 0.490885 0.730288 0.105729 0.071154
15 0.353125 0.718870 0.151042 0.081490
15 0.376302 0.656130 0.116146 0.048798
15 0.304427 0.599760 0.083854 0.057692
15 0.223177 0.713582 0.154688 0.085817
15 0.150781 0.715505 0.065104 0.033894
15 0.044792 0.715385 0.087500 0.049038
15 0.103125 0.728245 0.071875 0.035337
15 0.080729 0.771154 0.093750 0.065385
15 0.022135 0.762260 0.043229 0.034135
15 0.960417 0.744231 0.079167 0.065385
15 0.884896 0.735337 0.086458 0.043269
15 0.786458 0.750361 0.132292 0.060337
15 0.655208 0.743870 0.127083 0.050240
15 0.575781 0.773197 0.098437 0.061298
15 0.453125 0.772716 0.106250 0.058413
15 0.293229 0.796274 0.183333 0.074760
15 0.195052 0.782091 0.169271 0.067548
15 0.094271 0.818149 0.061458 0.057933
15 0.039844 0.810457 0.078646 0.041587
15 0.035937 0.851562 0.070833 0.039183
15 0.227604 0.846394 0.216667 0.046635
15 0.399740 0.824519 0.105729 0.054327
15 0.553125 0.823077 0.179167 0.052404
15 0.725781 0.802043 0.174479 0.051683
15 0.868229 0.798558 0.086458 0.076442
15 0.953125 0.811058 0.093750 0.062500
15 0.442188 0.864784 0.090625 0.039663
15 0.329948 0.872115 0.136979 0.046635
15 0.204427 0.883894 0.117188 0.027885
15 0.071875 0.888582 0.116667 0.063221
15 0.763802 0.850721 0.143229 0.061538
15 0.846875 0.872476 0.196875 0.064183
15 0.971615 0.882933 0.056771 0.073077
15 0.911198 0.935697 0.140104 0.075721
15 0.515885 0.881731 0.096354 0.051923
15 0.645052 0.884736 0.184896 0.070913
15 0.594010 0.911178 0.059896 0.031490
15 0.738281 0.937981 0.183854 0.051923
15 0.648177 0.964423 0.126562 0.071154
15 0.772656 0.981130 0.111979 0.032933
15 0.876563 0.963341 0.086458 0.044471
15 0.917188 0.990745 0.159375 0.018510
15 0.545312 0.994591 0.088542 0.010817
15 0.461979 0.986418 0.078125 0.027163
15 0.514844 0.945913 0.142187 0.066827
15 0.403906 0.937380 0.104688 0.103125
15 0.322917 0.918149 0.072917 0.039183
15 0.294010 0.966827 0.117188 0.063462
15 0.195573 0.990745 0.077604 0.018510
15 0.205990 0.925721 0.160938 0.055769
15 0.055469 0.951803 0.109896 0.057452
15 0.018229 0.990625 0.035417 0.018750
15 0.123177 0.975962 0.099479 0.048077
