15 0.896354 0.030288 0.177083 0.057692
15 0.816146 0.082332 0.120833 0.065625
15 0.700260 0.022115 0.113021 0.037981
15 0.701562 0.080409 0.179167 0.090144
15 0.950260 0.154928 0.099479 0.069471
15 0.661458 0.133173 0.094792 0.058654
15 0.543229 0.037620 0.148958 0.055048
15 0.469531 0.018029 0.098437 0.032212
15 0.425260 0.064062 0.117188 0.047356
15 0.351562 0.022837 0.111458 0.045192
15 0.221094 0.021995 0.095312 0.043510
15 0.132552 0.012620 0.074479 0.024760
15 0.064323 0.052043 0.127604 0.082933
15 0.282813 0.072115 0.115625 0.056731
15 0.333594 0.109375 0.103646 0.057212
15 0.202865 0.118149 0.119271 0.055529
15 0.097135 0.135937 0.118229 0.055529
15 0.550000 0.091707 0.094792 0.051202
15 0.520052 0.125240 0.154688 0.063942
15 0.450260 0.124399 0.092188 0.065625
15 0.394792 0.146394 0.063542 0.028846
15 0.474219 0.182933 0.096354 0.058654
15 0.585938 0.174880 0.113542 0.036779
15 0.795052 0.161058 0.169271 0.075000
15 0.221875 0.175601 0.067708 0.054567
15 0.336458 0.181010 0.175000 0.080769
15 0.291667 0.226202 0.098958 0.037019
15 0.116667 0.195793 0.136458 0.063221
15 0.043750 0.208053 0.057292 0.046875
15 0.179688 0.238582 0.136458 0.054567
15 0.401562 0.262260 0.116667 0.071154
15 0.541667 0.231130 0.127083 0.063702
15 0.676562 0.205048 0.080208 0.068750
15 0.789323 0.235096 0.129688 0.075481
15 0.930469 0.218269 0.139063 0.053365
15 0.953906 0.259255 0.092188 0.051202
15 0.700781 0.275721 0.124479 0.067788
15 0.845573 0.308413 0.143229 0.057692
15 0.958854 0.316827 0.082292 0.062019
15 0.295573 0.279327 0.091146 0.064423
15 0.566667 0.284976 0.136458 0.054567
15 0.051823 0.262620 0.102604 0.051683
15 0.009115 0.200601 0.017188 0.033413
15 0.171094 0.285938 0.156771 0.059856
15 0.216406 0.326803 0.096354 0.024760
15 0.098437 0.335337 0.135417 0.072596
15 0.023698 0.309375 0.046354 0.041827
15 0.015365 0.354567 0.029687 0.044712
15 0.375521 0.327284 0.130208 0.050721
15 0.528906 0.341106 0.169271 0.050962
15 0.271094 0.366947 0.147396 0.056010
15 0.746354 0.339784 0.160417 0.059856
15 0.949219 0.367548 0.093229 0.039423
15 0.845052 0.394351 0.138021 0.050721
15 0.969531 0.404928 0.060937 0.028125
15 0.724740 0.398317 0.101562 0.058654
15 0.612760 0.379087 0.109896 0.047115
15 0.410677 0.392308 0.169271 0.066827
15 0.141927 0.415264 0.129688 0.054087
15 0.035677 0.413221 0.070312 0.069712
15 0.265885 0.430288 0.143229 0.064423
15 0.208854 0.480769 0.160417 0.051923
15 0.047917 0.488221 0.094792 0.078365
15 0.926302 0.436298 0.145313 0.065385
15 0.884896 0.462260 0.112500 0.047115
15 0.712760 0.456971 0.141146 0.064423
15 0.583333 0.431010 0.110417 0.053365
15 0.478646 0.434255 0.089583 0.051683
15 0.370833 0.470913 0.115625 0.069231
15 0.509896 0.483293 0.141667 0.042548
15 0.633594 0.495553 0.120313 0.069471
15 0.294792 0.521034 0.163542 0.039183
15 0.216146 0.559736 0.112500 0.042548
15 0.115625 0.532212 0.121875 0.068269
15 0.030208 0.553125 0.059375 0.047115
15 0.097396 0.588341 0.134375 0.055529
15 0.015365 0.600120 0.029687 0.035817
15 0.446354 0.527764 0.113542 0.054087
15 0.575000 0.539663 0.112500 0.048558
15 0.698177 0.546394 0.119271 0.051923
15 0.816146 0.533053 0.112500 0.050240
15 0.935417 0.510337 0.129167 0.045673
15 0.966927 0.558413 0.066146 0.052404
15 0.984896 0.611779 0.030208 0.049038
15 0.792708 0.582933 0.115625 0.053365
15 0.623437 0.602163 0.141667 0.071635
15 0.484115 0.591947 0.125521 0.064663
15 0.377604 0.567308 0.111458 0.048077
15 0.360938 0.616707 0.101042 0.059375
15 0.228646 0.612861 0.161458 0.065144
15 0.895833 0.626563 0.139583 0.044952
15 0.951562 0.662380 0.096875 0.047356
15 0.783594 0.673918 0.133854 0.055048
15 0.701042 0.641827 0.139583 0.054327
15 0.660937 0.689784 0.104167 0.040625
15 0.541927 0.655288 0.163021 0.059135
15 0.420833 0.657813 0.108333 0.056490
15 0.293750 0.661779 0.135417 0.039423
15 0.365104 0.708774 0.101042 0.059375
15 0.146354 0.663101 0.120833 0.054087
15 0.059115 0.644712 0.117188 0.058654
15 0.092708 0.699159 0.098958 0.050721
15 0.022135 0.698678 0.043229 0.047837
15 0.232031 0.713702 0.169271 0.045673
15 0.531771 0.700962 0.139583 0.045192
15 0.870833 0.710457 0.126042 0.053606
15 0.823177 0.750962 0.139063 0.065385
15 0.954948 0.774760 0.090104 0.057692
15 0.695573 0.772236 0.148438 0.055529
15 0.623437 0.739663 0.140625 0.055769
15 0.475521 0.744471 0.109375 0.074038
15 0.322135 0.752764 0.108854 0.041106
15 0.180208 0.748197 0.102083 0.037260
15 0.061719 0.752043 0.122396 0.060337
15 0.144271 0.795072 0.094792 0.056971
15 0.049479 0.801082 0.097917 0.044471
15 0.251823 0.800481 0.119271 0.073077
15 0.437500 0.801803 0.160417 0.065625
15 0.568750 0.806490 0.077083 0.062981
15 0.697656 0.826442 0.123438 0.057212
15 0.959635 0.841346 0.080729 0.068750
15 0.837500 0.832692 0.159375 0.086058
15 0.721094 0.879567 0.113021 0.052885
15 0.597396 0.857812 0.070833 0.056490
15 0.506250 0.857933 0.073958 0.050962
15 0.380990 0.851442 0.154688 0.063462
15 0.241667 0.853486 0.111458 0.049760
15 0.117188 0.847356 0.137500 0.058173
15 0.024479 0.859375 0.047917 0.056250
15 0.871615 0.901923 0.124479 0.068269
15 0.961198 0.932813 0.077604 0.055529
15 0.695573 0.931851 0.138021 0.057452
15 0.550260 0.901923 0.109896 0.047115
15 0.443750 0.907091 0.097917 0.066106
15 0.360417 0.904567 0.053125 0.049519
15 0.261979 0.912500 0.117708 0.053365
15 0.151302 0.894111 0.143229 0.038221
15 0.029948 0.917428 0.058854 0.057452
15 0.091406 0.942788 0.123438 0.065385
15 0.018750 0.975240 0.036458 0.044712
15 0.070573 0.989183 0.055729 0.018750
15 0.148177 0.968870 0.109896 0.055529
15 0.245573 0.958894 0.085938 0.040865
15 0.236198 0.989904 0.083854 0.020192
15 0.338802 0.967308 0.078646 0.065385
15 0.400521 0.992428 0.033333 0.015144
15 0.472917 0.983894 0.078125 0.032212
15 0.445833 0.956370 0.103125 0.037260
15 0.564323 0.963822 0.101562 0.067548
15 0.686719 0.984736 0.123438 0.030529
