15 0.004327 0.103125 0.008173 0.057292
15 0.024639 0.110937 0.039663 0.078125
15 0.007812 0.170573 0.014663 0.068229
15 0.028846 0.168490 0.041827 0.084896
15 0.067067 0.124740 0.041346 0.094271
15 0.065865 0.210156 0.036538 0.056771
15 0.016106 0.243229 0.031731 0.064583
15 0.112139 0.272396 0.034856 0.111458
15 0.145072 0.221875 0.043510 0.080208
15 0.152885 0.135937 0.036058 0.105208
15 0.196755 0.098437 0.051683 0.066667
15 0.185457 0.169010 0.037740 0.084896
15 0.190264 0.260417 0.051202 0.120833
15 0.228365 0.187500 0.052404 0.094792
15 0.234736 0.281771 0.038702 0.091667
15 0.147716 0.324740 0.044471 0.084896
15 0.095913 0.377083 0.055769 0.098958
15 0.120192 0.419792 0.061538 0.117708
15 0.054207 0.433594 0.045433 0.071354
15 0.071875 0.508333 0.036058 0.114583
15 0.109976 0.525521 0.049760 0.089583
15 0.149279 0.488021 0.053846 0.098958
15 0.162260 0.584375 0.053846 0.103125
15 0.203245 0.395313 0.051202 0.091667
15 0.244231 0.379167 0.030769 0.116667
15 0.276442 0.414323 0.044712 0.084896
15 0.224159 0.507812 0.044952 0.131250
15 0.237500 0.547656 0.036058 0.074479
15 0.273798 0.565104 0.032212 0.118750
15 0.295553 0.491927 0.032933 0.088021
15 0.309736 0.554948 0.045433 0.089063
15 0.295673 0.629427 0.041827 0.048438
15 0.259135 0.654687 0.023077 0.064583
15 0.235577 0.636458 0.036538 0.107292
15 0.208534 0.653125 0.032452 0.103125
15 0.258053 0.717187 0.044952 0.054167
15 0.299519 0.690625 0.040865 0.060417
15 0.294111 0.755208 0.056490 0.060417
15 0.012861 0.733333 0.025240 0.075000
15 0.025240 0.829948 0.050000 0.082812
15 0.189183 0.778125 0.033654 0.064583
15 0.252163 0.891406 0.025481 0.045312
15 0.324038 0.772396 0.032212 0.143750
15 0.351683 0.795573 0.052404 0.099479
15 0.354567 0.855729 0.041346 0.052083
15 0.374399 0.715104 0.050721 0.072917
15 0.414663 0.715625 0.037981 0.089583
15 0.390505 0.796094 0.032933 0.082812
15 0.392428 0.887240 0.031490 0.099479
15 0.429567 0.851042 0.053365 0.067708
15 0.427043 0.916406 0.050240 0.056771
15 0.433053 0.784115 0.045433 0.065104
15 0.460938 0.828646 0.029087 0.066667
15 0.487740 0.822656 0.035096 0.083854
15 0.477163 0.902344 0.054327 0.084896
15 0.515986 0.899479 0.040144 0.075000
15 0.522837 0.814844 0.041346 0.113021
15 0.495072 0.695833 0.044471 0.097917
15 0.511659 0.622396 0.045913 0.119792
15 0.537139 0.591667 0.038702 0.138542
15 0.556010 0.912500 0.043750 0.066667
15 0.557813 0.835677 0.039183 0.082812
15 0.566707 0.692969 0.037260 0.091146
15 0.593389 0.755729 0.041106 0.100000
15 0.614543 0.817969 0.028125 0.068229
15 0.594952 0.863802 0.043269 0.071354
15 0.624399 0.920833 0.043990 0.064583
15 0.643750 0.855990 0.030288 0.100521
15 0.671755 0.913281 0.040144 0.063021
15 0.680409 0.840885 0.039663 0.083854
15 0.650120 0.761979 0.043990 0.093750
15 0.693990 0.739323 0.038462 0.141146
15 0.726683 0.758854 0.035096 0.118750
15 0.726683 0.857812 0.054808 0.092708
15 0.598918 0.326823 0.044952 0.126562
15 0.751442 0.675260 0.035577 0.058854
15 0.803726 0.418490 0.044952 0.076563
15 0.814904 0.620313 0.041346 0.066667
15 0.816106 0.725781 0.053846 0.086979
15 0.855889 0.809635 0.051202 0.067187
15 0.909615 0.737500 0.030769 0.102083
15 0.871154 0.571354 0.039904 0.090625
15 0.909856 0.590104 0.043750 0.089583
15 0.908774 0.514844 0.034375 0.058854
15 0.950000 0.484635 0.039904 0.082812
15 0.973918 0.584375 0.051683 0.143750
15 0.956370 0.661458 0.040625 0.091667
15 0.977284 0.728125 0.040625 0.082292
15 0.973077 0.446615 0.030288 0.074479
15 0.987019 0.494531 0.025962 0.048438
15 0.846274 0.174479 0.045433 0.076042
15 0.867188 0.116146 0.065144 0.094792
15 0.896755 0.288542 0.055529 0.116667
15 0.936779 0.276823 0.035096 0.081771
15 0.942428 0.337760 0.038221 0.072396
15 0.976322 0.232813 0.045433 0.127083
