15 0.985817 0.095573 0.024038 0.067187
15 0.963221 0.178646 0.062019 0.105208
15 0.981250 0.277604 0.033654 0.117708
15 0.929567 0.282552 0.076923 0.092188
15 0.894591 0.221354 0.066106 0.144792
15 0.848317 0.182031 0.048077 0.121354
15 0.904928 0.073698 0.076683 0.142187
15 0.965024 0.034375 0.055048 0.067708
15 0.848437 0.064844 0.040625 0.127604
15 0.808654 0.043490 0.048077 0.085938
15 0.799399 0.114583 0.049760 0.077083
15 0.758293 0.057292 0.055048 0.110417
15 0.708413 0.034115 0.067788 0.064062
15 0.784255 0.156771 0.059375 0.093750
15 0.732452 0.200000 0.066827 0.158333
15 0.801803 0.230990 0.043029 0.116146
15 0.838582 0.308073 0.068990 0.103646
15 0.907813 0.377865 0.064663 0.086979
15 0.975481 0.417969 0.049038 0.106771
15 0.932091 0.461198 0.068510 0.145313
15 0.873678 0.481250 0.049760 0.098958
15 0.831731 0.432031 0.084135 0.108854
15 0.812260 0.375000 0.076442 0.119792
15 0.961418 0.547135 0.045913 0.098437
15 0.988101 0.582292 0.017548 0.070833
15 0.965986 0.654167 0.056010 0.106250
15 0.921394 0.556510 0.031250 0.051562
15 0.887740 0.585417 0.064904 0.112500
15 0.849639 0.657552 0.030529 0.095312
15 0.875841 0.698698 0.061779 0.106771
15 0.924038 0.657552 0.042308 0.073438
15 0.672596 0.164062 0.062019 0.173958
15 0.618269 0.085938 0.087019 0.170833
15 0.715264 0.115104 0.019471 0.078125
15 0.703486 0.330990 0.041106 0.100521
15 0.753966 0.334896 0.069952 0.094792
15 0.750361 0.413802 0.049279 0.052604
15 0.693750 0.425260 0.060096 0.088021
15 0.635337 0.435156 0.062019 0.084896
15 0.738341 0.483333 0.069471 0.111458
15 0.828846 0.553385 0.042788 0.158854
15 0.773678 0.558594 0.089663 0.142187
15 0.689904 0.542448 0.076442 0.134896
15 0.656010 0.624219 0.056731 0.096354
15 0.618149 0.551042 0.058894 0.096875
15 0.618029 0.658854 0.027885 0.083333
15 0.655288 0.722135 0.048077 0.116146
15 0.710817 0.792188 0.040385 0.090625
15 0.724159 0.676042 0.068990 0.132292
15 0.775120 0.653906 0.029087 0.044271
15 0.808053 0.693229 0.038702 0.106250
15 0.761779 0.750521 0.053365 0.103125
15 0.776322 0.846875 0.052644 0.116667
15 0.819231 0.813802 0.046635 0.107813
15 0.845913 0.751042 0.035577 0.101042
15 0.925601 0.760677 0.033894 0.146354
15 0.962620 0.755729 0.046875 0.111458
15 0.961538 0.841146 0.061058 0.059375
15 0.923678 0.901563 0.066587 0.106250
15 0.968149 0.936979 0.048798 0.123958
15 0.909375 0.977083 0.062500 0.045833
15 0.858053 0.952604 0.056490 0.094792
15 0.879687 0.844010 0.055048 0.146354
15 0.832091 0.878125 0.038702 0.056250
15 0.810337 0.951562 0.063942 0.096875
15 0.749639 0.980729 0.060337 0.038542
15 0.713942 0.888542 0.062019 0.138542
15 0.753486 0.902604 0.038702 0.115625
15 0.675000 0.960938 0.050000 0.073958
15 0.652524 0.871094 0.060817 0.160938
15 0.679447 0.796354 0.028125 0.045833
15 0.605048 0.765625 0.053846 0.127083
15 0.627043 0.955729 0.033894 0.072917
15 0.557332 0.947135 0.088221 0.091146
15 0.543630 0.861198 0.037260 0.054688
15 0.581370 0.890625 0.070433 0.108333
15 0.559615 0.765104 0.041827 0.122917
15 0.510096 0.823177 0.048077 0.116146
15 0.486298 0.971354 0.049519 0.056250
15 0.491466 0.914583 0.059856 0.066667
15 0.518389 0.680729 0.043510 0.167708
15 0.576683 0.649479 0.057212 0.092708
15 0.458534 0.826302 0.061298 0.188021
15 0.435096 0.977344 0.051923 0.045312
15 0.466466 0.660417 0.058413 0.097917
15 0.546635 0.544531 0.079327 0.183854
15 0.586779 0.490625 0.057692 0.138542
15 0.530288 0.430729 0.066827 0.105208
15 0.477404 0.523958 0.057212 0.202083
15 0.582933 0.366927 0.023558 0.099479
15 0.626683 0.324479 0.097115 0.136458
15 0.634135 0.227344 0.017308 0.045312
15 0.587740 0.244010 0.085096 0.141146
15 0.621394 0.184115 0.036538 0.071354
15 0.565144 0.045312 0.037019 0.089583
15 0.529207 0.216406 0.025721 0.027604
15 0.531611 0.289844 0.060817 0.093229
15 0.497236 0.323958 0.073798 0.110417
15 0.481010 0.193229 0.055288 0.106250
15 0.520913 0.098437 0.063462 0.180208
15 0.467187 0.118490 0.036779 0.063021
15 0.482692 0.039062 0.032212 0.077083
15 0.452644 0.042448 0.032692 0.083854
15 0.441827 0.165885 0.024038 0.061979
15 0.413822 0.198177 0.037260 0.082812
15 0.453245 0.259635 0.058413 0.124479
15 0.448798 0.382031 0.045673 0.127604
15 0.414303 0.075260 0.055529 0.108854
15 0.371154 0.080208 0.020192 0.070833
15 0.359495 0.178646 0.091106 0.116667
15 0.396274 0.270833 0.054567 0.109375
15 0.343990 0.288802 0.055769 0.096354
15 0.398438 0.380469 0.071875 0.095312
15 0.336418 0.390104 0.055048 0.128125
15 0.403966 0.482031 0.080529 0.105729
15 0.438221 0.524479 0.015385 0.036458
15 0.419952 0.572656 0.051442 0.110937
15 0.405529 0.664844 0.061538 0.073438
15 0.367188 0.585417 0.048798 0.164583
15 0.354207 0.691667 0.057933 0.083333
15 0.411899 0.759375 0.056490 0.090625
15 0.386058 0.838802 0.035577 0.052604
15 0.353005 0.786458 0.056010 0.130208
15 0.325000 0.794271 0.041827 0.170833
15 0.417308 0.930208 0.042788 0.102083
15 0.362260 0.932813 0.067308 0.129167
15 0.321635 0.922656 0.031731 0.106771
15 0.315625 0.609375 0.048077 0.127083
15 0.304447 0.480208 0.064663 0.128125
15 0.277284 0.922917 0.057933 0.154167
15 0.239543 0.907031 0.062260 0.106771
15 0.216106 0.960938 0.040865 0.076042
15 0.163702 0.958073 0.062500 0.083854
15 0.272356 0.807552 0.042308 0.106771
15 0.290865 0.717187 0.054808 0.070833
15 0.235457 0.761979 0.050721 0.185417
15 0.274880 0.635417 0.056010 0.125000
15 0.220312 0.642188 0.046875 0.119792
15 0.181731 0.873698 0.067308 0.116146
15 0.172957 0.721094 0.042548 0.110937
15 0.195913 0.764062 0.034135 0.102083
15 0.144231 0.771875 0.055769 0.072917
15 0.142788 0.821875 0.070673 0.056250
15 0.119471 0.906771 0.056731 0.109375
15 0.075841 0.849479 0.046394 0.107292
15 0.100962 0.654948 0.075962 0.173437
15 0.147236 0.659635 0.022837 0.084896
15 0.167548 0.612500 0.065865 0.092708
15 0.221274 0.559115 0.056971 0.082812
15 0.252284 0.481250 0.043029 0.104167
15 0.254688 0.362240 0.063702 0.106771
15 0.294471 0.368229 0.026923 0.077083
15 0.286298 0.233073 0.055769 0.157812
15 0.246995 0.232552 0.041587 0.147396
15 0.193990 0.348958 0.058173 0.089583
15 0.197476 0.240625 0.080048 0.127083
15 0.194832 0.456250 0.063221 0.133333
15 0.164303 0.535677 0.058413 0.085938
15 0.120673 0.549740 0.033173 0.034896
15 0.109976 0.487240 0.040625 0.082812
15 0.129808 0.444010 0.063462 0.128646
15 0.142428 0.349219 0.040144 0.102604
15 0.136779 0.222135 0.043750 0.150521
15 0.198437 0.107031 0.073798 0.124479
15 0.254928 0.098958 0.041587 0.103125
15 0.278606 0.062760 0.070673 0.124479
15 0.334615 0.077083 0.054327 0.125000
15 0.187380 0.044271 0.017067 0.061458
15 0.146034 0.072656 0.063221 0.132812
15 0.099399 0.107031 0.037260 0.105729
15 0.084615 0.029948 0.065865 0.050521
15 0.056851 0.081250 0.048798 0.108333
15 0.084014 0.180990 0.062740 0.070312
15 0.044471 0.223958 0.051442 0.080208
15 0.043389 0.337760 0.065144 0.207813
15 0.058293 0.543490 0.062740 0.196354
15 0.067788 0.957031 0.052885 0.085938
15 0.112620 0.992708 0.031010 0.014583
15 0.019832 0.957031 0.039183 0.085938
15 0.026683 0.859375 0.052885 0.107292
15 0.078606 0.732812 0.066346 0.106250
15 0.040625 0.746615 0.043750 0.141146
15 0.007933 0.796875 0.015385 0.093750
15 0.016707 0.681250 0.032933 0.133333
15 0.017548 0.464062 0.034615 0.155208
15 0.041947 0.475521 0.029567 0.070833
15 0.005769 0.299740 0.011058 0.090104
15 0.013462 0.577083 0.026442 0.073958
15 0.008053 0.366667 0.015625 0.038542
15 0.015986 0.139844 0.031490 0.103646
15 0.020673 0.039583 0.038462 0.078125
15 0.056490 0.141667 0.038942 0.041667
