15 0.960870 0.053375 0.070652 0.032750
15 0.876902 0.047000 0.124457 0.036000
15 0.909239 0.077250 0.077174 0.032500
15 0.954076 0.100375 0.084239 0.040250
15 0.980163 0.135875 0.039674 0.030750
15 0.930707 0.156750 0.058152 0.030500
15 0.876359 0.125500 0.129891 0.023500
15 0.862772 0.105000 0.067935 0.016000
15 0.851087 0.083500 0.029348 0.027500
15 0.802989 0.086500 0.051630 0.041500
15 0.790217 0.056625 0.036957 0.029750
15 0.732065 0.075500 0.059783 0.032500
15 0.675815 0.059750 0.085326 0.037500
15 0.655163 0.096625 0.086413 0.036250
15 0.729348 0.111750 0.091304 0.040000
15 0.785326 0.135125 0.063043 0.042250
15 0.837772 0.154625 0.099457 0.030250
15 0.817663 0.178750 0.101630 0.031500
15 0.925000 0.189375 0.094565 0.028250
15 0.962500 0.221875 0.075000 0.038250
15 0.894565 0.223000 0.075000 0.031500
15 0.846467 0.204875 0.067935 0.029750
15 0.817663 0.233875 0.063587 0.035750
15 0.752989 0.207375 0.058152 0.029250
15 0.700000 0.195625 0.116304 0.041750
15 0.640217 0.189250 0.061957 0.017500
15 0.738043 0.162125 0.053261 0.020250
15 0.683696 0.163250 0.064130 0.026000
15 0.616848 0.161000 0.075000 0.028000
15 0.585054 0.133250 0.125543 0.027500
15 0.543478 0.161625 0.052174 0.039750
15 0.579348 0.188125 0.040217 0.028750
15 0.609511 0.223750 0.089674 0.031500
15 0.529076 0.212750 0.072283 0.037000
15 0.726359 0.239625 0.108152 0.041750
15 0.476902 0.187250 0.074457 0.026000
15 0.475000 0.170000 0.050000 0.013500
15 0.487228 0.152625 0.053804 0.027750
15 0.461413 0.119500 0.070652 0.037500
15 0.579348 0.109750 0.055435 0.018000
15 0.569022 0.085500 0.068478 0.028500
15 0.606793 0.073375 0.046196 0.011250
15 0.545652 0.059750 0.054348 0.021500
15 0.511141 0.090375 0.062500 0.052750
15 0.459239 0.077750 0.038043 0.028000
15 0.424457 0.098125 0.077174 0.031250
15 0.414946 0.070750 0.042935 0.025500
15 0.350543 0.070875 0.081522 0.039250
15 0.358696 0.147125 0.095652 0.053250
15 0.412228 0.155125 0.091848 0.034750
15 0.399728 0.190375 0.062500 0.026750
15 0.324185 0.195250 0.100543 0.031500
15 0.263043 0.168500 0.059783 0.030000
15 0.258152 0.131875 0.086957 0.032250
15 0.309239 0.103875 0.125000 0.026250
15 0.267663 0.069875 0.062500 0.041750
15 0.195652 0.114875 0.085870 0.029250
15 0.205435 0.071625 0.056522 0.024750
15 0.163043 0.094500 0.092391 0.032000
15 0.139674 0.070750 0.070652 0.018000
15 0.455435 0.220875 0.054348 0.026750
15 0.411957 0.233750 0.060870 0.049000
15 0.482065 0.252875 0.058696 0.046250
15 0.560326 0.253750 0.051087 0.036500
15 0.530435 0.272750 0.089130 0.038500
15 0.636957 0.265875 0.084783 0.040250
15 0.696467 0.281625 0.062500 0.025750
15 0.750000 0.276500 0.072826 0.031000
15 0.840489 0.274500 0.097283 0.045000
15 0.929348 0.254625 0.105435 0.033750
15 0.941033 0.293625 0.090761 0.048250
15 0.986685 0.314500 0.026630 0.023500
15 0.924728 0.345875 0.105978 0.054250
15 0.841576 0.321500 0.127717 0.048000
15 0.813587 0.360000 0.094565 0.034000
15 0.747283 0.304750 0.073913 0.044500
15 0.670380 0.314750 0.088587 0.046500
15 0.573641 0.310125 0.100543 0.042750
15 0.592391 0.342625 0.107609 0.028250
15 0.499457 0.341750 0.067391 0.048500
15 0.484783 0.306500 0.077174 0.027500
15 0.432337 0.274625 0.072283 0.030750
15 0.350272 0.258875 0.072283 0.053250
15 0.366848 0.309625 0.095652 0.040250
15 0.413859 0.333250 0.092935 0.057500
15 0.298641 0.344250 0.111413 0.032500
15 0.272283 0.320125 0.100000 0.022250
15 0.180978 0.309250 0.072826 0.031000
15 0.108424 0.311250 0.076630 0.033000
15 0.090489 0.278500 0.096196 0.036000
15 0.278533 0.289625 0.086413 0.040750
15 0.279620 0.254250 0.062500 0.038000
15 0.245652 0.221625 0.070652 0.058250
15 0.167391 0.235625 0.082609 0.044750
15 0.195109 0.272375 0.080435 0.040750
15 0.079348 0.251125 0.085870 0.027750
15 0.097826 0.222375 0.094565 0.031250
15 0.180435 0.193250 0.110870 0.042500
15 0.102717 0.182250 0.073913 0.050000
15 0.180978 0.147875 0.096739 0.034250
15 0.097826 0.135750 0.096739 0.040000
15 0.046739 0.167125 0.030435 0.041250
15 0.040489 0.100625 0.079891 0.036250
15 0.050000 0.062125 0.088043 0.039250
15 0.014402 0.125750 0.027717 0.026000
15 0.020924 0.166375 0.034239 0.050750
15 0.738587 0.375500 0.077174 0.049500
15 0.667391 0.386500 0.077174 0.032500
15 0.604891 0.377375 0.096739 0.055750
15 0.529348 0.377500 0.084783 0.038000
15 0.433967 0.385000 0.092935 0.039000
15 0.333424 0.364125 0.101630 0.025750
15 0.336957 0.397000 0.073913 0.040000
15 0.261685 0.385875 0.078804 0.038750
15 0.189130 0.377750 0.104348 0.033500
15 0.144022 0.345500 0.168478 0.038500
15 0.029891 0.338875 0.058696 0.038750
15 0.032337 0.302250 0.058152 0.045000
15 0.019293 0.269375 0.034239 0.027750
15 0.024185 0.228125 0.047283 0.051250
15 0.034511 0.370000 0.067935 0.023500
15 0.088859 0.390000 0.078804 0.043500
15 0.020109 0.401750 0.039130 0.022500
15 0.045652 0.444250 0.089130 0.062000
15 0.172011 0.420250 0.130978 0.048000
15 0.279891 0.424875 0.096739 0.025750
15 0.404348 0.420375 0.096739 0.032750
15 0.528804 0.415250 0.123913 0.036500
15 0.635054 0.432750 0.114674 0.050500
15 0.497011 0.448125 0.133152 0.035250
15 0.355435 0.448500 0.153261 0.034500
15 0.227174 0.453375 0.125000 0.032250
15 0.079891 0.486125 0.158696 0.038750
15 0.202989 0.486250 0.076630 0.043500
15 0.260870 0.492125 0.040217 0.030250
15 0.326902 0.481375 0.083152 0.044250
15 0.408152 0.494375 0.101087 0.053250
15 0.527989 0.483750 0.139674 0.050500
15 0.292663 0.534500 0.122283 0.073000
15 0.206793 0.533500 0.065761 0.057500
15 0.085326 0.521500 0.169565 0.031500
15 0.109783 0.554125 0.134783 0.059750
15 0.164674 0.583375 0.076087 0.031750
15 0.016848 0.558875 0.032609 0.043750
15 0.260598 0.581625 0.126630 0.037250
15 0.087228 0.605375 0.110326 0.035250
15 0.063587 0.654625 0.126087 0.077250
15 0.176630 0.643125 0.083696 0.056250
15 0.284511 0.617750 0.126630 0.033500
15 0.387228 0.572750 0.117935 0.077000
15 0.479348 0.532750 0.138043 0.036000
15 0.487228 0.583875 0.119022 0.064250
15 0.493750 0.629875 0.101630 0.038750
15 0.377446 0.636250 0.112500 0.046500
15 0.279891 0.659500 0.110870 0.047000
15 0.604891 0.596875 0.098913 0.067250
15 0.604620 0.564875 0.114674 0.029250
15 0.660598 0.528625 0.073370 0.063250
15 0.605435 0.497125 0.131522 0.066250
15 0.781522 0.458250 0.157609 0.050000
15 0.768478 0.531875 0.150000 0.064250
15 0.716848 0.583375 0.110870 0.031750
15 0.641848 0.629375 0.125000 0.051750
15 0.781522 0.605000 0.142391 0.060000
15 0.841848 0.406125 0.110870 0.058250
15 0.933424 0.393250 0.089674 0.048500
15 0.987772 0.373625 0.024457 0.028250
15 0.979891 0.411500 0.040217 0.037500
15 0.953261 0.457125 0.088043 0.058250
15 0.938315 0.507000 0.111413 0.038500
15 0.988587 0.531750 0.022826 0.023000
15 0.938859 0.561500 0.111413 0.058000
15 0.913859 0.616875 0.126630 0.061250
15 0.783967 0.650875 0.152717 0.039250
15 0.925272 0.671125 0.108152 0.048250
15 0.980163 0.657000 0.039674 0.047000
15 0.874457 0.696000 0.167391 0.045500
15 0.639674 0.696000 0.105435 0.062000
15 0.741304 0.698125 0.106522 0.083250
15 0.529348 0.658750 0.141304 0.043500
15 0.396196 0.690750 0.117391 0.037500
15 0.295380 0.709500 0.105978 0.057500
15 0.187500 0.697250 0.103261 0.039000
15 0.098913 0.683250 0.078261 0.049500
15 0.044022 0.722250 0.086957 0.043000
15 0.110054 0.744875 0.128804 0.078750
15 0.224457 0.746750 0.120652 0.057000
15 0.349728 0.779375 0.139674 0.073250
15 0.405978 0.731625 0.108696 0.037250
15 0.502989 0.710125 0.125543 0.062750
15 0.595380 0.749250 0.104891 0.070500
15 0.489130 0.778625 0.106522 0.055750
15 0.697011 0.770125 0.119022 0.070750
15 0.817391 0.742750 0.090217 0.048500
15 0.934511 0.747125 0.130978 0.053250
15 0.978804 0.723250 0.042391 0.024500
15 0.918478 0.801375 0.123913 0.078750
15 0.816848 0.819625 0.135870 0.068750
15 0.757609 0.873750 0.115217 0.047500
15 0.977446 0.887125 0.045109 0.050250
15 0.987772 0.842375 0.024457 0.034250
15 0.955435 0.953500 0.089130 0.069500
15 0.862772 0.897625 0.176630 0.078250
15 0.580163 0.815250 0.105978 0.048500
15 0.455435 0.830250 0.109783 0.058000
15 0.307880 0.854250 0.126630 0.073500
15 0.402717 0.872750 0.042391 0.044000
15 0.189674 0.810000 0.140217 0.050000
15 0.046467 0.808000 0.091848 0.041500
15 0.034239 0.853625 0.067391 0.049750
15 0.151087 0.861625 0.143478 0.053250
15 0.040761 0.904000 0.069565 0.043500
15 0.121467 0.918125 0.059239 0.046750
15 0.276630 0.905375 0.127174 0.046250
15 0.393478 0.945875 0.144565 0.062250
15 0.270380 0.975125 0.111413 0.049750
15 0.183967 0.935000 0.114674 0.092500
15 0.042935 0.961125 0.084783 0.073750
15 0.431250 0.992000 0.110326 0.016000
15 0.517935 0.960750 0.147826 0.058000
15 0.661957 0.982250 0.145652 0.035500
15 0.691304 0.939750 0.189130 0.051500
15 0.536141 0.894500 0.195109 0.070000
15 0.826630 0.963125 0.157609 0.073750
