15 0.778500 0.550543 0.084000 0.131522
15 0.513125 0.415489 0.050750 0.129891
15 0.457250 0.166304 0.071000 0.132609
15 0.379500 0.130707 0.057000 0.158152
15 0.390875 0.273370 0.079750 0.090217
15 0.464500 0.365489 0.042500 0.138587
15 0.418000 0.435598 0.049500 0.188587
15 0.482625 0.521739 0.070250 0.097826
15 0.436125 0.616033 0.043750 0.165761
15 0.387125 0.689946 0.052750 0.199457
15 0.336125 0.630707 0.054750 0.176630
15 0.283625 0.588859 0.068250 0.141848
15 0.349625 0.429076 0.061250 0.114674
15 0.295125 0.386685 0.060250 0.129891
15 0.303500 0.235598 0.071500 0.169022
15 0.283375 0.125543 0.050750 0.123913
15 0.438500 0.916848 0.061000 0.166304
15 0.382250 0.931793 0.046000 0.136413
15 0.335625 0.828261 0.063750 0.123913
15 0.268750 0.818750 0.070000 0.114674
15 0.295875 0.716033 0.047250 0.084239
15 0.239125 0.668750 0.064250 0.116848
15 0.215750 0.576630 0.066500 0.067391
15 0.212750 0.470380 0.046000 0.133152
15 0.198125 0.790489 0.041750 0.183152
15 0.165250 0.922011 0.056500 0.117935
15 0.211750 0.949457 0.055000 0.082609
15 0.284250 0.924728 0.088000 0.132065
15 0.144625 0.816304 0.064250 0.147826
15 0.164375 0.625000 0.047250 0.178261
15 0.168125 0.476630 0.034250 0.163043
15 0.162750 0.336141 0.051500 0.103804
15 0.220875 0.260054 0.046250 0.159239
15 0.184125 0.220380 0.053250 0.115761
15 0.118125 0.397011 0.059250 0.102717
15 0.128000 0.522283 0.048500 0.150000
15 0.095375 0.513587 0.032250 0.134783
15 0.117125 0.625815 0.047250 0.077717
15 0.098125 0.759783 0.066750 0.164130
15 0.073375 0.661141 0.044750 0.123370
15 0.065125 0.923370 0.053250 0.092391
15 0.018625 0.919293 0.036750 0.110326
15 0.042125 0.819293 0.067750 0.144022
15 0.033125 0.675815 0.042250 0.112500
15 0.052500 0.572554 0.062500 0.075543
15 0.058625 0.498098 0.053250 0.083152
15 0.064750 0.384783 0.055500 0.122826
15 0.109000 0.285598 0.048500 0.089674
15 0.126625 0.175543 0.064250 0.130435
15 0.138875 0.052446 0.047250 0.101630
15 0.088875 0.075000 0.046250 0.132609
15 0.050375 0.047826 0.022250 0.094565
15 0.026125 0.051359 0.029250 0.089674
15 0.019125 0.168478 0.037750 0.141304
15 0.068500 0.166848 0.058500 0.135870
15 0.052375 0.230978 0.035250 0.061957
15 0.070875 0.282337 0.045250 0.112500
15 0.021000 0.307880 0.041500 0.141848
15 0.019125 0.445652 0.037750 0.147826
15 0.009625 0.611413 0.018750 0.096739
