15 0.940217 0.017500 0.064130 0.029500
15 0.983967 0.030875 0.032065 0.021750
15 0.968478 0.052750 0.061957 0.032000
15 0.925272 0.059250 0.061413 0.028000
15 0.859783 0.054625 0.063043 0.020250
15 0.859783 0.034500 0.077174 0.022500
15 0.794565 0.048125 0.066304 0.023250
15 0.786141 0.077625 0.062500 0.034750
15 0.853533 0.081500 0.057065 0.033000
15 0.923370 0.090500 0.077174 0.030500
15 0.980435 0.104625 0.035870 0.027250
15 0.900272 0.111750 0.092935 0.023000
15 0.819022 0.123875 0.060870 0.031250
15 0.748913 0.114125 0.093478 0.027750
15 0.740489 0.070250 0.053804 0.031000
15 0.688315 0.074625 0.053804 0.026250
15 0.618750 0.073125 0.067935 0.019250
15 0.615489 0.092625 0.080978 0.021750
15 0.679348 0.105250 0.042391 0.030500
15 0.618478 0.113125 0.061957 0.025750
15 0.556250 0.125250 0.061413 0.021000
15 0.475000 0.114875 0.059783 0.023250
15 0.634783 0.031500 0.052174 0.025500
15 0.550272 0.027500 0.071196 0.031000
15 0.413315 0.095625 0.054891 0.027250
15 0.700543 0.136125 0.045652 0.025750
15 0.927174 0.162000 0.077174 0.032000
15 0.980163 0.166000 0.039674 0.028000
15 0.841033 0.192250 0.089674 0.031000
15 0.725000 0.193375 0.103261 0.024750
15 0.788315 0.215625 0.047283 0.012750
15 0.810054 0.235875 0.079891 0.042250
15 0.714946 0.220000 0.087500 0.030500
15 0.898913 0.256625 0.082609 0.031250
15 0.984239 0.268875 0.031522 0.033750
15 0.958152 0.309375 0.080435 0.034250
15 0.815489 0.273625 0.094022 0.024250
15 0.754620 0.270125 0.057065 0.029750
15 0.695924 0.255125 0.057065 0.040250
15 0.726359 0.242625 0.073370 0.020250
15 0.639402 0.223875 0.051630 0.025250
15 0.621739 0.195125 0.065217 0.033250
15 0.616033 0.245000 0.050543 0.031500
15 0.628261 0.272500 0.075000 0.023500
15 0.657609 0.297000 0.085870 0.030500
15 0.705978 0.316750 0.050000 0.028000
15 0.763859 0.316625 0.051630 0.022250
15 0.752717 0.292500 0.061957 0.020000
15 0.831793 0.296625 0.076630 0.025250
15 0.834239 0.325750 0.059783 0.031000
15 0.895652 0.346125 0.082609 0.034250
15 0.788043 0.344250 0.059783 0.029000
15 0.726359 0.340000 0.066848 0.032000
15 0.648641 0.338125 0.059239 0.033250
15 0.932065 0.376375 0.053261 0.036250
15 0.842935 0.369625 0.108696 0.033750
15 0.748370 0.377625 0.076087 0.032750
15 0.653261 0.375000 0.089130 0.033500
15 0.591848 0.355750 0.056522 0.023000
15 0.560054 0.326500 0.089674 0.027000
15 0.591576 0.313250 0.096196 0.023000
15 0.547011 0.290500 0.088587 0.021000
15 0.565761 0.261125 0.052174 0.035750
15 0.499728 0.264875 0.072283 0.033750
15 0.552446 0.241125 0.086413 0.021250
15 0.488587 0.227125 0.063043 0.025750
15 0.557065 0.218500 0.082609 0.024500
15 0.553533 0.192750 0.045109 0.028500
15 0.489402 0.202375 0.064674 0.031250
15 0.420380 0.219500 0.069022 0.026500
15 0.367935 0.243125 0.088043 0.032250
15 0.384511 0.260500 0.080978 0.032000
15 0.452989 0.283250 0.051630 0.025000
15 0.491304 0.313500 0.071739 0.041500
15 0.530163 0.346750 0.057065 0.032000
15 0.431793 0.325750 0.088587 0.029000
15 0.447554 0.353125 0.084239 0.026750
15 0.482065 0.375875 0.072826 0.030750
15 0.560598 0.382875 0.089674 0.027750
15 0.573098 0.155000 0.049457 0.030500
15 0.642120 0.158875 0.077717 0.033250
15 0.632609 0.133250 0.071739 0.019000
15 0.501087 0.137250 0.089130 0.019000
15 0.497011 0.161500 0.091848 0.036500
15 0.419293 0.164875 0.057065 0.023750
15 0.378804 0.153625 0.084783 0.028750
15 0.341033 0.063125 0.045109 0.026250
15 0.283152 0.068375 0.054348 0.023250
15 0.292391 0.088750 0.071739 0.020500
15 0.305163 0.107875 0.072283 0.026250
15 0.328804 0.131250 0.073913 0.022500
15 0.288859 0.146625 0.065761 0.019250
15 0.248370 0.132625 0.068478 0.030750
15 0.186413 0.119375 0.068478 0.023750
15 0.162228 0.100875 0.083152 0.018750
15 0.115761 0.130000 0.052174 0.036000
15 0.174457 0.141250 0.073913 0.025500
15 0.208967 0.158375 0.085326 0.016750
15 0.292935 0.165875 0.061957 0.020750
15 0.309239 0.184125 0.072826 0.017750
15 0.370109 0.177750 0.069565 0.017500
15 0.397826 0.195375 0.072826 0.029250
15 0.352989 0.218750 0.066848 0.030500
15 0.295109 0.221750 0.060870 0.029500
15 0.307880 0.199125 0.089674 0.019750
15 0.236957 0.212875 0.064130 0.035750
15 0.258696 0.245500 0.058696 0.030000
15 0.202174 0.242375 0.059783 0.029750
15 0.154620 0.224875 0.060326 0.049750
15 0.114130 0.246625 0.066304 0.033250
15 0.317663 0.262875 0.049457 0.025250
15 0.287228 0.281750 0.077717 0.028500
15 0.199457 0.271500 0.085870 0.024500
15 0.191033 0.289500 0.077717 0.030000
15 0.133152 0.279750 0.041304 0.030500
15 0.306793 0.302375 0.050543 0.021750
15 0.251359 0.315625 0.055978 0.030250
15 0.336957 0.312750 0.048913 0.013500
15 0.347826 0.336500 0.064130 0.039500
15 0.221196 0.062125 0.050000 0.031250
15 0.172826 0.054250 0.051087 0.023000
15 0.131250 0.042500 0.055978 0.024000
15 0.126087 0.067250 0.075000 0.025500
15 0.077717 0.049375 0.042391 0.027750
15 0.036141 0.066500 0.061413 0.022000
15 0.023098 0.084625 0.045109 0.030750
15 0.083424 0.159250 0.050543 0.026500
15 0.102717 0.184250 0.058696 0.022500
15 0.170652 0.194375 0.078261 0.025250
15 0.220380 0.179875 0.089674 0.023750
15 0.075272 0.210875 0.077717 0.027250
15 0.021196 0.226375 0.041304 0.030250
15 0.036413 0.252875 0.071739 0.032250
15 0.060598 0.283500 0.064674 0.027000
15 0.014674 0.280250 0.028261 0.022000
15 0.097011 0.305125 0.096196 0.022750
15 0.148913 0.311000 0.071739 0.016000
15 0.185054 0.328000 0.076630 0.020000
15 0.184239 0.347000 0.105435 0.021500
15 0.252446 0.343750 0.039674 0.023500
15 0.292120 0.342875 0.029891 0.026250
15 0.090489 0.336500 0.089674 0.020000
15 0.025543 0.317750 0.050000 0.036000
15 0.015217 0.348375 0.029348 0.023750
15 0.060054 0.362000 0.108152 0.024000
15 0.151902 0.365875 0.074457 0.021750
15 0.254348 0.369750 0.104348 0.022500
15 0.346739 0.372500 0.067391 0.019000
15 0.400543 0.385750 0.083696 0.025500
15 0.331522 0.398125 0.047826 0.022250
15 0.260326 0.402250 0.096739 0.045000
15 0.190217 0.399625 0.035870 0.032250
15 0.117663 0.387875 0.090761 0.032250
15 0.022283 0.395125 0.043478 0.037250
15 0.070652 0.413875 0.084783 0.025750
15 0.133424 0.424375 0.076630 0.042750
15 0.216848 0.433125 0.071739 0.028750
15 0.165489 0.452625 0.060326 0.034750
15 0.299457 0.438000 0.080435 0.029000
15 0.029620 0.446125 0.058152 0.039750
15 0.073370 0.464375 0.094565 0.035750
15 0.014946 0.483000 0.028804 0.025000
15 0.038587 0.505500 0.076087 0.025500
15 0.106793 0.491375 0.072283 0.038250
15 0.189674 0.488625 0.055435 0.029750
15 0.245109 0.464625 0.092391 0.028750
15 0.307337 0.484500 0.075543 0.033000
15 0.253533 0.500750 0.060326 0.034000
15 0.226087 0.516750 0.061957 0.025000
15 0.151087 0.530000 0.053261 0.052000
15 0.085598 0.539250 0.076630 0.051500
15 0.210326 0.545625 0.093478 0.042250
15 0.307337 0.544000 0.059239 0.032500
15 0.349185 0.517750 0.084239 0.020500
15 0.408696 0.511750 0.034783 0.029000
15 0.380435 0.539625 0.063043 0.028750
15 0.426087 0.549000 0.064130 0.032500
15 0.500272 0.547625 0.075543 0.035250
15 0.547554 0.532750 0.045109 0.019500
15 0.542935 0.508625 0.058696 0.020250
15 0.473913 0.504625 0.080435 0.038750
15 0.444293 0.476625 0.058152 0.030250
15 0.383967 0.486875 0.069022 0.030250
15 0.356793 0.458625 0.079891 0.029750
15 0.441576 0.463125 0.079891 0.019750
15 0.447554 0.437250 0.088587 0.026500
15 0.385054 0.416375 0.107065 0.032750
15 0.476359 0.407875 0.103804 0.033250
15 0.575543 0.408625 0.078261 0.035250
15 0.551087 0.432250 0.086957 0.024000
15 0.525000 0.465250 0.063043 0.047000
15 0.590217 0.483875 0.047826 0.018250
15 0.590217 0.455375 0.081522 0.030750
15 0.643207 0.437125 0.071196 0.029250
15 0.638859 0.405000 0.076630 0.019000
15 0.697554 0.395875 0.050543 0.017750
15 0.711413 0.419625 0.093478 0.033750
15 0.763859 0.414625 0.058152 0.038750
15 0.735054 0.448750 0.072283 0.022000
15 0.704348 0.466125 0.067391 0.034250
15 0.641304 0.487125 0.054348 0.022250
15 0.700815 0.501250 0.067935 0.033000
15 0.624185 0.508875 0.111413 0.035250
15 0.733696 0.523500 0.113043 0.020500
15 0.780163 0.492875 0.064674 0.035750
15 0.810054 0.467625 0.080978 0.037750
15 0.813315 0.438625 0.065761 0.020750
15 0.866576 0.424625 0.075543 0.028250
15 0.851087 0.401625 0.120652 0.023250
15 0.942663 0.425500 0.063587 0.040000
15 0.986413 0.420625 0.027174 0.043250
15 0.955707 0.461125 0.059239 0.028750
15 0.891304 0.454250 0.050000 0.027000
15 0.856522 0.482375 0.044565 0.028250
15 0.916576 0.485375 0.076630 0.033250
15 0.850543 0.514875 0.101087 0.022750
15 0.816576 0.542250 0.073370 0.033500
15 0.745924 0.555125 0.091848 0.028250
15 0.665761 0.546375 0.066304 0.024750
15 0.678261 0.567875 0.047826 0.019250
15 0.603533 0.557125 0.098370 0.032750
15 0.984511 0.484750 0.030978 0.025500
15 0.982337 0.509125 0.035326 0.017250
15 0.951087 0.521250 0.091304 0.039000
15 0.894293 0.556125 0.064674 0.036750
15 0.965217 0.565250 0.068478 0.034500
15 0.958696 0.598375 0.082609 0.029250
15 0.870109 0.592625 0.082609 0.032750
15 0.807609 0.576750 0.061957 0.024000
15 0.726902 0.589500 0.110326 0.029000
15 0.641848 0.603375 0.083696 0.040250
15 0.564674 0.586250 0.055435 0.028000
15 0.490489 0.590875 0.057065 0.038750
15 0.360326 0.573750 0.066304 0.039000
15 0.168478 0.598500 0.076087 0.048000
15 0.260054 0.620250 0.073370 0.036500
15 0.331522 0.618250 0.073913 0.048500
15 0.068478 0.589125 0.081522 0.048250
15 0.023641 0.548375 0.046196 0.044750
15 0.014130 0.599250 0.027174 0.028000
15 0.032880 0.641625 0.064674 0.033250
15 0.146467 0.654750 0.103804 0.037000
15 0.375543 0.656000 0.106522 0.049500
15 0.289402 0.714000 0.087500 0.057000
15 0.410598 0.713375 0.116848 0.045750
15 0.375543 0.765625 0.084783 0.057750
15 0.468750 0.769125 0.073370 0.049250
15 0.566033 0.763500 0.098370 0.043500
15 0.607065 0.721625 0.088043 0.038250
15 0.568207 0.686000 0.101630 0.037000
15 0.491576 0.659125 0.099457 0.042250
15 0.456522 0.615375 0.096739 0.043250
15 0.572011 0.617625 0.087500 0.029750
15 0.583152 0.648500 0.088043 0.032000
15 0.652717 0.638250 0.066304 0.030500
15 0.705978 0.682875 0.150000 0.042250
15 0.715217 0.734750 0.083696 0.058000
15 0.774457 0.655875 0.107609 0.041750
15 0.748098 0.619000 0.084239 0.025000
15 0.855978 0.640375 0.086957 0.043250
15 0.923098 0.629750 0.076630 0.035000
15 0.812228 0.606500 0.048370 0.031500
15 0.933152 0.669625 0.068478 0.047250
15 0.847283 0.685875 0.071739 0.053750
15 0.901087 0.742375 0.083696 0.065750
15 0.992935 0.680875 0.014130 0.036250
15 0.963859 0.638500 0.033152 0.036000
15 0.992935 0.636125 0.014130 0.039250
15 0.977446 0.752875 0.045109 0.053750
15 0.770652 0.812000 0.093478 0.081500
15 0.526359 0.802375 0.090761 0.032250
15 0.419022 0.822750 0.086957 0.058000
15 0.337772 0.865250 0.104891 0.064000
15 0.433152 0.879625 0.081522 0.049750
15 0.571196 0.860625 0.147826 0.041750
15 0.083424 0.819000 0.074457 0.075000
15 0.532065 0.918375 0.107609 0.068750
15 0.837228 0.931750 0.116848 0.081500
15 0.951087 0.911875 0.086957 0.076250
