15 0.839875 0.080435 0.034250 0.082609
15 0.811000 0.052174 0.029000 0.058696
15 0.789375 0.021739 0.024750 0.040217
15 0.765000 0.036685 0.026500 0.050543
15 0.778125 0.064946 0.030250 0.046196
15 0.801500 0.116576 0.023000 0.072283
15 0.816750 0.163043 0.029500 0.057609
15 0.849750 0.182337 0.029500 0.055978
15 0.851125 0.248098 0.022750 0.060326
15 0.834875 0.281250 0.023750 0.042935
15 0.826500 0.236413 0.027000 0.050000
15 0.806250 0.212500 0.023000 0.051087
15 0.805000 0.265489 0.030000 0.046196
15 0.778375 0.254891 0.027750 0.052174
15 0.783625 0.188043 0.019750 0.064130
15 0.770375 0.192935 0.023250 0.041304
15 0.762625 0.233696 0.024750 0.027174
15 0.754500 0.270380 0.019500 0.049457
15 0.744000 0.196739 0.026000 0.080435
15 0.760250 0.133696 0.019000 0.064130
15 0.776875 0.121196 0.016750 0.054348
15 0.749750 0.089674 0.027000 0.046739
15 0.740875 0.050815 0.021750 0.039674
15 0.854375 0.321739 0.024250 0.048913
15 0.857375 0.381250 0.019750 0.046196
15 0.832250 0.387772 0.033000 0.050543
15 0.818750 0.322011 0.025500 0.049457
15 0.796500 0.330435 0.018000 0.064130
15 0.782000 0.302446 0.015000 0.052717
15 0.764500 0.312228 0.011500 0.033152
15 0.753750 0.332880 0.014500 0.053804
15 0.773250 0.353533 0.024000 0.051630
15 0.738000 0.341576 0.020000 0.046196
15 0.750875 0.388315 0.013250 0.047283
15 0.769500 0.405707 0.019000 0.036413
15 0.794125 0.418478 0.028750 0.057609
15 0.804375 0.377717 0.019250 0.038043
15 0.844375 0.438587 0.025750 0.055435
15 0.817375 0.454348 0.023750 0.053261
15 0.861500 0.471739 0.016500 0.056522
15 0.860000 0.532609 0.019000 0.046739
15 0.832375 0.504348 0.025250 0.040217
15 0.808000 0.508696 0.023500 0.041304
15 0.791125 0.470380 0.027750 0.035326
15 0.784250 0.510870 0.021500 0.058696
15 0.768000 0.487772 0.011500 0.036413
15 0.763000 0.439402 0.020000 0.045109
15 0.735625 0.407337 0.029250 0.061413
15 0.747125 0.489130 0.030750 0.071739
15 0.720875 0.484783 0.018250 0.048913
15 0.715375 0.431793 0.020750 0.050543
15 0.715250 0.387228 0.013500 0.032065
15 0.694625 0.404620 0.029250 0.054891
15 0.678500 0.359239 0.025500 0.043478
15 0.703625 0.327446 0.026250 0.041848
15 0.685625 0.310870 0.024250 0.036957
15 0.714125 0.275000 0.039250 0.054348
15 0.736000 0.269837 0.018000 0.049457
15 0.703250 0.236957 0.023000 0.052174
15 0.683750 0.280163 0.017000 0.034239
15 0.675625 0.248370 0.015250 0.026087
15 0.683375 0.217120 0.019750 0.038587
15 0.663625 0.280978 0.019250 0.048913
15 0.663000 0.334511 0.021000 0.048370
15 0.641375 0.333424 0.026750 0.055978
15 0.649000 0.381250 0.022000 0.042935
15 0.666875 0.399457 0.017250 0.038043
15 0.668875 0.448641 0.037750 0.052717
15 0.647625 0.425000 0.027250 0.047826
15 0.639000 0.463587 0.017500 0.041304
15 0.621250 0.430707 0.031000 0.059239
15 0.619375 0.371196 0.031750 0.054348
15 0.610625 0.325815 0.028250 0.040761
15 0.697375 0.460054 0.016750 0.035326
15 0.700625 0.515217 0.030250 0.054348
15 0.679125 0.497011 0.023250 0.049457
15 0.696250 0.549457 0.032500 0.052174
15 0.719875 0.528261 0.018250 0.023913
15 0.739250 0.550543 0.027500 0.045652
15 0.765000 0.544022 0.023000 0.046739
15 0.790750 0.558424 0.019500 0.038587
15 0.816250 0.552174 0.020500 0.043478
15 0.840875 0.571739 0.022250 0.071739
15 0.867375 0.599457 0.033750 0.071739
15 0.723750 0.593207 0.024500 0.049457
15 0.663250 0.561141 0.038000 0.040761
15 0.669625 0.531522 0.023750 0.027174
15 0.638625 0.512228 0.017750 0.046196
15 0.637000 0.560054 0.014000 0.039674
15 0.627250 0.592391 0.027000 0.050000
15 0.601250 0.561413 0.023500 0.025000
15 0.620750 0.546196 0.020500 0.030435
15 0.617250 0.506793 0.023000 0.052717
15 0.623250 0.479620 0.017000 0.034239
15 0.595750 0.515217 0.019500 0.059783
15 0.584875 0.460054 0.016750 0.060326
15 0.599750 0.456522 0.018000 0.040217
15 0.574250 0.487228 0.017000 0.048370
15 0.573625 0.544022 0.015750 0.040217
15 0.556250 0.548913 0.014000 0.040217
15 0.543500 0.563043 0.015500 0.032609
15 0.535500 0.535870 0.017500 0.053261
15 0.555375 0.506793 0.021250 0.050543
15 0.534000 0.484511 0.024500 0.045109
15 0.512625 0.514674 0.024250 0.047826
15 0.510875 0.566576 0.035750 0.039674
15 0.558250 0.459239 0.016000 0.038043
15 0.568250 0.439946 0.014500 0.028804
15 0.582125 0.380707 0.024250 0.077717
15 0.597625 0.411685 0.016750 0.044022
15 0.561125 0.373641 0.014250 0.054891
15 0.552375 0.416576 0.019250 0.030978
15 0.526250 0.432337 0.023000 0.055978
15 0.527875 0.393478 0.015750 0.025000
15 0.544250 0.382609 0.019500 0.021739
15 0.543625 0.349185 0.029250 0.039674
15 0.578625 0.321739 0.029750 0.022826
15 0.597250 0.356522 0.010000 0.038043
15 0.627000 0.283967 0.014500 0.046196
15 0.647000 0.257337 0.019000 0.061413
15 0.633250 0.241576 0.013500 0.034239
15 0.613875 0.241033 0.018250 0.045109
15 0.600875 0.276630 0.017250 0.043478
15 0.586750 0.239130 0.016500 0.076087
15 0.581500 0.294565 0.019500 0.025000
15 0.568875 0.260870 0.019750 0.061957
15 0.545250 0.297826 0.021500 0.042391
15 0.494750 0.520380 0.013000 0.053804
15 0.478625 0.473098 0.021750 0.050543
15 0.499000 0.469565 0.013500 0.035870
15 0.515000 0.474457 0.012000 0.027174
15 0.510875 0.409783 0.011750 0.044565
15 0.493875 0.406522 0.013250 0.033696
15 0.481125 0.436685 0.015250 0.026630
15 0.500625 0.370109 0.017750 0.033696
15 0.517875 0.357065 0.018750 0.048913
15 0.505625 0.302989 0.020750 0.054891
15 0.528125 0.288315 0.013750 0.026630
15 0.545375 0.257337 0.022250 0.036413
15 0.548125 0.217935 0.022750 0.036957
15 0.520000 0.240489 0.028000 0.053804
15 0.601125 0.197011 0.019750 0.049457
15 0.625375 0.201902 0.022750 0.039674
15 0.652500 0.206522 0.024000 0.038043
15 0.679000 0.182065 0.020000 0.059783
15 0.659375 0.164130 0.031750 0.057609
15 0.637250 0.164674 0.020500 0.040217
15 0.615000 0.158967 0.012000 0.032065
15 0.626000 0.137500 0.022000 0.052174
15 0.647375 0.118750 0.019250 0.044022
15 0.678250 0.102717 0.023500 0.045652
15 0.691625 0.136141 0.023250 0.052717
15 0.712875 0.144565 0.018250 0.035870
15 0.708000 0.187228 0.038000 0.038587
15 0.723250 0.223641 0.018000 0.045109
15 0.735375 0.158967 0.028250 0.059239
15 0.709750 0.089130 0.019000 0.047826
15 0.727250 0.089674 0.016000 0.046739
15 0.714375 0.047826 0.026250 0.034783
15 0.679250 0.045652 0.038500 0.058696
15 0.651375 0.051359 0.014250 0.034239
15 0.661125 0.089946 0.012250 0.032065
15 0.640500 0.086413 0.026500 0.043478
15 0.622750 0.087228 0.009000 0.035326
15 0.634000 0.048641 0.015500 0.051630
15 0.606625 0.111685 0.018250 0.050543
15 0.597250 0.147283 0.020500 0.040217
15 0.570125 0.174728 0.028750 0.071196
15 0.579875 0.109511 0.028250 0.046196
15 0.593125 0.068750 0.024250 0.035326
15 0.557750 0.098370 0.017000 0.048913
15 0.543875 0.141848 0.027250 0.053261
15 0.532125 0.183967 0.016750 0.049457
15 0.510500 0.195924 0.028000 0.052717
15 0.497875 0.170380 0.030750 0.038587
15 0.588000 0.024728 0.023500 0.048370
15 0.609750 0.032609 0.022000 0.064130
15 0.642750 0.010598 0.032500 0.020109
15 0.713750 0.010326 0.019000 0.019565
15 0.688125 0.008696 0.024750 0.016304
15 0.661375 0.017663 0.017750 0.024457
15 0.563250 0.024728 0.022500 0.048370
15 0.549625 0.054076 0.021250 0.033152
15 0.536375 0.088587 0.022750 0.042391
15 0.525250 0.022011 0.028000 0.033152
15 0.545500 0.019022 0.016500 0.027174
15 0.511500 0.088315 0.023500 0.080978
15 0.490750 0.066033 0.026500 0.034239
15 0.492625 0.015217 0.024250 0.029348
15 0.477875 0.131793 0.035750 0.055978
15 0.506625 0.137772 0.019750 0.020109
15 0.524125 0.151087 0.011750 0.023913
15 0.475750 0.089402 0.015000 0.042935
15 0.462625 0.050815 0.023750 0.053804
15 0.445250 0.019565 0.016000 0.038043
15 0.468875 0.014130 0.008750 0.027174
15 0.478875 0.024185 0.007250 0.037500
15 0.440500 0.046467 0.016500 0.034239
15 0.439375 0.084783 0.028750 0.041304
15 0.459125 0.106522 0.019250 0.051087
15 0.446875 0.158967 0.021250 0.045109
15 0.476000 0.179891 0.010500 0.025000
15 0.460250 0.192935 0.020000 0.045652
15 0.481875 0.209239 0.021750 0.035870
15 0.470125 0.247011 0.014250 0.035326
15 0.485625 0.252989 0.026750 0.040761
15 0.453625 0.233152 0.020250 0.036957
15 0.430125 0.198641 0.024750 0.044022
15 0.430125 0.144022 0.019750 0.063043
15 0.419375 0.104891 0.012750 0.069565
15 0.416750 0.033696 0.025000 0.061957
15 0.390500 0.018750 0.025500 0.030978
15 0.367625 0.044022 0.018250 0.058696
15 0.385250 0.077446 0.021500 0.085326
15 0.396625 0.125272 0.026250 0.035326
15 0.404875 0.085870 0.014250 0.040217
15 0.405500 0.163315 0.026000 0.042935
15 0.388750 0.177174 0.008000 0.034783
15 0.363000 0.160598 0.024000 0.038587
15 0.403625 0.201902 0.017750 0.029891
15 0.394375 0.229348 0.023250 0.057609
15 0.414000 0.240761 0.013000 0.036957
15 0.431375 0.247283 0.025250 0.036957
15 0.457000 0.281250 0.019000 0.051630
15 0.477625 0.291304 0.018750 0.036957
15 0.488875 0.316576 0.009250 0.025543
15 0.468500 0.324457 0.019000 0.038043
15 0.482875 0.351902 0.031250 0.049457
15 0.447375 0.324457 0.013250 0.032609
15 0.432250 0.306250 0.025000 0.065761
15 0.415000 0.303261 0.010000 0.040217
15 0.400625 0.303261 0.020250 0.052174
15 0.383750 0.269022 0.024000 0.030435
15 0.371875 0.225000 0.019750 0.082609
15 0.454750 0.366304 0.020500 0.055435
15 0.416125 0.349457 0.028750 0.047826
15 0.438750 0.353533 0.009000 0.023370
15 0.429375 0.389130 0.025750 0.039130
15 0.405000 0.377174 0.011000 0.029348
15 0.379625 0.332880 0.032250 0.059239
15 0.358750 0.295380 0.019500 0.047283
15 0.358000 0.354620 0.020000 0.042935
15 0.379750 0.386141 0.028000 0.037500
15 0.406875 0.415217 0.016250 0.041304
15 0.426500 0.447826 0.023000 0.064130
15 0.448875 0.423370 0.015750 0.042391
15 0.466375 0.411141 0.019750 0.045109
15 0.461125 0.454620 0.017250 0.037500
15 0.440750 0.467391 0.028000 0.046739
15 0.397125 0.455707 0.025750 0.051630
15 0.363125 0.408152 0.020750 0.039130
15 0.371750 0.445109 0.019000 0.034783
15 0.379125 0.481250 0.015750 0.032065
15 0.363750 0.485870 0.017500 0.054348
15 0.380875 0.516033 0.019250 0.030978
15 0.421375 0.516576 0.019750 0.071196
15 0.442500 0.526359 0.020000 0.039674
15 0.458375 0.501902 0.019250 0.038587
15 0.479375 0.519022 0.013750 0.032609
15 0.827750 0.608696 0.021500 0.063043
15 0.839125 0.653533 0.019250 0.050543
15 0.862500 0.647554 0.021500 0.053804
15 0.866500 0.703261 0.024500 0.063043
15 0.801250 0.600272 0.042000 0.048370
15 0.777375 0.588043 0.023250 0.041304
15 0.799000 0.637772 0.020500 0.022283
15 0.775875 0.636141 0.017750 0.048370
15 0.753375 0.595380 0.030750 0.051630
15 0.706125 0.611413 0.025750 0.033696
15 0.680375 0.602989 0.030750 0.060326
15 0.700750 0.651087 0.021500 0.035870
15 0.731625 0.645924 0.016750 0.058152
15 0.752000 0.651087 0.026000 0.063043
15 0.781250 0.680163 0.027000 0.033152
15 0.811875 0.677446 0.029750 0.069022
15 0.833250 0.698641 0.019500 0.040761
15 0.854500 0.738043 0.028500 0.059783
15 0.871500 0.803533 0.027000 0.071196
15 0.836875 0.777446 0.035250 0.057065
15 0.809750 0.739946 0.024500 0.060326
15 0.781500 0.735054 0.038000 0.103804
15 0.757250 0.747283 0.015500 0.033696
15 0.759750 0.780978 0.023000 0.038043
15 0.744375 0.715489 0.036250 0.049457
15 0.705500 0.722011 0.034000 0.058152
15 0.683500 0.685870 0.038000 0.035870
15 0.703125 0.783152 0.035750 0.058696
15 0.734125 0.786141 0.026250 0.065761
15 0.759000 0.832065 0.031000 0.058696
15 0.786625 0.815489 0.031750 0.048370
15 0.820000 0.819293 0.028000 0.061413
15 0.799625 0.850815 0.021250 0.048370
15 0.864500 0.869837 0.030000 0.059239
15 0.849000 0.910326 0.021000 0.051087
15 0.819750 0.890761 0.029500 0.069565
15 0.753750 0.874185 0.036500 0.045109
15 0.779000 0.938859 0.026500 0.092935
15 0.749500 0.918478 0.019000 0.038043
15 0.724250 0.890761 0.022500 0.056522
15 0.713125 0.842663 0.037250 0.052717
15 0.698125 0.897554 0.022250 0.051630
15 0.726250 0.953533 0.026500 0.067935
15 0.760125 0.982609 0.036750 0.034783
15 0.696125 0.959783 0.031750 0.061957
15 0.664500 0.956522 0.029000 0.065217
15 0.663875 0.914130 0.027750 0.056522
15 0.649000 0.875272 0.024000 0.049457
15 0.676375 0.853804 0.032750 0.053261
15 0.651375 0.821467 0.021750 0.044022
15 0.673625 0.782337 0.027750 0.035326
15 0.674750 0.737228 0.026500 0.057065
15 0.648750 0.729891 0.024500 0.045652
15 0.647750 0.780435 0.021500 0.046739
15 0.624125 0.853804 0.025250 0.058696
15 0.616250 0.798641 0.022500 0.069022
15 0.629000 0.799185 0.013500 0.046196
15 0.622750 0.730978 0.026500 0.057609
15 0.629250 0.683424 0.017500 0.060326
15 0.651125 0.676087 0.024250 0.056522
15 0.595375 0.714946 0.027750 0.048370
15 0.603625 0.665489 0.027250 0.070109
15 0.597250 0.764674 0.026000 0.050000
15 0.574250 0.751359 0.020500 0.041848
15 0.579875 0.795380 0.019250 0.041848
15 0.597250 0.813315 0.011000 0.027717
15 0.596875 0.857337 0.023750 0.060326
15 0.608625 0.891576 0.016250 0.037500
15 0.632875 0.911685 0.031250 0.054891
15 0.623625 0.952174 0.034250 0.045652
15 0.609125 0.985598 0.026750 0.028804
15 0.592500 0.957609 0.026000 0.040217
15 0.582625 0.988043 0.024250 0.023913
15 0.567125 0.933967 0.023750 0.038587
15 0.564750 0.886413 0.023500 0.035870
15 0.573625 0.843207 0.024750 0.050543
15 0.578125 0.659511 0.025250 0.051630
15 0.568625 0.708696 0.020750 0.047826
15 0.610375 0.620380 0.025250 0.051630
15 0.564625 0.601902 0.015750 0.059239
15 0.582750 0.608152 0.019500 0.052174
15 0.546250 0.622554 0.014000 0.038587
15 0.534500 0.607337 0.026000 0.048370
15 0.556250 0.664130 0.028000 0.046739
15 0.532375 0.656522 0.017750 0.025000
15 0.512625 0.650272 0.024250 0.069022
15 0.499125 0.695109 0.016750 0.052174
15 0.525375 0.695924 0.037250 0.046196
15 0.551375 0.720652 0.019250 0.064130
15 0.559250 0.784783 0.024500 0.058696
15 0.525250 0.752989 0.038500 0.054891
15 0.540250 0.813315 0.035500 0.041848
15 0.527375 0.841848 0.017250 0.047826
15 0.548500 0.861141 0.019500 0.048370
15 0.510125 0.845924 0.015750 0.050543
15 0.499000 0.804076 0.026000 0.042935
15 0.492750 0.747011 0.021000 0.040761
15 0.479000 0.707065 0.016500 0.039130
15 0.481250 0.672283 0.016000 0.047826
15 0.499625 0.598913 0.030750 0.034783
15 0.468875 0.634783 0.015750 0.055435
15 0.481125 0.616304 0.013750 0.041304
15 0.480625 0.561413 0.019750 0.041304
15 0.460250 0.560326 0.019000 0.063043
15 0.450625 0.614674 0.021250 0.072826
15 0.431000 0.598370 0.016000 0.041304
15 0.432875 0.569022 0.020250 0.029348
15 0.443500 0.578261 0.009000 0.017391
15 0.428625 0.638043 0.017750 0.061957
15 0.464625 0.683152 0.017250 0.040217
15 0.448750 0.689130 0.020500 0.038043
15 0.471375 0.739946 0.020750 0.060326
15 0.474000 0.790217 0.022000 0.030435
15 0.479500 0.826087 0.021000 0.038043
15 0.492000 0.871467 0.019000 0.051630
15 0.513875 0.902717 0.018250 0.057609
15 0.539375 0.914946 0.028750 0.065761
15 0.491000 0.917663 0.024500 0.039674
15 0.472375 0.875272 0.017250 0.050543
15 0.460500 0.819837 0.014500 0.045109
15 0.443875 0.810598 0.021250 0.048370
15 0.431375 0.770380 0.027250 0.041848
15 0.455000 0.750272 0.016000 0.061413
15 0.439625 0.726630 0.021250 0.026087
15 0.427375 0.695380 0.018750 0.059239
15 0.449000 0.869293 0.026000 0.061413
15 0.458250 0.927446 0.025000 0.052717
15 0.481250 0.959511 0.022000 0.048370
15 0.433250 0.893478 0.029500 0.045652
15 0.433375 0.945380 0.022750 0.046196
15 0.524875 0.958696 0.037750 0.046739
15 0.557500 0.969565 0.024000 0.048913
15 0.536500 0.992663 0.026000 0.014674
15 0.507625 0.972826 0.029750 0.050000
15 0.456875 0.979620 0.029750 0.040761
15 0.425500 0.846196 0.023000 0.051087
15 0.408625 0.901359 0.017750 0.030978
15 0.404875 0.855707 0.024250 0.055978
15 0.405125 0.950000 0.024750 0.054348
15 0.415375 0.983696 0.025750 0.032609
15 0.386625 0.983696 0.019750 0.032609
15 0.366250 0.982065 0.018500 0.035870
15 0.354875 0.963587 0.016250 0.035870
15 0.363500 0.927717 0.030000 0.068478
15 0.386625 0.912228 0.020250 0.051630
15 0.373625 0.857609 0.036250 0.066304
15 0.323875 0.916576 0.027750 0.040761
15 0.400750 0.814946 0.029000 0.026630
15 0.420500 0.791033 0.021500 0.045109
15 0.393750 0.776630 0.025000 0.046739
15 0.373500 0.785054 0.013500 0.025543
15 0.373750 0.829620 0.024500 0.039674
15 0.349625 0.822011 0.027250 0.055978
15 0.376500 0.750000 0.019500 0.046739
15 0.353375 0.772011 0.023250 0.044022
15 0.333000 0.794565 0.015000 0.039130
15 0.328875 0.846467 0.018250 0.048370
15 0.330500 0.885598 0.012500 0.016848
15 0.338250 0.975000 0.018500 0.032609
15 0.353875 0.995924 0.009750 0.008152
15 0.306625 0.987772 0.021750 0.024457
15 0.318500 0.957065 0.018000 0.045652
15 0.301875 0.938043 0.018250 0.064130
15 0.284000 0.919837 0.038500 0.071196
15 0.275000 0.982065 0.026500 0.035870
15 0.311625 0.877717 0.020250 0.029348
15 0.306875 0.841576 0.030250 0.047283
15 0.286750 0.858967 0.017500 0.039674
15 0.313750 0.797011 0.021000 0.042935
15 0.288500 0.779891 0.014500 0.040217
15 0.292875 0.812228 0.015750 0.038587
15 0.274375 0.811685 0.019250 0.052717
15 0.324875 0.737772 0.016750 0.052717
15 0.340875 0.712500 0.017250 0.047826
15 0.363125 0.721467 0.015750 0.047283
15 0.386000 0.708424 0.023000 0.048370
15 0.409375 0.718478 0.021750 0.053261
15 0.405375 0.669565 0.025250 0.044565
15 0.383625 0.667663 0.021750 0.042935
15 0.360125 0.676359 0.017250 0.037500
15 0.364750 0.635598 0.021000 0.059239
15 0.399625 0.616576 0.017750 0.046196
15 0.380125 0.613315 0.020750 0.057065
15 0.328875 0.642935 0.033750 0.047826
15 0.326000 0.683967 0.028500 0.037500
15 0.305875 0.725815 0.023750 0.067935
15 0.288500 0.735598 0.016500 0.051630
15 0.345000 0.654348 0.011000 0.056522
15 0.304625 0.660054 0.014250 0.037500
15 0.348500 0.581250 0.022000 0.051630
15 0.333500 0.596196 0.018500 0.052174
15 0.384625 0.572011 0.020750 0.039674
15 0.412750 0.576902 0.024500 0.039674
15 0.402125 0.527174 0.021750 0.065217
15 0.367375 0.560598 0.018250 0.051630
15 0.351125 0.531793 0.035250 0.037500
15 0.342125 0.480435 0.023250 0.064130
15 0.319250 0.551087 0.027000 0.053261
15 0.313500 0.600543 0.013000 0.036957
15 0.292875 0.617391 0.015750 0.048913
15 0.293875 0.566033 0.025250 0.045109
15 0.279125 0.612228 0.007750 0.041848
15 0.278375 0.660598 0.026750 0.035326
15 0.293000 0.687772 0.025000 0.033152
15 0.269125 0.694022 0.024250 0.031522
15 0.262125 0.731522 0.031750 0.065217
15 0.260500 0.785870 0.020500 0.035870
15 0.247875 0.716576 0.015750 0.047283
15 0.236125 0.699457 0.019250 0.050000
15 0.217125 0.683152 0.017750 0.059783
15 0.231750 0.642120 0.016500 0.063587
15 0.258500 0.647554 0.033500 0.063587
15 0.262875 0.592120 0.022750 0.049457
15 0.262000 0.557880 0.017000 0.030978
15 0.275875 0.537500 0.021750 0.032609
15 0.240875 0.601359 0.021750 0.059239
15 0.241750 0.552989 0.015500 0.044022
15 0.227125 0.568478 0.015750 0.064130
15 0.266250 0.499457 0.023500 0.044565
15 0.286375 0.474728 0.024250 0.047283
15 0.314000 0.480435 0.025000 0.061957
15 0.237625 0.513587 0.022750 0.022826
15 0.256750 0.523370 0.010500 0.026087
15 0.220125 0.535870 0.016250 0.036957
15 0.239375 0.486957 0.021750 0.027174
15 0.331375 0.406793 0.022250 0.062500
15 0.349375 0.437500 0.015750 0.033696
15 0.345625 0.386957 0.022750 0.039130
15 0.308500 0.424185 0.025000 0.048370
15 0.280625 0.419293 0.028750 0.057065
15 0.261375 0.458967 0.021750 0.037500
15 0.251625 0.414402 0.025250 0.037500
15 0.241375 0.452717 0.014250 0.032609
15 0.223875 0.445652 0.023750 0.053261
15 0.216875 0.494293 0.017250 0.049457
15 0.248250 0.364674 0.021000 0.045652
15 0.267125 0.372011 0.017750 0.032065
15 0.277875 0.345109 0.015250 0.043478
15 0.290500 0.382609 0.012500 0.025000
15 0.296625 0.343478 0.026750 0.056522
15 0.331000 0.345380 0.031500 0.042935
15 0.326375 0.297011 0.024250 0.044022
15 0.339750 0.264130 0.024000 0.047826
15 0.348000 0.209783 0.020000 0.048913
15 0.329375 0.184783 0.025250 0.045652
15 0.317625 0.243750 0.015250 0.054891
15 0.303250 0.305435 0.017000 0.047826
15 0.285250 0.289130 0.014500 0.042391
15 0.294750 0.257065 0.023000 0.043478
15 0.271375 0.295924 0.013250 0.041848
15 0.253875 0.320109 0.016250 0.028261
15 0.235625 0.294837 0.022250 0.044022
15 0.256625 0.285326 0.014750 0.031522
15 0.262750 0.245652 0.017500 0.039130
15 0.277500 0.221467 0.017500 0.032065
15 0.299500 0.220924 0.021000 0.027717
15 0.293875 0.189946 0.017750 0.030978
15 0.301500 0.164946 0.013500 0.029891
15 0.310375 0.195924 0.010750 0.040761
15 0.277250 0.170924 0.022000 0.050543
15 0.262000 0.205163 0.024500 0.030978
15 0.243500 0.228804 0.019000 0.041304
15 0.230250 0.253533 0.017000 0.036413
15 0.358750 0.105163 0.025000 0.053804
15 0.340250 0.102989 0.014500 0.072283
15 0.322250 0.139674 0.025500 0.040217
15 0.297875 0.123913 0.019750 0.042391
15 0.321125 0.098370 0.021750 0.046739
15 0.299500 0.075815 0.017500 0.058152
15 0.277250 0.085598 0.020000 0.057065
15 0.278375 0.130435 0.019250 0.029348
15 0.261000 0.156522 0.011000 0.034783
15 0.245125 0.169293 0.015250 0.046196
15 0.226375 0.170652 0.019250 0.046739
15 0.230875 0.205435 0.019750 0.021739
15 0.241500 0.118207 0.026500 0.050543
15 0.259875 0.114402 0.014750 0.032065
15 0.260500 0.069293 0.016000 0.050543
15 0.238375 0.075543 0.024250 0.034783
15 0.285000 0.049185 0.017500 0.033152
15 0.316375 0.024728 0.015250 0.048370
15 0.325750 0.052717 0.009500 0.032609
15 0.340875 0.032065 0.021250 0.059783
15 0.355750 0.009511 0.016500 0.017935
15 0.294875 0.020380 0.020250 0.033152
15 0.271625 0.023098 0.018250 0.045109
15 0.252500 0.032337 0.017000 0.048370
15 0.233250 0.035598 0.022000 0.044022
15 0.237750 0.008152 0.021500 0.015217
15 0.222000 0.095924 0.012500 0.041848
15 0.202875 0.085326 0.022250 0.055435
15 0.217000 0.136957 0.015500 0.025000
15 0.213750 0.033696 0.021500 0.039130
15 0.203250 0.010326 0.025000 0.019565
15 0.189750 0.046196 0.025500 0.041304
15 0.164875 0.034511 0.019250 0.049457
15 0.147000 0.048098 0.019500 0.048370
15 0.131500 0.082880 0.023500 0.046196
15 0.152250 0.111685 0.018500 0.045109
15 0.176250 0.093750 0.026000 0.047283
15 0.189750 0.121739 0.015500 0.039130
15 0.168625 0.142663 0.027750 0.040761
15 0.178750 0.162228 0.019500 0.029891
15 0.198750 0.157337 0.015000 0.042935
15 0.210875 0.183152 0.011750 0.043478
15 0.189625 0.192935 0.023750 0.045652
15 0.169125 0.201630 0.017750 0.029348
15 0.149625 0.186141 0.022750 0.060326
15 0.134250 0.154076 0.014000 0.059239
15 0.189125 0.247011 0.022250 0.062500
15 0.214250 0.227174 0.020000 0.036957
15 0.212250 0.265489 0.017500 0.024457
15 0.202625 0.304891 0.029250 0.054348
15 0.177000 0.289130 0.014500 0.040217
15 0.167500 0.241848 0.022500 0.040217
15 0.160750 0.278533 0.020000 0.036413
15 0.143250 0.251902 0.025000 0.051630
15 0.127875 0.306522 0.029250 0.055435
15 0.152625 0.352174 0.020750 0.051087
15 0.172125 0.347826 0.014750 0.050000
15 0.192250 0.355163 0.025500 0.035326
15 0.221250 0.356793 0.043000 0.054891
15 0.227000 0.404620 0.019000 0.026630
15 0.204750 0.407337 0.016000 0.044022
15 0.188375 0.401087 0.016250 0.045652
15 0.170125 0.401630 0.021250 0.066304
15 0.150500 0.402446 0.023000 0.046196
15 0.131625 0.380707 0.018250 0.067935
15 0.112125 0.378804 0.023750 0.046739
15 0.141125 0.450543 0.024250 0.051087
15 0.162625 0.471467 0.019750 0.051630
15 0.177500 0.452174 0.014500 0.042391
15 0.197875 0.461957 0.024750 0.047826
15 0.197375 0.500543 0.015250 0.031522
15 0.188375 0.536413 0.025750 0.054348
15 0.140750 0.519293 0.025000 0.050543
15 0.121000 0.492391 0.023500 0.047826
15 0.123000 0.566576 0.025000 0.064674
15 0.158250 0.547554 0.025000 0.051630
15 0.176250 0.581793 0.033000 0.049457
15 0.147750 0.607337 0.023500 0.061413
15 0.173250 0.626630 0.018000 0.030435
15 0.192125 0.616033 0.016750 0.042935
15 0.206875 0.570380 0.018750 0.049457
15 0.210375 0.628533 0.019250 0.063587
15 0.181000 0.654348 0.020500 0.066304
15 0.161875 0.667391 0.029250 0.067391
15 0.158750 0.726359 0.022000 0.066848
15 0.140625 0.733424 0.021750 0.052717
15 0.183625 0.717391 0.018250 0.046739
15 0.200750 0.696739 0.018500 0.068478
15 0.194000 0.757609 0.021500 0.063043
15 0.172375 0.773370 0.018250 0.070652
15 0.229875 0.755707 0.029250 0.051630
15 0.214375 0.786413 0.027750 0.048913
15 0.235500 0.804076 0.030000 0.054891
15 0.203500 0.836413 0.024500 0.043478
15 0.180875 0.826087 0.025750 0.061957
15 0.158375 0.849457 0.017750 0.052174
15 0.174125 0.894837 0.014750 0.070109
15 0.190625 0.879620 0.015750 0.041848
15 0.210250 0.897283 0.017000 0.067391
15 0.226750 0.873913 0.021500 0.072826
15 0.242875 0.897011 0.021250 0.049457
15 0.254750 0.839130 0.022000 0.057609
15 0.265875 0.890217 0.025750 0.070652
15 0.253250 0.976359 0.021000 0.047283
15 0.232250 0.949185 0.020000 0.057065
15 0.232125 0.991033 0.018750 0.017935
15 0.209000 0.979076 0.021500 0.041848
15 0.188125 0.967663 0.024750 0.064674
15 0.168125 0.980163 0.022250 0.039674
15 0.143375 0.924728 0.035250 0.063587
