15 0.133594 0.006611 0.065104 0.012740
15 0.146094 0.032332 0.100521 0.042067
15 0.229687 0.005409 0.091667 0.010337
15 0.277865 0.087380 0.092188 0.049760
15 0.316667 0.061779 0.065625 0.048077
15 0.317448 0.020673 0.064062 0.040385
15 0.368750 0.026082 0.098958 0.049760
15 0.388802 0.072236 0.085938 0.047356
15 0.469531 0.064904 0.078646 0.048077
15 0.477865 0.024519 0.085938 0.046635
15 0.537500 0.069231 0.063542 0.051923
15 0.447656 0.116106 0.075521 0.041827
15 0.316667 0.118870 0.082292 0.048798
15 0.555208 0.021154 0.071875 0.037981
15 0.593750 0.047837 0.055208 0.032692
15 0.612240 0.073077 0.089063 0.039423
15 0.652604 0.024639 0.088542 0.043510
15 0.711458 0.024159 0.052083 0.045913
15 0.789323 0.048197 0.110937 0.045913
15 0.846615 0.018389 0.094271 0.032452
15 0.599740 0.116106 0.077604 0.034135
15 0.519792 0.121875 0.092708 0.033173
15 0.487760 0.168389 0.105729 0.045913
15 0.456771 0.232332 0.060417 0.063702
15 0.613021 0.152524 0.087500 0.038702
15 0.651042 0.194832 0.082292 0.048798
15 0.713021 0.145913 0.122917 0.033173
15 0.740104 0.110937 0.068750 0.034856
15 0.806250 0.083173 0.117708 0.031731
15 0.834115 0.108413 0.089063 0.041827
15 0.866146 0.142788 0.065625 0.053365
15 0.800521 0.163702 0.071875 0.051923
15 0.725781 0.177043 0.100521 0.041106
15 0.719792 0.213702 0.085417 0.041827
15 0.636719 0.230529 0.094271 0.045673
15 0.794792 0.221514 0.060417 0.046394
15 0.731510 0.251803 0.089063 0.032452
15 0.732292 0.274639 0.030208 0.016106
15 0.681250 0.292067 0.052083 0.029327
15 0.618229 0.280889 0.101042 0.033413
15 0.599479 0.320433 0.060417 0.045673
15 0.641667 0.323197 0.087500 0.044952
15 0.596354 0.369712 0.057292 0.040385
15 0.525781 0.359976 0.086979 0.047356
15 0.441667 0.337380 0.087500 0.047356
15 0.351042 0.357933 0.097917 0.048077
15 0.317448 0.393750 0.091146 0.041827
15 0.413281 0.389423 0.141146 0.053365
15 0.529948 0.405288 0.105729 0.049519
15 0.411458 0.435457 0.131250 0.037260
15 0.514844 0.447476 0.092188 0.041106
15 0.805469 0.333173 0.122396 0.034135
15 0.731510 0.378125 0.099479 0.049519
15 0.680469 0.429327 0.094271 0.049519
15 0.710677 0.481731 0.083854 0.044231
15 0.854427 0.496034 0.089063 0.040144
15 0.731510 0.527043 0.069271 0.032452
15 0.650000 0.497596 0.063542 0.040385
15 0.596094 0.508413 0.097396 0.040385
15 0.462760 0.495673 0.129688 0.047115
15 0.245052 0.416947 0.080729 0.051202
15 0.152083 0.402524 0.052083 0.041106
15 0.092448 0.409856 0.080729 0.048077
15 0.121615 0.449880 0.072396 0.048798
15 0.189583 0.444471 0.090625 0.042788
15 0.278125 0.466587 0.082292 0.041827
15 0.289583 0.508774 0.109375 0.034856
15 0.158854 0.489423 0.082292 0.037981
15 0.067969 0.485577 0.075521 0.049038
15 0.066146 0.534014 0.092708 0.051202
15 0.150260 0.523558 0.072396 0.044231
15 0.165365 0.553365 0.072396 0.040385
15 0.225781 0.570072 0.078646 0.053606
15 0.294792 0.586659 0.071875 0.044952
15 0.369531 0.591346 0.083854 0.054327
15 0.487240 0.629327 0.094271 0.041827
15 0.605469 0.621274 0.129688 0.050240
15 0.701302 0.615144 0.075521 0.044231
15 0.798698 0.603365 0.078646 0.051923
15 0.871094 0.603486 0.078646 0.048798
15 0.836458 0.631010 0.070833 0.034135
15 0.841667 0.668990 0.087500 0.038942
15 0.784375 0.691466 0.073958 0.040144
15 0.886979 0.712380 0.070833 0.052644
15 0.682031 0.707332 0.124479 0.047356
15 0.643229 0.729447 0.087500 0.040144
15 0.531771 0.729447 0.126042 0.040144
15 0.438542 0.702644 0.090625 0.037981
15 0.351823 0.654567 0.078646 0.037981
15 0.204948 0.636058 0.083854 0.050481
15 0.136719 0.618990 0.072396 0.031731
15 0.080469 0.586418 0.097396 0.056490
15 0.069531 0.655048 0.075521 0.048077
15 0.131771 0.667788 0.076042 0.042788
15 0.174740 0.687500 0.094271 0.041827
15 0.263802 0.681370 0.080729 0.052644
15 0.056250 0.709255 0.055208 0.057452
15 0.115625 0.743029 0.090625 0.061058
15 0.195573 0.717428 0.058854 0.031971
15 0.190625 0.758894 0.092708 0.055769
15 0.310937 0.756971 0.104167 0.051923
15 0.279427 0.796034 0.075521 0.037260
15 0.366927 0.793029 0.055729 0.034135
15 0.420052 0.765505 0.094271 0.045913
15 0.509635 0.778365 0.061979 0.048077
15 0.454167 0.808534 0.095833 0.035817
15 0.415104 0.827885 0.073958 0.035577
15 0.580469 0.763221 0.085938 0.025481
15 0.588802 0.786779 0.105729 0.027885
15 0.586198 0.819832 0.067187 0.034856
15 0.500521 0.844111 0.084375 0.044952
15 0.577604 0.850481 0.073958 0.035577
15 0.553385 0.875601 0.075521 0.034856
15 0.619792 0.862019 0.057292 0.048077
15 0.679427 0.855048 0.072396 0.054327
15 0.631510 0.817067 0.064062 0.034135
15 0.689583 0.811659 0.082292 0.042067
15 0.765885 0.777163 0.064062 0.053365
15 0.884896 0.785817 0.065625 0.050481
15 0.823177 0.813942 0.091146 0.038942
15 0.883594 0.864303 0.086979 0.065144
15 0.897917 0.908534 0.062500 0.035817
15 0.777083 0.856130 0.098958 0.034856
15 0.683073 0.930048 0.056771 0.049519
15 0.089844 0.823918 0.069271 0.029567
15 0.067708 0.895072 0.064583 0.058894
15 0.140365 0.884976 0.086979 0.061298
15 0.202604 0.847957 0.068750 0.019471
15 0.236719 0.871755 0.073438 0.032933
15 0.202604 0.888221 0.043750 0.047115
15 0.305208 0.884736 0.081250 0.036298
15 0.272135 0.919351 0.082812 0.045433
15 0.225000 0.929447 0.068750 0.031490
15 0.107552 0.928486 0.091146 0.032452
15 0.155469 0.952404 0.121354 0.028365
15 0.346094 0.924639 0.079687 0.035817
15 0.436458 0.917428 0.086458 0.040625
15 0.383333 0.948438 0.092708 0.035337
15 0.309375 0.958534 0.061458 0.041587
15 0.120573 0.981611 0.071354 0.036779
15 0.057031 0.990505 0.043229 0.018990
15 0.589323 0.976923 0.094271 0.046154
