15 0.836979 0.026322 0.120833 0.052163
15 0.899479 0.068870 0.089583 0.064663
15 0.957812 0.034976 0.084375 0.062740
15 0.978125 0.079087 0.043750 0.037981
15 0.833854 0.091346 0.201042 0.070192
15 0.950781 0.121995 0.090104 0.041587
15 0.939323 0.157452 0.116146 0.027885
15 0.896615 0.196154 0.171354 0.059615
15 0.838802 0.148558 0.123438 0.050481
15 0.774740 0.194471 0.121354 0.041346
15 0.713802 0.162139 0.158854 0.065144
15 0.683854 0.124639 0.151042 0.062260
15 0.645312 0.078125 0.110417 0.057692
15 0.743229 0.017548 0.086458 0.034615
15 0.672135 0.035817 0.061979 0.047596
15 0.578125 0.026322 0.107292 0.052163
15 0.472656 0.072596 0.111979 0.084135
15 0.455208 0.013702 0.086458 0.026923
15 0.353125 0.146755 0.147917 0.062260
15 0.472917 0.169351 0.068750 0.047356
15 0.523958 0.127284 0.118750 0.049279
15 0.603906 0.146635 0.071354 0.050481
15 0.545573 0.218389 0.131771 0.070913
15 0.638802 0.271394 0.097396 0.077404
15 0.750000 0.250601 0.118750 0.065625
15 0.665365 0.214904 0.094271 0.058173
15 0.894531 0.245312 0.136979 0.041106
15 0.978125 0.200841 0.043750 0.073798
15 0.580729 0.186899 0.101042 0.031971
15 0.380729 0.194952 0.115625 0.037981
15 0.271094 0.189062 0.088021 0.036779
15 0.265104 0.143269 0.059375 0.043750
15 0.175000 0.150841 0.112500 0.070433
15 0.141667 0.095072 0.125000 0.075240
15 0.261719 0.094591 0.128646 0.057452
15 0.356510 0.084495 0.080729 0.040144
15 0.281510 0.048678 0.114062 0.058413
15 0.128385 0.029327 0.090104 0.052404
15 0.243229 0.016106 0.125000 0.030769
15 0.359635 0.031130 0.092188 0.059375
15 0.039323 0.071034 0.077604 0.053125
15 0.033333 0.021635 0.064583 0.042788
15 0.016667 0.108053 0.032292 0.039183
15 0.021354 0.156250 0.041667 0.037981
15 0.035677 0.202043 0.070312 0.056490
15 0.116146 0.195072 0.095833 0.052644
15 0.207031 0.245072 0.106771 0.069952
15 0.307812 0.237861 0.100000 0.054087
15 0.091667 0.244952 0.106250 0.055769
15 0.032552 0.246154 0.064062 0.027885
15 0.022135 0.313942 0.043229 0.070192
15 0.106250 0.290625 0.108333 0.052404
15 0.220312 0.305529 0.142708 0.054327
15 0.176563 0.331611 0.123958 0.055048
15 0.077865 0.343510 0.108854 0.049519
15 0.423438 0.236178 0.117708 0.041106
15 0.343750 0.278486 0.151042 0.041106
15 0.429167 0.286298 0.094792 0.040865
15 0.521094 0.282692 0.114062 0.063462
15 0.723177 0.317668 0.120313 0.060817
15 0.603125 0.334856 0.100000 0.060096
15 0.826562 0.294952 0.112500 0.070192
15 0.938281 0.313822 0.123438 0.039183
15 0.945833 0.266947 0.108333 0.059375
15 0.925781 0.362139 0.105729 0.052163
15 0.785677 0.378245 0.100521 0.063221
15 0.670052 0.380649 0.115104 0.058894
15 0.539323 0.396995 0.135937 0.063702
15 0.403385 0.376082 0.102604 0.057452
15 0.470573 0.344712 0.082812 0.054327
15 0.295052 0.360216 0.105729 0.040144
15 0.191406 0.395192 0.106771 0.062019
15 0.087500 0.397476 0.104167 0.051202
15 0.027344 0.418389 0.053646 0.048798
15 0.985677 0.393510 0.028646 0.047115
15 0.923438 0.445793 0.153125 0.071394
15 0.915365 0.503005 0.131771 0.081010
15 0.955469 0.527284 0.089063 0.072837
15 0.869010 0.557452 0.131771 0.060096
15 0.791146 0.593389 0.145833 0.063221
15 0.956771 0.581490 0.078125 0.034135
15 0.797656 0.427885 0.088021 0.039904
15 0.759896 0.462380 0.168750 0.116587
15 0.657813 0.450721 0.070833 0.067788
15 0.569792 0.445793 0.109375 0.048798
15 0.555469 0.492668 0.135937 0.036779
15 0.465104 0.465264 0.069792 0.095433
15 0.336198 0.418510 0.169271 0.066346
15 0.387500 0.472236 0.070833 0.038702
15 0.287240 0.465144 0.179688 0.053846
15 0.246094 0.495072 0.123438 0.041106
15 0.148438 0.446274 0.128125 0.046394
15 0.114323 0.487019 0.129688 0.045673
15 0.027083 0.466707 0.050000 0.051202
15 0.693229 0.520312 0.115625 0.056490
15 0.757552 0.543029 0.088021 0.040865
15 0.653906 0.598077 0.110937 0.080288
15 0.935937 0.624399 0.128125 0.068029
15 0.823958 0.648438 0.179167 0.061779
15 0.560937 0.559135 0.100000 0.083654
15 0.502604 0.576082 0.117708 0.075240
15 0.623958 0.541226 0.111458 0.065144
15 0.453385 0.534856 0.115104 0.056250
15 0.369792 0.561779 0.122917 0.051923
15 0.372396 0.509615 0.117708 0.043750
15 0.263542 0.538822 0.143750 0.067067
15 0.097917 0.555889 0.173958 0.089183
15 0.050260 0.526322 0.066146 0.028125
15 0.014063 0.553125 0.026042 0.037500
15 0.212760 0.584856 0.102604 0.052404
15 0.123958 0.597596 0.059375 0.032212
15 0.039062 0.607812 0.069792 0.026683
15 0.046875 0.658053 0.092708 0.063221
15 0.297135 0.612620 0.125521 0.057452
15 0.395052 0.621755 0.085938 0.087260
15 0.467448 0.617428 0.149479 0.044471
15 0.506771 0.657212 0.139583 0.033173
15 0.642448 0.656611 0.120313 0.055529
15 0.764062 0.677524 0.152083 0.062260
15 0.179948 0.634856 0.124479 0.060096
15 0.157031 0.681611 0.167187 0.056490
15 0.040365 0.703606 0.079687 0.036058
15 0.311458 0.664423 0.110417 0.052404
15 0.437500 0.686659 0.121875 0.049760
15 0.556771 0.702764 0.148958 0.045433
15 0.649479 0.713221 0.123958 0.061058
15 0.951823 0.677764 0.092188 0.042548
15 0.904167 0.745192 0.101042 0.101442
15 0.978906 0.740625 0.042188 0.084135
15 0.780729 0.718750 0.134375 0.060096
15 0.847396 0.767067 0.086458 0.044712
15 0.808594 0.780769 0.115104 0.058173
15 0.931250 0.803726 0.130208 0.058894
15 0.877083 0.827524 0.122917 0.046875
15 0.714323 0.781490 0.075521 0.060096
15 0.629167 0.775962 0.139583 0.081731
15 0.545312 0.771274 0.131250 0.088702
15 0.325260 0.739784 0.171354 0.054087
15 0.413542 0.787380 0.136458 0.047837
15 0.462240 0.818630 0.094271 0.050240
15 0.595313 0.835938 0.165625 0.044471
15 0.761198 0.858534 0.130729 0.096394
15 0.287240 0.799279 0.120313 0.061538
15 0.418229 0.859255 0.127083 0.056490
15 0.343750 0.853846 0.062500 0.057212
15 0.172917 0.771394 0.132292 0.049038
15 0.131510 0.797596 0.117188 0.042788
15 0.118229 0.733894 0.157292 0.052885
15 0.021875 0.772596 0.042708 0.050000
15 0.031510 0.798077 0.043229 0.023077
15 0.038021 0.837981 0.075000 0.054808
15 0.138021 0.839543 0.105208 0.044952
15 0.245312 0.836659 0.110417 0.073317
15 0.207292 0.894832 0.153125 0.054087
15 0.338542 0.913462 0.102083 0.057212
15 0.429167 0.922115 0.080208 0.046154
15 0.546875 0.895433 0.130208 0.057212
15 0.674740 0.905409 0.117188 0.050721
15 0.547656 0.938221 0.148438 0.039423
15 0.053646 0.900361 0.106250 0.053125
15 0.095573 0.869832 0.044271 0.029087
15 0.078385 0.950240 0.085938 0.068750
15 0.026562 0.965625 0.052083 0.055769
15 0.158594 0.931370 0.100521 0.047837
15 0.189323 0.977885 0.132812 0.044231
15 0.314844 0.991346 0.111979 0.017308
15 0.301042 0.949639 0.162500 0.049760
15 0.432292 0.973317 0.092708 0.053365
15 0.553125 0.977885 0.140625 0.044231
15 0.737760 0.927404 0.110937 0.038942
15 0.854427 0.935096 0.148438 0.062019
15 0.911719 0.900481 0.129688 0.051923
15 0.885156 0.842067 0.121354 0.075481
15 0.980469 0.917428 0.039062 0.062740
15 0.892969 0.981130 0.111979 0.037740
15 0.774740 0.980048 0.111979 0.039904
15 0.689844 0.968269 0.154688 0.050000
