15 0.129427 0.027284 0.078646 0.054087
15 0.194010 0.030168 0.066146 0.055048
15 0.153385 0.077644 0.099479 0.048077
15 0.236719 0.068269 0.077604 0.048077
15 0.130469 0.125481 0.083854 0.061538
15 0.202344 0.136058 0.088021 0.031250
15 0.305208 0.106490 0.090625 0.037500
15 0.296354 0.079447 0.069792 0.044471
15 0.363021 0.060337 0.073958 0.072115
15 0.306510 0.011779 0.084896 0.021635
15 0.235937 0.004087 0.042708 0.007692
15 0.390365 0.017067 0.090104 0.032212
15 0.442188 0.029687 0.075000 0.035337
15 0.495573 0.005889 0.095312 0.009856
15 0.342708 0.128726 0.088542 0.027163
15 0.421354 0.142548 0.068750 0.040385
15 0.515365 0.073438 0.119271 0.033413
15 0.747135 0.029327 0.061979 0.040385
15 0.811979 0.007692 0.105208 0.013462
15 0.657031 0.063702 0.100521 0.039904
15 0.773958 0.077163 0.080208 0.044712
15 0.684896 0.104688 0.105208 0.033894
15 0.612760 0.107332 0.072396 0.039183
15 0.510938 0.101803 0.105208 0.042067
15 0.578125 0.131130 0.075000 0.038702
15 0.518490 0.143990 0.095312 0.047115
15 0.792969 0.118149 0.097396 0.043510
15 0.720573 0.137740 0.077604 0.045192
15 0.640104 0.157812 0.081250 0.046394
15 0.151562 0.181250 0.069792 0.053365
15 0.211979 0.165385 0.104167 0.037981
15 0.270833 0.149279 0.062500 0.045673
15 0.347917 0.156490 0.086458 0.034615
15 0.303385 0.183654 0.073438 0.032212
15 0.233594 0.201803 0.101562 0.038221
15 0.383333 0.183894 0.086458 0.029327
15 0.469792 0.173317 0.081250 0.030288
15 0.573177 0.183293 0.054688 0.049279
15 0.659635 0.181611 0.113021 0.030529
15 0.786198 0.172476 0.124479 0.031010
15 0.891406 0.140144 0.089063 0.045192
15 0.668490 0.218990 0.088021 0.048077
15 0.580729 0.227524 0.082292 0.049760
15 0.501563 0.212019 0.081250 0.045673
15 0.422135 0.200841 0.067187 0.033894
15 0.371875 0.228726 0.076042 0.049760
15 0.469010 0.242188 0.118229 0.044952
15 0.300781 0.219591 0.083854 0.041106
15 0.193229 0.238702 0.097917 0.058173
15 0.129167 0.271875 0.068750 0.058654
15 0.201563 0.282332 0.091667 0.030529
15 0.271354 0.254567 0.063542 0.037019
15 0.284115 0.289423 0.066146 0.037500
15 0.347135 0.273798 0.088021 0.053365
15 0.420833 0.272115 0.062500 0.046154
15 0.520573 0.285817 0.101562 0.043269
15 0.464062 0.304327 0.069792 0.047596
15 0.600521 0.264784 0.070833 0.031490
15 0.678646 0.262380 0.090625 0.043510
15 0.777865 0.248077 0.077604 0.035577
15 0.674740 0.295192 0.082812 0.035096
15 0.610677 0.292909 0.066146 0.051683
15 0.532031 0.324279 0.096354 0.028846
15 0.773177 0.288221 0.111979 0.056250
15 0.836198 0.306370 0.072396 0.023317
15 0.716667 0.330769 0.085417 0.037019
15 0.634115 0.342187 0.059896 0.054087
15 0.690885 0.354687 0.066146 0.043990
15 0.856510 0.334615 0.123438 0.035096
15 0.901563 0.360577 0.106250 0.037981
15 0.552344 0.356490 0.089063 0.045192
15 0.404948 0.330649 0.076563 0.054567
15 0.339323 0.347476 0.090104 0.052644
15 0.244792 0.312861 0.076042 0.035337
15 0.160938 0.313101 0.088542 0.027644
15 0.174219 0.343029 0.072396 0.037019
15 0.256250 0.349760 0.091667 0.040865
15 0.209896 0.378125 0.072917 0.034615
15 0.126042 0.353005 0.069792 0.040625
15 0.121094 0.385817 0.095312 0.047596
15 0.155469 0.399519 0.072396 0.037500
15 0.195833 0.423077 0.085417 0.029327
15 0.257552 0.396995 0.071354 0.041587
15 0.333073 0.386779 0.082812 0.045673
15 0.410677 0.391466 0.072396 0.070433
15 0.345052 0.424519 0.089063 0.032212
15 0.281771 0.434255 0.091667 0.030529
15 0.221354 0.456130 0.077083 0.041587
15 0.291927 0.479928 0.091146 0.052644
15 0.364844 0.452644 0.077604 0.028846
15 0.428385 0.438341 0.077604 0.038702
15 0.488281 0.423678 0.077604 0.052644
15 0.488281 0.380889 0.077604 0.044471
15 0.548958 0.421875 0.064583 0.036538
15 0.589844 0.389663 0.113021 0.034135
15 0.645052 0.410697 0.096354 0.057452
15 0.747135 0.412500 0.105729 0.040865
15 0.829688 0.439423 0.105208 0.035096
15 0.759375 0.458293 0.091667 0.043510
15 0.575781 0.471755 0.079687 0.054087
15 0.502083 0.479687 0.075000 0.056971
15 0.430990 0.484375 0.072396 0.050000
15 0.387760 0.478846 0.095312 0.039904
15 0.344531 0.518389 0.084896 0.039183
15 0.367969 0.545553 0.053646 0.051683
15 0.449219 0.524159 0.111979 0.031010
15 0.453906 0.559375 0.141146 0.042788
15 0.577083 0.550601 0.110417 0.030048
15 0.622917 0.525120 0.110417 0.038702
15 0.648177 0.495793 0.105729 0.025721
15 0.727604 0.543269 0.086458 0.055288
15 0.664844 0.568149 0.090104 0.033413
15 0.573958 0.584255 0.121875 0.033894
15 0.523177 0.593750 0.111979 0.031731
15 0.479167 0.618990 0.097917 0.048077
15 0.946094 0.534255 0.071354 0.049760
15 0.941667 0.608894 0.087500 0.063462
15 0.641146 0.603365 0.096875 0.031250
15 0.737760 0.613582 0.091146 0.054087
15 0.674219 0.647957 0.089063 0.049760
15 0.586458 0.629087 0.104167 0.032212
15 0.527604 0.652043 0.103125 0.039183
15 0.558594 0.689543 0.096354 0.033413
15 0.610677 0.675240 0.063021 0.037500
15 0.665365 0.699880 0.066146 0.051683
15 0.604948 0.727043 0.113021 0.038221
15 0.645052 0.766947 0.094271 0.043990
15 0.770312 0.755409 0.092708 0.057452
15 0.839844 0.697716 0.113021 0.049760
15 0.885156 0.742067 0.101562 0.048077
15 0.246094 0.589303 0.101562 0.040625
15 0.314844 0.628245 0.089063 0.042067
15 0.320573 0.670433 0.107813 0.052885
15 0.143750 0.702404 0.092708 0.061538
15 0.136458 0.754928 0.092708 0.039663
15 0.212500 0.727043 0.097917 0.030048
15 0.453906 0.771875 0.077604 0.050481
15 0.698958 0.816827 0.105208 0.048558
15 0.799219 0.847236 0.118229 0.036779
15 0.904167 0.847596 0.096875 0.056250
15 0.791667 0.889423 0.151042 0.042788
15 0.887500 0.892909 0.091667 0.043990
15 0.956250 0.904207 0.073958 0.041587
15 0.898958 0.937019 0.098958 0.037019
15 0.970313 0.943149 0.051042 0.051683
15 0.914844 0.972716 0.077604 0.041587
15 0.949479 0.983293 0.090625 0.033413
15 0.843750 0.958413 0.075000 0.024519
15 0.805469 0.926322 0.095312 0.043990
15 0.791667 0.983894 0.080208 0.032212
15 0.731771 0.988822 0.059375 0.022356
15 0.599219 0.988221 0.063021 0.023558
15 0.597396 0.930168 0.092708 0.030529
15 0.480469 0.922356 0.084896 0.034615
15 0.347135 0.936779 0.095312 0.048077
15 0.157031 0.943510 0.089063 0.061538
15 0.326302 0.975361 0.129688 0.038702
15 0.411719 0.978966 0.090104 0.041106
15 0.514062 0.969832 0.127083 0.049760
