15 0.952865 0.018870 0.094271 0.037260
15 0.886458 0.024399 0.080208 0.046875
15 0.946615 0.073918 0.106771 0.063702
15 0.800260 0.049519 0.148438 0.093750
15 0.673177 0.027404 0.128646 0.049519
15 0.663281 0.072115 0.086979 0.048558
15 0.536979 0.071635 0.164583 0.107212
15 0.446875 0.109375 0.059375 0.066346
15 0.401302 0.032212 0.116146 0.063942
15 0.328385 0.102404 0.179688 0.083173
15 0.293229 0.028365 0.109375 0.056250
15 0.192708 0.033894 0.116667 0.067308
15 0.169271 0.105168 0.167708 0.074279
15 0.223698 0.166106 0.126562 0.044231
15 0.679688 0.125120 0.201042 0.074760
15 0.481250 0.179207 0.102083 0.103125
15 0.358594 0.185697 0.143229 0.088702
15 0.833333 0.117668 0.107292 0.034375
15 0.946875 0.132332 0.106250 0.059856
15 0.823177 0.182452 0.128646 0.095673
15 0.617448 0.189663 0.154688 0.064904
15 0.689583 0.216827 0.125000 0.083654
15 0.947135 0.202764 0.104688 0.086779
15 0.777344 0.266106 0.147396 0.067308
15 0.551302 0.246995 0.115104 0.054087
15 0.402083 0.251923 0.133333 0.055288
15 0.197917 0.194231 0.189583 0.067788
15 0.265885 0.245553 0.148438 0.039663
15 0.061719 0.042668 0.122396 0.084856
15 0.088802 0.004808 0.072396 0.009135
15 0.029948 0.091106 0.058854 0.032692
15 0.060937 0.138101 0.120833 0.061779
15 0.043490 0.200841 0.085938 0.053125
15 0.105469 0.234375 0.165104 0.076923
15 0.033073 0.271635 0.061979 0.054327
15 0.114062 0.312380 0.159375 0.053606
15 0.015625 0.322236 0.030208 0.050721
15 0.054427 0.379207 0.107813 0.081490
15 0.160677 0.371154 0.089063 0.057212
15 0.288542 0.287981 0.190625 0.064423
15 0.460677 0.300000 0.135937 0.088462
15 0.643229 0.293750 0.116667 0.063462
15 0.939844 0.259255 0.120313 0.040625
15 0.840104 0.300120 0.102083 0.038221
15 0.908854 0.313221 0.173958 0.068750
15 0.730469 0.342187 0.146354 0.071394
15 0.571354 0.355649 0.150000 0.089183
15 0.388802 0.390024 0.159896 0.060817
15 0.297917 0.342067 0.162500 0.045192
15 0.280208 0.406250 0.120833 0.064423
15 0.452344 0.362981 0.081771 0.031731
15 0.855469 0.382212 0.131771 0.070192
15 0.953906 0.370433 0.092188 0.060577
15 0.645312 0.412861 0.170833 0.061779
15 0.769792 0.430048 0.125000 0.074038
15 0.923177 0.447236 0.153646 0.049760
15 0.506510 0.405649 0.070312 0.042067
15 0.508854 0.459255 0.151042 0.065625
15 0.367708 0.472596 0.113542 0.090385
15 0.269531 0.461418 0.093229 0.028125
15 0.137240 0.429207 0.195312 0.059856
15 0.019271 0.445673 0.037500 0.043269
15 0.050781 0.499880 0.100521 0.067067
15 0.147917 0.494591 0.091667 0.065625
15 0.262760 0.506611 0.130729 0.054567
15 0.581250 0.487380 0.165625 0.081490
15 0.717187 0.480769 0.116667 0.060577
15 0.878646 0.488341 0.141667 0.060337
15 0.985417 0.491346 0.029167 0.033173
15 0.983073 0.415625 0.033854 0.024038
15 0.956250 0.534736 0.087500 0.047837
15 0.878125 0.572236 0.192708 0.047356
15 0.713542 0.546394 0.216667 0.059615
15 0.596094 0.547596 0.063021 0.064904
15 0.524219 0.581611 0.083854 0.055529
15 0.419792 0.559976 0.235417 0.080048
15 0.294010 0.543510 0.033854 0.016827
15 0.211719 0.551562 0.095312 0.039183
15 0.082292 0.564784 0.163542 0.054567
15 0.083073 0.623678 0.151562 0.069952
15 0.251042 0.608173 0.156250 0.086538
15 0.426042 0.617668 0.089583 0.036779
15 0.359896 0.652764 0.113542 0.042067
15 0.855208 0.525841 0.121875 0.030529
15 0.644010 0.606130 0.126562 0.044471
15 0.769531 0.603365 0.125521 0.050000
15 0.898177 0.612861 0.140104 0.056490
15 0.982031 0.593149 0.035937 0.033894
15 0.470052 0.645192 0.108854 0.062981
15 0.248698 0.698197 0.169271 0.115144
15 0.435156 0.706490 0.135937 0.058654
15 0.085156 0.692788 0.157812 0.068269
15 0.031250 0.736659 0.061458 0.022356
15 0.592187 0.640865 0.139583 0.090385
15 0.754167 0.654207 0.184375 0.065144
15 0.944010 0.653365 0.111979 0.082212
15 0.869271 0.718149 0.134375 0.068990
15 0.865625 0.660337 0.055208 0.043750
15 0.730208 0.712861 0.136458 0.054087
15 0.928125 0.740865 0.087500 0.058173
15 0.983854 0.709615 0.032292 0.021635
15 0.986719 0.745673 0.026562 0.049038
15 0.819531 0.775240 0.147396 0.068750
15 0.939323 0.808173 0.117188 0.069712
15 0.840885 0.817428 0.089063 0.037740
15 0.725781 0.825481 0.119271 0.052404
15 0.672656 0.776563 0.135937 0.078606
15 0.574740 0.743750 0.143229 0.087019
15 0.602604 0.684736 0.128125 0.030048
15 0.426042 0.772236 0.145833 0.067548
15 0.318490 0.741346 0.089063 0.081250
15 0.176302 0.774880 0.192188 0.068029
15 0.048177 0.776442 0.095312 0.083654
15 0.309896 0.797115 0.084375 0.030288
15 0.128125 0.828125 0.143750 0.057692
15 0.284375 0.831611 0.142708 0.067548
15 0.411458 0.836418 0.114583 0.055048
15 0.548698 0.815745 0.150521 0.055048
15 0.967969 0.871274 0.064062 0.056490
15 0.827083 0.897957 0.216667 0.048317
15 0.784635 0.870072 0.184896 0.069952
15 0.624479 0.861779 0.143750 0.058173
15 0.474740 0.879327 0.151562 0.076442
15 0.293750 0.888942 0.198958 0.055769
15 0.093490 0.879207 0.181771 0.085817
15 0.057031 0.924519 0.105729 0.068269
15 0.110677 0.964543 0.188021 0.070913
15 0.228125 0.989663 0.105208 0.020673
15 0.260677 0.945072 0.107813 0.048317
15 0.398177 0.940865 0.182812 0.049519
15 0.355469 0.980889 0.163021 0.038221
15 0.487500 0.949519 0.070833 0.075962
15 0.611458 0.925962 0.151042 0.079808
15 0.595573 0.984495 0.174479 0.031010
15 0.744531 0.960577 0.115104 0.072115
15 0.885156 0.947716 0.159896 0.059856
15 0.913802 0.979087 0.160938 0.040385
