15 0.981851 0.021354 0.036298 0.041667
15 0.965024 0.079167 0.045433 0.111458
15 0.988822 0.134115 0.022356 0.121354
15 0.968029 0.245312 0.062019 0.091667
15 0.994111 0.268750 0.011779 0.083333
15 0.933774 0.320312 0.068510 0.082292
15 0.876322 0.254948 0.056010 0.090104
15 0.931611 0.190365 0.066106 0.080729
15 0.918750 0.128906 0.039423 0.078646
15 0.924399 0.046094 0.040144 0.091146
15 0.889423 0.024740 0.034135 0.048438
15 0.866587 0.066406 0.053846 0.069271
15 0.885457 0.140104 0.049760 0.135417
15 0.839784 0.192188 0.046875 0.105208
15 0.815745 0.105208 0.046875 0.084375
15 0.793029 0.165885 0.052885 0.106771
15 0.796995 0.254427 0.036298 0.086979
15 0.854207 0.304948 0.056490 0.097396
15 0.868269 0.402604 0.057212 0.105208
15 0.776082 0.297135 0.045913 0.068229
15 0.764183 0.372396 0.030288 0.093750
15 0.806250 0.436198 0.043269 0.100521
15 0.846635 0.492448 0.042788 0.118229
15 0.911659 0.480990 0.079567 0.108854
15 0.931851 0.414323 0.074279 0.075521
15 0.985337 0.385417 0.029327 0.146875
15 0.982572 0.503385 0.031490 0.130729
15 0.766827 0.465885 0.053846 0.108854
15 0.722236 0.484896 0.035337 0.080208
15 0.689063 0.532813 0.046875 0.071875
15 0.665024 0.595313 0.059856 0.060417
15 0.637740 0.550521 0.034615 0.063542
15 0.643149 0.463021 0.025721 0.105208
15 0.678125 0.434115 0.046635 0.077604
15 0.717668 0.388281 0.050721 0.106771
15 0.720072 0.311458 0.059856 0.052083
15 0.754447 0.226562 0.035337 0.086458
15 0.720192 0.250781 0.062500 0.091146
15 0.734014 0.135156 0.053606 0.127604
15 0.691707 0.148698 0.056490 0.080729
15 0.693750 0.196615 0.030288 0.047396
15 0.659615 0.238281 0.047115 0.085938
15 0.676803 0.328125 0.035337 0.130208
15 0.635337 0.300781 0.043750 0.092188
15 0.629087 0.373437 0.049519 0.078125
15 0.593029 0.406771 0.036058 0.084375
15 0.558894 0.367708 0.048077 0.104167
15 0.539904 0.288542 0.041346 0.083333
15 0.589303 0.276302 0.034375 0.123438
15 0.610096 0.204687 0.035096 0.087500
15 0.656370 0.098437 0.065144 0.131250
15 0.643510 0.172135 0.036058 0.036979
15 0.709495 0.070052 0.042548 0.063021
15 0.768149 0.057552 0.042067 0.105729
15 0.718510 0.030729 0.050962 0.040625
15 0.661058 0.023177 0.041827 0.043229
15 0.613582 0.018750 0.045913 0.036458
15 0.611659 0.079687 0.041587 0.108333
15 0.582212 0.086719 0.051442 0.129688
15 0.561538 0.035677 0.044712 0.068229
15 0.567428 0.138281 0.035817 0.130729
15 0.535337 0.168490 0.037500 0.102604
15 0.515625 0.240104 0.035096 0.072917
15 0.492188 0.292448 0.044471 0.105729
15 0.491827 0.165885 0.038462 0.144271
15 0.522596 0.081510 0.035577 0.089063
15 0.527524 0.014323 0.027644 0.027604
15 0.486418 0.054688 0.048798 0.108333
15 0.449519 0.022656 0.027885 0.044271
15 0.452284 0.106771 0.040144 0.153125
15 0.483413 0.389583 0.035577 0.101042
15 0.494231 0.464062 0.041827 0.113542
15 0.522115 0.498698 0.037019 0.146354
15 0.550481 0.478646 0.037500 0.135417
15 0.609615 0.479167 0.047596 0.092708
15 0.578606 0.565625 0.031250 0.091667
15 0.608534 0.587760 0.024760 0.113021
15 0.581010 0.492969 0.014904 0.057813
15 0.964303 0.601823 0.035817 0.177604
15 0.992548 0.644271 0.014904 0.130208
15 0.969591 0.741406 0.055529 0.060937
15 0.929688 0.695052 0.050240 0.050521
15 0.908053 0.657031 0.077163 0.079687
15 0.883774 0.714323 0.043990 0.055729
15 0.922356 0.570833 0.065865 0.096875
15 0.887861 0.567969 0.036298 0.057813
15 0.875361 0.634375 0.018510 0.072917
15 0.835457 0.615365 0.054087 0.152604
15 0.791707 0.581771 0.045913 0.136458
15 0.748798 0.571354 0.061058 0.097917
15 0.698798 0.625521 0.049038 0.072917
15 0.648438 0.684375 0.039663 0.110417
15 0.686418 0.753125 0.042067 0.137500
15 0.706010 0.689583 0.065865 0.079167
15 0.750962 0.666146 0.050000 0.093750
15 0.799159 0.682813 0.045913 0.089583
15 0.822356 0.731250 0.061058 0.066667
15 0.825962 0.804427 0.056731 0.123438
15 0.882572 0.776042 0.057933 0.126042
15 0.934736 0.785677 0.050721 0.110937
15 0.963101 0.841406 0.036298 0.088021
15 0.990986 0.834635 0.018029 0.103646
15 0.979447 0.931250 0.041106 0.089583
15 0.926683 0.879427 0.057692 0.074479
15 0.920072 0.952344 0.050240 0.095312
15 0.957812 0.975260 0.021394 0.049479
15 0.888702 0.904427 0.030288 0.053646
15 0.880889 0.865365 0.022837 0.049479
15 0.844712 0.875781 0.045192 0.086979
15 0.821635 0.942969 0.046154 0.049479
15 0.867067 0.963542 0.054327 0.066667
15 0.786779 0.975260 0.044712 0.049479
15 0.733053 0.963021 0.051683 0.073958
15 0.758413 0.984375 0.011058 0.031250
15 0.790745 0.908594 0.056971 0.064062
15 0.738101 0.881510 0.059856 0.078646
15 0.786779 0.823698 0.037500 0.097396
15 0.770192 0.760156 0.046154 0.109896
15 0.738582 0.816667 0.043029 0.052083
15 0.723918 0.762760 0.049760 0.084896
15 0.673438 0.869271 0.060817 0.110417
15 0.686418 0.955469 0.037740 0.059896
15 0.640745 0.822135 0.036779 0.097396
15 0.606611 0.824219 0.039183 0.101562
15 0.618149 0.714844 0.039663 0.134896
15 0.582091 0.746354 0.033894 0.100000
15 0.549880 0.782031 0.031010 0.159896
15 0.511298 0.773177 0.039423 0.126562
15 0.525481 0.908333 0.042308 0.105208
15 0.569351 0.886458 0.049279 0.079167
15 0.619591 0.936979 0.045433 0.126042
15 0.652404 0.923177 0.028846 0.075521
15 0.572476 0.963281 0.059375 0.067187
15 0.519591 0.979688 0.032452 0.040625
15 0.485337 0.922656 0.037981 0.116146
15 0.447837 0.957552 0.027404 0.084896
15 0.414183 0.971615 0.027404 0.056771
15 0.362981 0.963542 0.058654 0.072917
15 0.415865 0.874219 0.059615 0.118229
15 0.478966 0.854427 0.065144 0.106771
15 0.472476 0.747135 0.037260 0.113021
15 0.481490 0.646615 0.033173 0.099479
15 0.517188 0.646615 0.038702 0.139063
15 0.546394 0.590625 0.026923 0.091667
15 0.579327 0.640625 0.051442 0.132292
15 0.455529 0.578906 0.049519 0.097396
15 0.444832 0.677604 0.037740 0.086458
15 0.373918 0.832552 0.051202 0.086979
15 0.330649 0.809375 0.039183 0.134375
15 0.301202 0.863542 0.043269 0.132292
15 0.316346 0.948438 0.047596 0.103125
15 0.272115 0.981510 0.033654 0.036979
15 0.265264 0.920573 0.034375 0.075521
15 0.237019 0.894271 0.053365 0.091667
15 0.206130 0.942448 0.021875 0.088021
15 0.225120 0.988021 0.043990 0.023958
15 0.262981 0.817969 0.042788 0.088021
15 0.370433 0.733073 0.044712 0.111979
15 0.241827 0.786458 0.053365 0.103125
15 0.189423 0.836198 0.039904 0.163021
15 0.170072 0.925000 0.037740 0.147917
15 0.151202 0.974479 0.035577 0.051042
15 0.122476 0.896615 0.054087 0.108854
15 0.088582 0.966406 0.041106 0.067187
15 0.167909 0.785677 0.048798 0.124479
15 0.229447 0.705208 0.049279 0.134375
15 0.267428 0.651563 0.026683 0.134375
15 0.318029 0.638281 0.064904 0.058854
15 0.366827 0.618750 0.025000 0.131250
15 0.403966 0.634896 0.066106 0.108333
15 0.402764 0.542708 0.045913 0.083333
15 0.449159 0.491146 0.046875 0.075000
15 0.441587 0.408854 0.046635 0.117708
15 0.399880 0.444531 0.035817 0.105729
15 0.354447 0.435937 0.053606 0.121875
15 0.336418 0.554688 0.035817 0.101042
15 0.294591 0.569271 0.045433 0.114583
15 0.300481 0.483594 0.036058 0.059896
15 0.257572 0.507031 0.044952 0.101562
15 0.234736 0.582552 0.037740 0.107813
15 0.209736 0.535937 0.028125 0.051042
15 0.186178 0.591667 0.053606 0.111458
15 0.187500 0.682031 0.047115 0.084896
15 0.144952 0.663542 0.050481 0.059375
15 0.137019 0.744792 0.045673 0.076042
15 0.125481 0.808854 0.036538 0.057292
15 0.399519 0.334896 0.063942 0.095833
15 0.434495 0.277344 0.040625 0.138021
15 0.448077 0.213542 0.050000 0.106250
15 0.396995 0.235156 0.041587 0.124479
15 0.357812 0.243229 0.035817 0.081250
15 0.353365 0.341146 0.034615 0.096875
15 0.299519 0.390104 0.059135 0.083333
15 0.266827 0.415885 0.043269 0.076563
15 0.228005 0.456250 0.039663 0.093750
15 0.179928 0.461719 0.060337 0.084896
15 0.171394 0.512240 0.039423 0.056771
15 0.183293 0.388021 0.060337 0.132292
15 0.243389 0.366927 0.071875 0.076563
15 0.249399 0.284896 0.076683 0.103125
15 0.312260 0.284115 0.052885 0.121354
15 0.325841 0.182031 0.035337 0.102604
15 0.345433 0.115885 0.038462 0.098437
15 0.378365 0.128906 0.024519 0.081771
15 0.413702 0.088802 0.057212 0.088021
15 0.420793 0.153646 0.042067 0.069792
15 0.422115 0.024740 0.022596 0.025521
15 0.384375 0.041406 0.052885 0.080729
15 0.355769 0.021094 0.018269 0.041146
15 0.331370 0.038281 0.022837 0.075521
15 0.298438 0.047917 0.056010 0.094792
15 0.289183 0.090625 0.062019 0.070833
15 0.280529 0.192708 0.057212 0.137500
15 0.235216 0.193490 0.044471 0.083854
15 0.198798 0.278385 0.033654 0.133854
15 0.183293 0.246615 0.034375 0.123438
15 0.152764 0.361198 0.029567 0.120313
15 0.138341 0.266406 0.053125 0.083854
15 0.144231 0.194792 0.048077 0.071875
15 0.179207 0.134115 0.039663 0.103646
15 0.218510 0.123438 0.053365 0.068750
15 0.260937 0.043229 0.031490 0.085417
15 0.224639 0.047656 0.046394 0.082812
15 0.189904 0.038281 0.042308 0.075521
15 0.164663 0.040625 0.032212 0.080208
15 0.147236 0.092448 0.043029 0.092188
15 0.094471 0.128906 0.070673 0.096354
15 0.091947 0.225521 0.043990 0.087500
15 0.091707 0.055729 0.081490 0.102083
15 0.026322 0.052604 0.037740 0.084375
15 0.028365 0.158594 0.050000 0.132812
15 0.037139 0.238021 0.046394 0.071875
15 0.058774 0.309635 0.043510 0.089063
15 0.091587 0.302083 0.038942 0.092708
15 0.123317 0.327344 0.036058 0.055729
15 0.103846 0.403385 0.064423 0.103646
15 0.048918 0.413021 0.052163 0.087500
15 0.020553 0.357812 0.038221 0.119792
15 0.130769 0.560417 0.054327 0.144792
15 0.122596 0.496615 0.050000 0.099479
15 0.106611 0.586979 0.029567 0.058333
15 0.082091 0.575781 0.036298 0.085938
15 0.084736 0.492448 0.037740 0.104688
15 0.051803 0.501302 0.031971 0.095312
15 0.026803 0.530208 0.034375 0.108333
15 0.051683 0.625000 0.049519 0.116667
15 0.099639 0.652865 0.061779 0.057813
15 0.081130 0.743490 0.052163 0.156771
15 0.045192 0.768229 0.022115 0.107292
15 0.042909 0.872917 0.078606 0.103125
15 0.056971 0.939844 0.055288 0.070312
15 0.032813 0.977083 0.053606 0.045833
