15 0.843750 0.014663 0.110417 0.028846
15 0.768229 0.042548 0.135417 0.060096
15 0.907031 0.053486 0.115104 0.077163
15 0.950260 0.013341 0.099479 0.026202
15 0.981250 0.045553 0.037500 0.029087
15 0.957552 0.095312 0.084896 0.067067
15 0.813542 0.086178 0.073958 0.046394
15 0.884115 0.127284 0.079687 0.053125
15 0.817708 0.151082 0.142708 0.058413
15 0.710156 0.104808 0.140104 0.066346
15 0.598958 0.072957 0.089583 0.070433
15 0.661458 0.033774 0.090625 0.056010
15 0.676823 0.070553 0.061979 0.028606
15 0.969792 0.156851 0.052083 0.041106
15 0.920833 0.191707 0.125000 0.064183
15 0.826562 0.220913 0.063542 0.066346
15 0.886719 0.244952 0.096354 0.030769
15 0.970573 0.245793 0.058854 0.052163
15 0.981250 0.301923 0.037500 0.054327
15 0.951823 0.344832 0.090104 0.071394
15 0.897656 0.282091 0.133854 0.037740
15 0.817708 0.268149 0.065625 0.049760
15 0.759635 0.308173 0.113021 0.060096
15 0.677604 0.327644 0.065625 0.061058
15 0.759115 0.349399 0.081771 0.031490
15 0.843750 0.354207 0.090625 0.085817
15 0.731510 0.269832 0.121354 0.037260
15 0.772656 0.219471 0.108854 0.056731
15 0.660417 0.185697 0.147917 0.071394
15 0.566146 0.232933 0.095833 0.050481
15 0.632552 0.268149 0.099479 0.064663
15 0.528646 0.141466 0.186458 0.060817
15 0.492969 0.199038 0.110937 0.057692
15 0.602604 0.207332 0.102083 0.052163
15 0.454948 0.259255 0.099479 0.053606
15 0.521875 0.281250 0.103125 0.059615
15 0.567187 0.323558 0.129167 0.050000
15 0.623177 0.356851 0.063021 0.037740
15 0.712500 0.383413 0.105208 0.048558
15 0.794531 0.409615 0.069271 0.071154
15 0.878646 0.419471 0.120833 0.057692
15 0.920052 0.376923 0.081771 0.033654
15 0.963021 0.426202 0.073958 0.063942
15 0.901823 0.471514 0.145313 0.040625
15 0.796615 0.470192 0.082812 0.037019
15 0.729948 0.435216 0.066146 0.052163
15 0.618750 0.417428 0.128125 0.060817
15 0.536198 0.379207 0.141146 0.065144
15 0.439844 0.362260 0.121354 0.060577
15 0.359375 0.349519 0.102083 0.068269
15 0.287760 0.374760 0.108854 0.058654
15 0.386198 0.416947 0.090104 0.054567
15 0.477083 0.443149 0.120833 0.066106
15 0.579688 0.472716 0.082292 0.068029
15 0.678385 0.471755 0.089063 0.066106
15 0.764323 0.496034 0.115104 0.060817
15 0.327344 0.146514 0.185938 0.070433
15 0.266667 0.195072 0.107292 0.043510
15 0.400000 0.232572 0.125000 0.093510
15 0.294792 0.230048 0.096875 0.045673
15 0.297656 0.272716 0.173437 0.042548
15 0.309375 0.317548 0.134375 0.060096
15 0.180990 0.307452 0.111979 0.051923
15 0.205990 0.256851 0.108854 0.043029
15 0.113281 0.248438 0.093229 0.066106
15 0.161198 0.201563 0.092188 0.054567
15 0.136458 0.141466 0.103125 0.069471
15 0.234115 0.119351 0.096354 0.055529
15 0.064844 0.099880 0.128646 0.042548
15 0.140885 0.036178 0.150521 0.071875
15 0.053906 0.164062 0.094271 0.045433
15 0.054688 0.208413 0.108333 0.049038
15 0.040625 0.263221 0.080208 0.050481
15 0.064323 0.307212 0.127604 0.051442
15 0.145573 0.341827 0.084896 0.040385
15 0.056250 0.364543 0.109375 0.044952
15 0.170052 0.378365 0.152604 0.076442
15 0.230990 0.424399 0.116146 0.063702
15 0.307292 0.429688 0.073958 0.046875
15 0.065365 0.419351 0.095312 0.066587
15 0.053906 0.462019 0.096354 0.037500
15 0.164844 0.471034 0.140104 0.064663
15 0.329167 0.475601 0.176042 0.040625
15 0.382552 0.514423 0.120313 0.049038
15 0.495573 0.516106 0.120313 0.084615
15 0.271094 0.516346 0.114062 0.040865
15 0.168490 0.525841 0.108854 0.051202
15 0.059115 0.505409 0.117188 0.055048
15 0.013542 0.550361 0.026042 0.031010
15 0.084635 0.564423 0.117188 0.061058
15 0.204167 0.576562 0.104167 0.066587
15 0.318750 0.553125 0.120833 0.031731
15 0.419010 0.575601 0.123438 0.052644
15 0.300260 0.603365 0.098437 0.060096
15 0.442448 0.610938 0.154688 0.056010
15 0.583594 0.543630 0.090104 0.065625
15 0.672656 0.531250 0.088021 0.048077
15 0.627344 0.574880 0.119271 0.031010
15 0.705469 0.586659 0.123438 0.041587
15 0.827604 0.531250 0.113542 0.072115
15 0.783594 0.565144 0.099479 0.054808
15 0.878125 0.566466 0.062500 0.031971
15 0.929948 0.525601 0.089063 0.063702
15 0.982552 0.532212 0.034896 0.047596
15 0.970052 0.579808 0.059896 0.036058
15 0.973698 0.621755 0.052604 0.050721
15 0.916146 0.605288 0.106250 0.042788
15 0.802083 0.616587 0.132292 0.047115
15 0.902604 0.654567 0.107292 0.047115
15 0.935156 0.709856 0.129688 0.044712
15 0.817969 0.673558 0.094271 0.062019
15 0.720313 0.658053 0.101042 0.045913
15 0.717448 0.621755 0.056771 0.025721
15 0.629427 0.618750 0.113021 0.050481
15 0.632812 0.672115 0.097917 0.056250
15 0.548438 0.694351 0.104167 0.073798
15 0.519531 0.642788 0.118229 0.049519
15 0.390365 0.686298 0.133854 0.057692
15 0.439063 0.708774 0.131250 0.086779
15 0.304688 0.735096 0.146875 0.037981
15 0.241146 0.766466 0.110417 0.039663
15 0.275781 0.690625 0.099479 0.052885
15 0.316667 0.652764 0.151042 0.041587
15 0.213021 0.635457 0.097917 0.052163
15 0.112500 0.620793 0.109375 0.063702
15 0.029427 0.626442 0.056771 0.052885
15 0.060937 0.676923 0.110417 0.058654
15 0.140625 0.695312 0.157292 0.075721
15 0.193490 0.720673 0.067187 0.034135
15 0.134635 0.752885 0.093229 0.050962
15 0.043750 0.739423 0.086458 0.053365
15 0.038281 0.795793 0.075521 0.058894
15 0.186979 0.803005 0.134375 0.049760
15 0.158854 0.821755 0.156250 0.055048
15 0.076302 0.839183 0.108854 0.048558
15 0.052604 0.879087 0.104167 0.037500
15 0.052344 0.916707 0.103646 0.043510
15 0.189062 0.871635 0.145833 0.035577
15 0.310677 0.871394 0.113021 0.069231
15 0.324219 0.812260 0.133854 0.047115
15 0.372396 0.773438 0.132292 0.045433
15 0.467448 0.808293 0.120313 0.068029
15 0.533594 0.764904 0.150521 0.070673
15 0.647656 0.790024 0.096354 0.064663
15 0.579167 0.821034 0.077083 0.053606
15 0.529167 0.881971 0.105208 0.074038
15 0.381771 0.853966 0.159375 0.053125
15 0.515104 0.918990 0.137500 0.073077
15 0.660417 0.863702 0.148958 0.069712
15 0.791146 0.866947 0.126042 0.064183
15 0.843490 0.828846 0.145313 0.045192
15 0.924479 0.878606 0.151042 0.072596
15 0.957552 0.803125 0.084896 0.049038
15 0.851823 0.783053 0.141146 0.065625
15 0.954167 0.828846 0.082292 0.027885
15 0.966146 0.741947 0.067708 0.028606
15 0.972656 0.769712 0.054688 0.021154
15 0.679948 0.722115 0.111979 0.061058
15 0.746615 0.775240 0.091146 0.075000
15 0.833073 0.734856 0.118229 0.046635
15 0.764583 0.706611 0.098958 0.043990
15 0.769792 0.916106 0.132292 0.059615
15 0.258073 0.918750 0.150521 0.062500
15 0.043750 0.970313 0.084375 0.059375
15 0.264062 0.992308 0.084375 0.015385
15 0.385417 0.963582 0.100000 0.062260
15 0.509115 0.975000 0.160938 0.045192
15 0.658073 0.942668 0.142187 0.057933
15 0.686458 0.984255 0.107292 0.031490
15 0.802083 0.976442 0.104167 0.046154
15 0.890104 0.947957 0.126042 0.063221
15 0.977083 0.937260 0.045833 0.039423
15 0.952604 0.980168 0.094792 0.030048
15 0.986198 0.865385 0.027604 0.034135
