15 0.977885 0.037500 0.044231 0.066667
15 0.987139 0.109375 0.025721 0.106250
15 0.952764 0.130469 0.054087 0.077604
15 0.961779 0.211719 0.067788 0.079687
15 0.982692 0.290365 0.034615 0.119271
15 0.944952 0.288542 0.043750 0.106250
15 0.896635 0.311198 0.071154 0.098437
15 0.890024 0.238542 0.064183 0.052083
15 0.888341 0.211719 0.045913 0.147396
15 0.889423 0.153125 0.072596 0.073958
15 0.915264 0.066406 0.064663 0.088021
15 0.927163 0.011458 0.058173 0.021875
15 0.866226 0.071094 0.055048 0.129688
15 0.831010 0.038542 0.037981 0.071875
15 0.803486 0.130469 0.050240 0.130729
15 0.792788 0.045573 0.039423 0.090104
15 0.753486 0.046875 0.045433 0.092708
15 0.744111 0.119792 0.046875 0.083333
15 0.756971 0.203125 0.041827 0.102083
15 0.818630 0.229167 0.066587 0.093750
15 0.837380 0.300781 0.050721 0.084896
15 0.860938 0.398438 0.050721 0.145833
15 0.915865 0.415885 0.054808 0.097396
15 0.950841 0.476042 0.045913 0.134375
15 0.985337 0.392708 0.029327 0.092708
15 0.983173 0.476823 0.033654 0.089063
15 0.953486 0.577344 0.087740 0.098437
15 0.897236 0.547917 0.036779 0.102083
15 0.899279 0.484896 0.046635 0.075000
15 0.851202 0.547917 0.047596 0.083333
15 0.833413 0.455729 0.044712 0.089583
15 0.805048 0.521094 0.048077 0.120313
15 0.766226 0.420573 0.055048 0.133854
15 0.810937 0.350521 0.046875 0.114583
15 0.768750 0.309375 0.038462 0.094792
15 0.731490 0.330469 0.048558 0.088021
15 0.694111 0.410156 0.040144 0.078646
15 0.727043 0.439063 0.026683 0.062500
15 0.689063 0.509115 0.050240 0.100521
15 0.650721 0.478906 0.033173 0.086979
15 0.665865 0.395052 0.025962 0.078646
15 0.631130 0.389583 0.037740 0.125000
15 0.650000 0.305469 0.048077 0.091146
15 0.692909 0.323958 0.036298 0.086458
15 0.707572 0.260937 0.078606 0.073958
15 0.660577 0.201302 0.058173 0.096354
15 0.714663 0.182552 0.043750 0.068229
15 0.696514 0.105990 0.060817 0.078646
15 0.654087 0.100000 0.057212 0.125000
15 0.712019 0.028906 0.033173 0.056771
15 0.671995 0.033594 0.040625 0.066146
15 0.631971 0.044010 0.032212 0.086979
15 0.595313 0.099740 0.044471 0.108854
15 0.581250 0.037500 0.062981 0.073958
15 0.555769 0.129167 0.033654 0.125000
15 0.889784 0.636458 0.045433 0.110417
15 0.930288 0.663542 0.056250 0.073958
15 0.974399 0.658073 0.044952 0.088021
15 0.962861 0.759635 0.041106 0.122396
15 0.978846 0.834896 0.037981 0.180208
15 0.988582 0.736198 0.021875 0.077604
15 0.921514 0.777604 0.041587 0.126042
15 0.871755 0.737240 0.059856 0.111979
15 0.878726 0.827344 0.042548 0.086979
15 0.916346 0.870313 0.033654 0.040625
15 0.946875 0.868490 0.024038 0.076563
15 0.984014 0.963802 0.031010 0.072396
15 0.941707 0.951042 0.055529 0.097917
15 0.901202 0.950521 0.039423 0.098958
15 0.859495 0.897396 0.044952 0.094792
15 0.854087 0.971875 0.048077 0.056250
15 0.815144 0.946875 0.044712 0.106250
15 0.794111 0.869010 0.042067 0.128646
15 0.834615 0.810677 0.042308 0.133854
15 0.808173 0.756771 0.047115 0.070833
15 0.800962 0.671875 0.044231 0.081250
15 0.852524 0.649740 0.041587 0.090104
15 0.807933 0.607292 0.044231 0.057292
15 0.754567 0.526042 0.052885 0.102083
15 0.762019 0.621354 0.033654 0.112500
15 0.725240 0.581771 0.054808 0.158333
15 0.712139 0.632812 0.048317 0.095833
15 0.757692 0.693750 0.045192 0.052083
15 0.758293 0.746354 0.058894 0.093750
15 0.768870 0.808333 0.050240 0.052083
15 0.757212 0.876042 0.048558 0.096875
15 0.713702 0.776563 0.039904 0.110417
15 0.698197 0.691146 0.036298 0.057292
15 0.664303 0.706771 0.042548 0.077083
15 0.665986 0.602083 0.042067 0.114583
15 0.620072 0.659635 0.040625 0.110937
15 0.624159 0.526563 0.041106 0.128125
15 0.583774 0.607552 0.049760 0.088021
15 0.581130 0.536979 0.043990 0.104167
15 0.598197 0.433333 0.036779 0.101042
15 0.560096 0.419271 0.032692 0.114583
15 0.606130 0.200781 0.046394 0.103646
15 0.632812 0.243490 0.052644 0.093229
15 0.577043 0.240885 0.046875 0.085938
15 0.574639 0.311719 0.055529 0.086979
15 0.596635 0.343490 0.028846 0.065104
15 0.523558 0.368229 0.044712 0.064583
15 0.528125 0.303385 0.053365 0.101562
15 0.518389 0.207813 0.055048 0.103125
15 0.522716 0.123698 0.040144 0.106771
15 0.490625 0.272396 0.035096 0.098958
15 0.520913 0.377344 0.038942 0.054688
15 0.470433 0.352083 0.062981 0.138542
15 0.472837 0.481250 0.062500 0.126042
15 0.526563 0.455208 0.048798 0.116667
15 0.537740 0.524219 0.039904 0.088021
15 0.492428 0.615625 0.021875 0.125000
15 0.518750 0.645052 0.061058 0.165104
15 0.549880 0.625000 0.018510 0.113542
15 0.580288 0.731250 0.042308 0.135417
15 0.571755 0.764583 0.042067 0.145833
15 0.622236 0.759115 0.043510 0.076563
15 0.627644 0.836979 0.062019 0.082292
15 0.684495 0.798438 0.047356 0.129167
15 0.664904 0.820833 0.023077 0.084375
15 0.729327 0.918229 0.056250 0.160417
15 0.772957 0.964844 0.033413 0.070312
15 0.694351 0.925781 0.030048 0.103646
15 0.661659 0.908333 0.045913 0.085417
15 0.656971 0.975260 0.050000 0.049479
15 0.615385 0.963542 0.034615 0.063542
15 0.611418 0.902865 0.037740 0.049479
15 0.581010 0.936198 0.039904 0.127604
15 0.582091 0.847917 0.036779 0.065625
15 0.540385 0.880208 0.041346 0.120833
15 0.511298 0.934115 0.052885 0.105729
15 0.537500 0.985156 0.036538 0.029687
15 0.471154 0.925781 0.049038 0.145313
15 0.435457 0.919531 0.054567 0.079687
15 0.463462 0.819010 0.035577 0.102604
15 0.493870 0.827344 0.023317 0.083854
15 0.520913 0.804167 0.040865 0.064583
15 0.526082 0.730469 0.046875 0.083854
15 0.479207 0.732292 0.031010 0.107292
15 0.458534 0.678646 0.036298 0.110417
15 0.421995 0.769271 0.053125 0.094792
15 0.400481 0.825781 0.034615 0.079687
15 0.380168 0.903385 0.075240 0.082812
15 0.396755 0.970313 0.055529 0.059375
15 0.364063 0.830469 0.038221 0.086979
15 0.366106 0.756771 0.046635 0.085417
15 0.328606 0.857812 0.039423 0.138542
15 0.342187 0.948958 0.047356 0.096875
15 0.284375 0.971615 0.065865 0.056771
15 0.237620 0.969531 0.030529 0.060937
15 0.203606 0.958854 0.050000 0.082292
15 0.170673 0.938542 0.049038 0.093750
15 0.138341 0.982812 0.040625 0.034375
15 0.250120 0.889062 0.041106 0.132292
15 0.287861 0.883854 0.038221 0.145833
15 0.311418 0.769792 0.051202 0.104167
15 0.437740 0.608594 0.048558 0.098437
15 0.477524 0.563281 0.053606 0.088021
15 0.430048 0.544531 0.031731 0.026562
15 0.414784 0.641406 0.041106 0.157812
15 0.360817 0.633073 0.055769 0.091146
15 0.310697 0.674219 0.071875 0.104688
15 0.280769 0.740104 0.027404 0.114583
15 0.249639 0.744010 0.031010 0.127604
15 0.211538 0.747396 0.054808 0.148958
15 0.214303 0.861458 0.046875 0.116667
15 0.169712 0.835417 0.042788 0.105208
15 0.122596 0.869010 0.050481 0.063021
15 0.084135 0.844271 0.047596 0.096875
15 0.136538 0.780469 0.064423 0.121354
15 0.180288 0.699479 0.040865 0.103125
15 0.165144 0.613802 0.050481 0.147396
15 0.108894 0.643229 0.069231 0.117708
15 0.093149 0.741406 0.033894 0.116146
15 0.138341 0.701042 0.033894 0.035417
15 0.394231 0.540365 0.064904 0.092188
15 0.344351 0.512500 0.036298 0.090625
15 0.315625 0.571615 0.059615 0.113021
15 0.249279 0.617188 0.078365 0.090625
15 0.262981 0.531771 0.042788 0.084375
15 0.281250 0.460417 0.058173 0.120833
15 0.323437 0.450781 0.028606 0.128646
15 0.357933 0.423958 0.043750 0.091667
15 0.390144 0.449740 0.050481 0.102604
15 0.437981 0.469271 0.044712 0.120833
15 0.429688 0.359115 0.033894 0.096354
15 0.399279 0.367448 0.029327 0.068229
15 0.350962 0.337500 0.032692 0.101042
15 0.382572 0.278125 0.041106 0.158333
15 0.419591 0.278906 0.039663 0.099479
15 0.418389 0.195833 0.053606 0.081250
15 0.457332 0.269792 0.034375 0.066667
15 0.464303 0.180208 0.040144 0.110417
15 0.481490 0.114583 0.031250 0.047917
15 0.447356 0.099740 0.066827 0.118229
15 0.483293 0.045833 0.039183 0.090625
15 0.528005 0.028385 0.056971 0.055729
15 0.438822 0.045573 0.043990 0.043229
15 0.440264 0.012240 0.045433 0.023438
15 0.389062 0.027865 0.061298 0.054688
15 0.393510 0.101042 0.045673 0.095833
15 0.369712 0.158594 0.041827 0.093229
15 0.328125 0.236719 0.061058 0.104688
15 0.358413 0.217708 0.033173 0.058333
15 0.309736 0.160677 0.060817 0.080729
15 0.341827 0.091406 0.046635 0.104688
15 0.317909 0.018229 0.057452 0.035417
15 0.316947 0.017448 0.027163 0.033854
15 0.290024 0.084896 0.068029 0.088542
15 0.263822 0.022656 0.052163 0.044271
15 0.233293 0.085938 0.044471 0.142708
15 0.221995 0.217969 0.047356 0.129688
15 0.262740 0.229948 0.043269 0.093229
15 0.302284 0.252083 0.035817 0.102083
15 0.299279 0.353646 0.049519 0.108333
15 0.339543 0.342187 0.031010 0.097917
15 0.202524 0.059635 0.024760 0.095312
15 0.182091 0.050000 0.038221 0.098958
15 0.186178 0.134375 0.063221 0.079167
15 0.206851 0.174219 0.045433 0.095312
15 0.200120 0.276823 0.043510 0.097396
15 0.250120 0.325260 0.056490 0.102604
15 0.213582 0.385156 0.049279 0.085938
15 0.238462 0.446094 0.024038 0.074479
15 0.213822 0.505729 0.056971 0.134375
15 0.159375 0.478125 0.053365 0.111458
15 0.103365 0.515365 0.051442 0.078646
15 0.130168 0.566927 0.036779 0.053646
15 0.110697 0.422656 0.050721 0.113021
15 0.143990 0.387760 0.040385 0.091146
15 0.173317 0.337760 0.047596 0.104688
15 0.158894 0.225521 0.037981 0.123958
15 0.120673 0.197135 0.036538 0.117188
15 0.109375 0.300260 0.065865 0.116146
15 0.080409 0.266927 0.021875 0.052604
15 0.140505 0.091146 0.043510 0.076042
15 0.123558 0.050781 0.045192 0.100521
15 0.097476 0.091406 0.029087 0.147396
15 0.145433 0.016406 0.014423 0.031771
15 0.058413 0.114323 0.063462 0.160938
15 0.069351 0.200260 0.057933 0.073438
15 0.030288 0.320312 0.045192 0.166667
15 0.062139 0.394531 0.068029 0.143229
15 0.040024 0.470833 0.061779 0.090625
15 0.061659 0.556771 0.047356 0.121875
15 0.024159 0.619792 0.041106 0.127083
15 0.056250 0.665104 0.043750 0.113542
15 0.058534 0.763281 0.032933 0.101562
15 0.034014 0.790104 0.043510 0.107292
15 0.056130 0.938281 0.052163 0.084896
15 0.117668 0.941406 0.073317 0.099479
