15 0.911538 0.040885 0.065865 0.080729
15 0.879808 0.240625 0.065385 0.157292
15 0.883293 0.369010 0.064663 0.118229
15 0.893990 0.483854 0.068750 0.129167
15 0.858654 0.576823 0.077404 0.086979
15 0.811298 0.518490 0.048077 0.086979
15 0.840264 0.440885 0.053606 0.154688
15 0.829808 0.320052 0.044231 0.130729
15 0.774159 0.442708 0.050240 0.121875
15 0.772115 0.583854 0.052885 0.160417
15 0.815385 0.660156 0.056250 0.142187
15 0.854087 0.668229 0.038942 0.103125
15 0.939543 0.715104 0.079087 0.122917
15 0.954928 0.830990 0.079567 0.148438
15 0.891346 0.801823 0.038942 0.129688
15 0.847837 0.792448 0.043750 0.128646
15 0.799880 0.824740 0.056010 0.181771
15 0.813101 0.918229 0.041587 0.084375
15 0.780769 0.969531 0.019712 0.056771
15 0.746514 0.975260 0.044471 0.049479
15 0.759736 0.900000 0.031010 0.135417
15 0.752043 0.774479 0.038221 0.072917
15 0.753245 0.687500 0.056490 0.102083
15 0.708654 0.751302 0.043269 0.118229
15 0.724519 0.857031 0.052885 0.111979
15 0.696875 0.939844 0.048558 0.110937
15 0.664784 0.857031 0.056971 0.156771
15 0.644471 0.951562 0.054808 0.073958
15 0.630649 0.978646 0.042067 0.042708
15 0.598077 0.973437 0.018750 0.045833
15 0.618269 0.873698 0.019712 0.055729
15 0.603005 0.791667 0.045913 0.104167
15 0.577524 0.751823 0.050240 0.091146
15 0.557452 0.841146 0.039904 0.104167
15 0.587861 0.900260 0.052644 0.116146
15 0.557091 0.982031 0.050240 0.035937
15 0.550000 0.931250 0.038942 0.054167
15 0.508293 0.921354 0.043510 0.092708
15 0.499279 0.986719 0.052885 0.026562
15 0.517668 0.812500 0.037260 0.098958
15 0.543870 0.721094 0.044952 0.106771
15 0.590264 0.671875 0.041587 0.077083
15 0.615986 0.616146 0.060817 0.075000
15 0.686418 0.648177 0.071394 0.092188
15 0.652764 0.733073 0.065144 0.107813
15 0.713942 0.584375 0.055288 0.083333
15 0.660577 0.549219 0.053846 0.109896
15 0.607091 0.515625 0.045433 0.152083
15 0.561899 0.530729 0.046875 0.101042
15 0.530889 0.606510 0.041587 0.110937
15 0.493029 0.710156 0.070673 0.107813
15 0.477043 0.829948 0.039663 0.108854
15 0.456370 0.939323 0.053125 0.121354
15 0.748197 0.348438 0.068990 0.090625
15 0.708413 0.429427 0.062019 0.167187
15 0.657091 0.421094 0.034375 0.118229
15 0.701202 0.288281 0.048558 0.127604
15 0.730529 0.219531 0.041346 0.130729
15 0.770673 0.186198 0.058173 0.122396
15 0.791947 0.244271 0.060337 0.138542
15 0.755409 0.116927 0.054567 0.057813
15 0.696394 0.139844 0.042308 0.129688
15 0.653846 0.185677 0.066346 0.098437
15 0.651683 0.281510 0.050000 0.161979
15 0.601442 0.339844 0.056731 0.070312
15 0.579567 0.427604 0.051442 0.097917
15 0.548558 0.377083 0.058654 0.103125
15 0.522356 0.430990 0.034135 0.096354
15 0.519471 0.512240 0.034615 0.066146
15 0.485817 0.575260 0.054808 0.175521
15 0.460817 0.508854 0.027885 0.127083
15 0.477885 0.406250 0.039904 0.140625
15 0.500962 0.307552 0.053365 0.093229
15 0.531851 0.214583 0.044471 0.148958
15 0.580409 0.233073 0.044471 0.163021
15 0.554207 0.297917 0.028125 0.044792
15 0.609856 0.240885 0.025000 0.099479
15 0.602885 0.145313 0.059135 0.059375
15 0.651082 0.079948 0.053606 0.106771
15 0.690144 0.040104 0.055769 0.079167
15 0.746394 0.027083 0.059615 0.053125
15 0.642428 0.017969 0.040144 0.034896
15 0.598918 0.059375 0.051683 0.111458
15 0.558413 0.036719 0.034615 0.072396
15 0.517788 0.035677 0.045673 0.070312
15 0.498197 0.116406 0.056010 0.129688
15 0.490144 0.220833 0.039423 0.083333
15 0.452163 0.152344 0.047115 0.104688
15 0.461779 0.051302 0.047115 0.098437
15 0.418029 0.059896 0.042308 0.118750
15 0.460216 0.255208 0.043029 0.139583
15 0.418029 0.226042 0.034615 0.180208
15 0.379928 0.187500 0.042548 0.166667
15 0.352885 0.331510 0.042308 0.104688
15 0.390505 0.354167 0.049760 0.117708
15 0.430168 0.383594 0.050721 0.129688
15 0.429928 0.487760 0.042067 0.124479
15 0.419111 0.641927 0.076683 0.171354
15 0.426563 0.778646 0.060337 0.120833
15 0.424038 0.874479 0.069712 0.093750
15 0.353726 0.825260 0.075240 0.100521
15 0.355769 0.906510 0.053846 0.074479
15 0.358654 0.727604 0.061538 0.129167
15 0.376923 0.621354 0.043750 0.081250
15 0.323558 0.649219 0.063942 0.143229
15 0.354207 0.552083 0.052644 0.094792
15 0.381971 0.500260 0.059615 0.086979
15 0.386538 0.430729 0.032212 0.043750
15 0.320433 0.431510 0.092308 0.150521
15 0.281250 0.556250 0.049038 0.117708
15 0.277163 0.669531 0.050000 0.115104
15 0.260457 0.722396 0.052163 0.156250
15 0.302644 0.791667 0.048077 0.141667
15 0.296755 0.900000 0.055048 0.200000
15 0.339062 0.973958 0.035817 0.052083
15 0.385577 0.966406 0.051442 0.067187
15 0.242188 0.900781 0.052163 0.123438
15 0.260937 0.978385 0.029567 0.043229
15 0.228846 0.980469 0.030288 0.039062
15 0.203005 0.862500 0.046394 0.144792
15 0.194591 0.955469 0.045433 0.076563
15 0.133654 0.882031 0.071635 0.182812
15 0.102163 0.944792 0.063462 0.110417
15 0.143389 0.759896 0.074760 0.089583
15 0.203486 0.720833 0.064183 0.128125
15 0.159495 0.648698 0.052163 0.152604
15 0.218870 0.622917 0.048798 0.059375
15 0.208534 0.567448 0.065144 0.102604
15 0.244832 0.542448 0.027644 0.131771
15 0.186298 0.521615 0.025962 0.090104
15 0.145553 0.544792 0.062260 0.089583
15 0.227163 0.465625 0.064423 0.093750
15 0.261418 0.334375 0.065144 0.194792
15 0.188582 0.431250 0.065144 0.096875
15 0.142788 0.466927 0.063942 0.070312
15 0.084736 0.483594 0.063221 0.146354
15 0.050601 0.420052 0.049279 0.114062
15 0.035337 0.271094 0.057692 0.120313
15 0.111538 0.352865 0.051923 0.123438
15 0.177404 0.329688 0.068269 0.129167
15 0.147596 0.386979 0.021635 0.066667
15 0.210697 0.266406 0.036779 0.082812
15 0.224639 0.339062 0.031971 0.089583
15 0.164183 0.202083 0.036538 0.133333
15 0.141947 0.268229 0.025721 0.093750
15 0.111779 0.238802 0.035577 0.123438
15 0.141346 0.146615 0.050481 0.130729
15 0.192909 0.167708 0.039663 0.103125
15 0.275962 0.194531 0.037019 0.090104
15 0.316346 0.186979 0.062019 0.108333
15 0.344952 0.255729 0.046154 0.091667
15 0.303966 0.284375 0.027163 0.088542
15 0.348317 0.134635 0.044231 0.119271
15 0.280889 0.109115 0.052163 0.076563
15 0.239063 0.149479 0.056971 0.208333
15 0.190505 0.068750 0.071394 0.091667
15 0.172115 0.020833 0.051442 0.040625
15 0.247957 0.029687 0.043990 0.058333
15 0.274399 0.035677 0.031971 0.070312
15 0.311298 0.055208 0.050962 0.109375
15 0.349038 0.039062 0.030288 0.070833
15 0.381611 0.065625 0.042548 0.114583
