15 0.978125 0.172396 0.042788 0.144792
15 0.960697 0.313542 0.042067 0.112500
15 0.992548 0.301823 0.014904 0.100521
15 0.989543 0.466406 0.020913 0.142187
15 0.961538 0.501563 0.040385 0.138542
15 0.983654 0.630208 0.032692 0.145833
15 0.938822 0.606510 0.047356 0.130729
15 0.944591 0.216146 0.045913 0.111458
15 0.899760 0.283594 0.062019 0.096354
15 0.917788 0.379167 0.059615 0.110417
15 0.919231 0.484896 0.041827 0.115625
15 0.884375 0.450000 0.043269 0.055208
15 0.862740 0.507292 0.074038 0.116667
15 0.866106 0.382812 0.045192 0.086458
15 0.828125 0.340625 0.054327 0.181250
15 0.853005 0.280990 0.030048 0.101562
15 0.879808 0.183333 0.044231 0.107292
15 0.836538 0.185677 0.052404 0.119271
15 0.804207 0.192448 0.042548 0.111979
15 0.909014 0.108854 0.046394 0.125000
15 0.906370 0.021094 0.047356 0.041146
15 0.861058 0.061458 0.058654 0.121875
15 0.808173 0.062500 0.051442 0.073958
15 0.774159 0.027604 0.085337 0.054167
15 0.766707 0.125521 0.044471 0.123958
15 0.784135 0.303385 0.026923 0.103646
15 0.761659 0.297656 0.060337 0.082812
15 0.730288 0.158333 0.072115 0.108333
15 0.728125 0.245573 0.062981 0.184896
15 0.725962 0.378646 0.043750 0.106250
15 0.768510 0.420573 0.034615 0.075521
15 0.793149 0.458854 0.063221 0.126042
15 0.714904 0.459115 0.050962 0.099479
15 0.670913 0.382812 0.064423 0.111458
15 0.654327 0.491146 0.050000 0.091667
15 0.622356 0.377344 0.038462 0.129688
15 0.686058 0.533854 0.052404 0.135417
15 0.786058 0.530729 0.078846 0.100000
15 0.833413 0.637760 0.047115 0.123438
15 0.885337 0.613802 0.054808 0.102604
15 0.791707 0.642448 0.040625 0.108854
15 0.739663 0.625521 0.068750 0.215625
15 0.679087 0.642708 0.059135 0.112500
15 0.632452 0.592187 0.052404 0.118750
15 0.590264 0.629687 0.037740 0.134375
15 0.636298 0.687760 0.051442 0.074479
15 0.904327 0.722917 0.069231 0.128125
15 0.974159 0.796875 0.044471 0.167708
15 0.936178 0.810677 0.053606 0.117188
15 0.899760 0.858073 0.050962 0.134896
15 0.940865 0.923438 0.073077 0.098958
15 0.986298 0.954167 0.022115 0.083333
15 0.929327 0.979948 0.065865 0.040104
15 0.860697 0.890625 0.042548 0.114583
15 0.833654 0.915365 0.075481 0.089063
15 0.832692 0.972656 0.056731 0.054688
15 0.778846 0.959635 0.039904 0.080729
15 0.737500 0.976302 0.039904 0.047396
15 0.784255 0.851302 0.076683 0.113021
15 0.827644 0.778385 0.059135 0.133854
15 0.865024 0.771615 0.040625 0.134896
15 0.777043 0.747656 0.062260 0.097396
15 0.722115 0.755208 0.047115 0.116667
15 0.673918 0.759115 0.047356 0.122396
15 0.679808 0.876563 0.052885 0.107292
15 0.691226 0.964063 0.055529 0.071875
15 0.650601 0.969271 0.031010 0.061458
15 0.645913 0.860156 0.028365 0.140104
15 0.606370 0.828125 0.053606 0.096875
15 0.593269 0.752344 0.054808 0.084896
15 0.567308 0.917448 0.102885 0.123438
15 0.618510 0.969531 0.046154 0.060937
15 0.490024 0.963542 0.061298 0.072917
15 0.438341 0.923958 0.059856 0.112500
15 0.397356 0.961198 0.048558 0.077604
15 0.469471 0.859635 0.029327 0.102604
15 0.508774 0.846615 0.060337 0.184896
15 0.543029 0.782813 0.058173 0.148958
15 0.539543 0.635938 0.061298 0.120833
15 0.562139 0.694531 0.030529 0.064062
15 0.487500 0.700000 0.046635 0.126042
15 0.440745 0.740104 0.053606 0.096875
15 0.432332 0.823698 0.046394 0.072396
15 0.382212 0.843229 0.073077 0.129167
15 0.431010 0.652344 0.055769 0.144271
15 0.397596 0.747917 0.032692 0.087500
15 0.366587 0.707031 0.062500 0.125521
15 0.468389 0.634635 0.030048 0.118229
15 0.518870 0.539062 0.068990 0.145833
15 0.593750 0.500781 0.073077 0.138021
15 0.689663 0.264062 0.024519 0.108333
15 0.650841 0.274479 0.069471 0.120833
15 0.584856 0.344531 0.051442 0.142187
15 0.525000 0.373437 0.066827 0.160417
15 0.469111 0.396354 0.042548 0.103125
15 0.432332 0.306510 0.053125 0.109896
15 0.474880 0.225260 0.063702 0.117188
15 0.530288 0.247917 0.043750 0.093750
15 0.594832 0.251823 0.055048 0.130729
15 0.555649 0.159635 0.044952 0.098437
15 0.509976 0.157031 0.047356 0.093229
15 0.631490 0.131250 0.040385 0.118750
15 0.601803 0.117188 0.048798 0.083333
15 0.677163 0.133073 0.063462 0.153646
15 0.717187 0.096094 0.021875 0.054688
15 0.704928 0.036719 0.043510 0.072396
15 0.661659 0.033073 0.037740 0.065104
15 0.603365 0.044792 0.065385 0.088542
15 0.547236 0.051042 0.052163 0.101042
15 0.513702 0.049219 0.022115 0.097396
15 0.470433 0.059115 0.057692 0.116146
15 0.445192 0.127083 0.046635 0.093750
15 0.471154 0.511198 0.053365 0.126562
15 0.413462 0.527604 0.079327 0.159375
15 0.417548 0.432031 0.065865 0.105729
15 0.362500 0.371354 0.074038 0.151042
15 0.350841 0.514323 0.045913 0.150521
15 0.368750 0.596354 0.028846 0.038542
15 0.320312 0.490104 0.044471 0.117708
15 0.272957 0.504427 0.047837 0.149479
15 0.305409 0.629687 0.079087 0.125000
15 0.296755 0.402604 0.047837 0.108333
15 0.324519 0.359635 0.021635 0.081771
15 0.390385 0.320052 0.037981 0.109896
15 0.345433 0.241927 0.053365 0.153646
15 0.289663 0.264844 0.051442 0.090104
15 0.401322 0.194010 0.056971 0.141146
15 0.374038 0.086979 0.052885 0.132292
15 0.332091 0.103385 0.047356 0.105729
15 0.401082 0.054427 0.050721 0.107813
15 0.341707 0.027604 0.053125 0.054167
15 0.287139 0.054427 0.045433 0.075521
15 0.291226 0.155469 0.065625 0.117188
15 0.260697 0.034635 0.054087 0.068229
15 0.238462 0.058073 0.028846 0.075521
15 0.209135 0.048958 0.035577 0.096875
15 0.176202 0.086458 0.046154 0.097917
15 0.201923 0.141146 0.061538 0.102083
15 0.210938 0.221094 0.047356 0.061979
15 0.242668 0.269792 0.033894 0.130208
15 0.269952 0.340625 0.045192 0.106250
15 0.192788 0.343750 0.079327 0.104167
15 0.172476 0.261719 0.075721 0.073438
15 0.160337 0.189844 0.036538 0.075521
15 0.147716 0.095833 0.033894 0.104167
15 0.136779 0.032292 0.054808 0.063542
15 0.107813 0.096354 0.054087 0.170833
15 0.091707 0.173437 0.051202 0.125000
15 0.121755 0.260417 0.033894 0.075000
15 0.086058 0.317448 0.066827 0.177604
15 0.129688 0.354167 0.049279 0.094792
15 0.035457 0.322917 0.046394 0.101042
15 0.069712 0.026562 0.031250 0.052083
15 0.027043 0.028125 0.043990 0.047917
15 0.056250 0.097135 0.048558 0.105729
15 0.034014 0.213281 0.058894 0.143229
15 0.009255 0.302344 0.018029 0.116146
15 0.037620 0.411719 0.055529 0.089063
15 0.024399 0.487500 0.046875 0.055208
15 0.066106 0.482031 0.040385 0.103646
15 0.118630 0.479948 0.073798 0.139063
15 0.191346 0.458594 0.083173 0.133854
15 0.219471 0.516406 0.042308 0.053646
15 0.226442 0.616667 0.075962 0.201042
15 0.177524 0.563281 0.031490 0.076563
15 0.128846 0.564844 0.057212 0.067187
15 0.079928 0.606771 0.046394 0.145833
15 0.037500 0.603125 0.043750 0.163542
15 0.013101 0.585938 0.025721 0.137500
15 0.126322 0.650000 0.047356 0.098958
15 0.175120 0.676562 0.059856 0.147917
15 0.175000 0.751042 0.030288 0.076042
15 0.260697 0.727865 0.086779 0.148438
15 0.293510 0.796875 0.038462 0.081250
15 0.329327 0.798698 0.041827 0.172396
15 0.254087 0.867188 0.052885 0.125000
15 0.295913 0.914323 0.073077 0.145313
15 0.353365 0.952083 0.063942 0.095833
15 0.265385 0.970052 0.047596 0.059896
15 0.214062 0.935156 0.044952 0.070312
15 0.216346 0.985677 0.042788 0.028646
15 0.173918 0.883594 0.065144 0.149479
15 0.161058 0.973698 0.041827 0.052604
15 0.116346 0.888802 0.063942 0.102604
15 0.107572 0.980208 0.036779 0.039583
15 0.056490 0.954167 0.061538 0.091667
15 0.065865 0.812760 0.062019 0.133854
15 0.126442 0.769792 0.068269 0.131250
15 0.077764 0.707812 0.056010 0.085417
15 0.025601 0.838281 0.050721 0.147396
15 0.011298 0.947396 0.022115 0.062500
15 0.021034 0.984375 0.034375 0.031250
