15 0.947596 0.061719 0.080288 0.122396
15 0.950120 0.195052 0.078606 0.109896
15 0.921875 0.276562 0.091346 0.108333
15 0.954087 0.393490 0.071635 0.106771
15 0.976803 0.528906 0.046394 0.190104
15 0.930048 0.567187 0.069231 0.147917
15 0.895312 0.428646 0.047837 0.154167
15 0.861659 0.354687 0.061779 0.101042
15 0.839183 0.440885 0.050481 0.120313
15 0.873077 0.211198 0.048558 0.096354
15 0.826923 0.148698 0.071635 0.089063
15 0.809615 0.254167 0.078365 0.121875
15 0.757212 0.330208 0.064423 0.126042
15 0.789423 0.398698 0.062981 0.121354
15 0.749639 0.481510 0.059375 0.122396
15 0.812500 0.507552 0.064904 0.107813
15 0.872356 0.613802 0.054327 0.128646
15 0.898197 0.739844 0.056010 0.131771
15 0.949038 0.775000 0.063462 0.093750
15 0.984736 0.829427 0.030529 0.181771
15 0.824399 0.054167 0.089183 0.107292
15 0.863462 0.030729 0.040865 0.060417
15 0.761058 0.119010 0.054327 0.153646
15 0.709615 0.079687 0.054327 0.100000
15 0.751322 0.017969 0.068510 0.034896
15 0.655769 0.056510 0.039904 0.110937
15 0.654567 0.154167 0.076923 0.095833
15 0.700721 0.210677 0.078846 0.088021
15 0.633534 0.263542 0.056010 0.086458
15 0.694231 0.311198 0.076442 0.110937
15 0.701803 0.396354 0.052163 0.095833
15 0.656010 0.464583 0.059615 0.121875
15 0.602404 0.438802 0.049038 0.134896
15 0.583053 0.315885 0.053125 0.090104
15 0.598077 0.225260 0.063462 0.129688
15 0.572957 0.147917 0.042548 0.088542
15 0.612380 0.075521 0.051683 0.131250
15 0.579567 0.044010 0.041346 0.086979
15 0.733534 0.578125 0.048317 0.117708
15 0.784014 0.590625 0.070433 0.093750
15 0.760577 0.686979 0.050000 0.106250
15 0.811298 0.680990 0.073077 0.128646
15 0.805529 0.773698 0.072115 0.077604
15 0.838101 0.817448 0.072356 0.126562
15 0.775841 0.890365 0.056010 0.101562
15 0.747837 0.818490 0.049038 0.132812
15 0.719111 0.718229 0.050240 0.156250
15 0.688221 0.583073 0.041346 0.121354
15 0.649399 0.613802 0.052644 0.089063
15 0.643750 0.726042 0.080288 0.127083
15 0.592308 0.676823 0.044712 0.128646
15 0.554207 0.634115 0.049279 0.084896
15 0.602284 0.545052 0.064663 0.097396
15 0.593269 0.805469 0.036538 0.130729
15 0.623317 0.876042 0.040385 0.147917
15 0.689423 0.815365 0.080288 0.110937
15 0.675000 0.917448 0.072596 0.105729
15 0.793029 0.957031 0.061538 0.085938
15 0.729207 0.961979 0.062260 0.070833
15 0.671154 0.976302 0.059135 0.047396
15 0.626683 0.978385 0.032692 0.043229
15 0.585337 0.930469 0.041346 0.139063
15 0.537500 0.974219 0.058654 0.051562
15 0.546034 0.896615 0.046394 0.105729
15 0.552284 0.788281 0.050721 0.114062
15 0.511178 0.791146 0.031490 0.083333
15 0.492788 0.911458 0.056250 0.177083
15 0.460216 0.758333 0.062740 0.137500
15 0.442788 0.830990 0.037981 0.092188
15 0.408654 0.903125 0.082692 0.114583
15 0.444591 0.956510 0.039663 0.083854
15 0.381370 0.941667 0.058413 0.092708
15 0.374399 0.822396 0.054567 0.095833
15 0.406250 0.739583 0.046635 0.101042
15 0.371394 0.668229 0.060577 0.120833
15 0.451202 0.615885 0.087500 0.105729
15 0.426202 0.672135 0.028846 0.051562
15 0.499639 0.598437 0.060337 0.081250
15 0.507692 0.695833 0.051442 0.113542
15 0.538462 0.545052 0.047596 0.098437
15 0.485697 0.500260 0.056010 0.113021
15 0.438462 0.516927 0.048077 0.078646
15 0.542428 0.443490 0.070913 0.096354
15 0.455769 0.425000 0.064904 0.063542
15 0.383173 0.485938 0.061058 0.187500
15 0.519111 0.379167 0.059375 0.111458
15 0.532692 0.247135 0.053365 0.148438
15 0.473558 0.315365 0.062981 0.148438
15 0.413101 0.347917 0.047356 0.137500
15 0.422115 0.212500 0.065385 0.134375
15 0.482812 0.179948 0.059375 0.118229
15 0.513341 0.097135 0.070913 0.106771
15 0.541827 0.068229 0.043269 0.091667
15 0.510577 0.017188 0.062981 0.033333
15 0.472356 0.071615 0.033654 0.085938
15 0.456130 0.015885 0.045433 0.030729
15 0.420793 0.073958 0.058894 0.127083
15 0.378005 0.034896 0.048317 0.068750
15 0.367788 0.117708 0.053365 0.130208
15 0.371154 0.293490 0.034135 0.141146
15 0.357933 0.415365 0.045192 0.102604
15 0.305409 0.470052 0.060817 0.097396
15 0.336298 0.553646 0.054808 0.122917
15 0.343389 0.314583 0.047837 0.138542
15 0.321514 0.365885 0.033413 0.093229
15 0.276082 0.392708 0.047837 0.082292
15 0.254567 0.470833 0.040385 0.088542
15 0.287740 0.556250 0.044231 0.067708
15 0.311538 0.643490 0.055288 0.103646
15 0.281731 0.691667 0.037981 0.088542
15 0.321154 0.754948 0.069712 0.122396
15 0.331490 0.889323 0.039423 0.096354
15 0.278005 0.920052 0.057452 0.110937
15 0.265505 0.821094 0.063702 0.078646
15 0.298438 0.981510 0.037260 0.036979
15 0.235337 0.907031 0.035096 0.126562
15 0.208053 0.980990 0.051202 0.038021
15 0.248678 0.981510 0.026202 0.036979
15 0.183173 0.901302 0.052885 0.151562
15 0.209856 0.842187 0.050962 0.081250
15 0.225240 0.708854 0.060577 0.179167
15 0.261178 0.611979 0.039183 0.131250
15 0.220913 0.579427 0.064423 0.138021
15 0.160577 0.680729 0.065385 0.083333
15 0.166827 0.763542 0.056731 0.128125
15 0.137740 0.866146 0.042308 0.066667
15 0.144351 0.959635 0.036298 0.080729
15 0.096635 0.919010 0.061058 0.121354
15 0.108534 0.778125 0.057452 0.147917
15 0.056010 0.833073 0.041346 0.179688
15 0.089303 0.650260 0.061298 0.170313
15 0.155649 0.585677 0.061779 0.096354
15 0.095192 0.486198 0.061058 0.156771
15 0.180889 0.510938 0.059375 0.120833
15 0.038822 0.962240 0.060817 0.075521
15 0.018870 0.889844 0.037260 0.104688
15 0.022356 0.777865 0.044231 0.090104
15 0.032572 0.628646 0.055529 0.160417
15 0.013702 0.544792 0.026923 0.094792
15 0.213341 0.402344 0.080529 0.113021
15 0.155168 0.369531 0.049279 0.176563
15 0.181731 0.273958 0.059615 0.134375
15 0.215024 0.226562 0.053125 0.141667
15 0.258413 0.291146 0.055769 0.122917
15 0.312861 0.262500 0.054567 0.119792
15 0.274519 0.176302 0.061058 0.094271
15 0.328726 0.153906 0.047837 0.099479
15 0.148317 0.221615 0.051442 0.091146
15 0.090505 0.304688 0.074760 0.139583
15 0.047716 0.342448 0.058894 0.180729
15 0.010817 0.352344 0.021154 0.133854
15 0.018870 0.204167 0.037260 0.117708
15 0.024159 0.076302 0.047837 0.151562
15 0.083894 0.088021 0.051923 0.156250
15 0.101442 0.178906 0.041827 0.107813
15 0.152404 0.124740 0.058654 0.113021
15 0.237019 0.094792 0.078365 0.106250
15 0.269591 0.051302 0.060817 0.101562
15 0.321514 0.053125 0.046875 0.105208
