15 0.980288 0.051562 0.039423 0.091667
15 0.989784 0.138281 0.020433 0.084896
15 0.987740 0.242448 0.024519 0.109896
15 0.960817 0.166146 0.051923 0.116667
15 0.929928 0.044531 0.060817 0.079687
15 0.867308 0.087500 0.092308 0.091667
15 0.885216 0.023177 0.050721 0.040104
15 0.850481 0.017188 0.038462 0.033333
15 0.810937 0.044010 0.039183 0.054688
15 0.798918 0.119271 0.048798 0.092708
15 0.810096 0.169010 0.048558 0.110937
15 0.768510 0.151562 0.034135 0.104167
15 0.840625 0.210677 0.036058 0.081771
15 0.901442 0.145052 0.073558 0.114062
15 0.940986 0.225521 0.057452 0.085417
15 0.888942 0.253385 0.033654 0.078646
15 0.850361 0.269792 0.052163 0.153125
15 0.796154 0.283594 0.052885 0.093229
15 0.748317 0.260417 0.054327 0.110417
15 0.728365 0.135937 0.044231 0.132292
15 0.702524 0.273438 0.030048 0.107292
15 0.679327 0.170573 0.042308 0.073438
15 0.708894 0.111198 0.071635 0.116146
15 0.762139 0.049479 0.045913 0.065625
15 0.793750 0.016406 0.044712 0.031771
15 0.728966 0.015104 0.062740 0.029167
15 0.656370 0.073958 0.069471 0.141667
15 0.638341 0.183594 0.048798 0.078646
15 0.621274 0.288021 0.031971 0.103125
15 0.662740 0.283073 0.057692 0.147396
15 0.689183 0.399740 0.043269 0.153646
15 0.727644 0.363802 0.047115 0.118229
15 0.613462 0.037500 0.031731 0.073958
15 0.567668 0.060417 0.062260 0.093750
15 0.537500 0.015885 0.046154 0.030729
15 0.493870 0.053646 0.052163 0.077083
15 0.535337 0.165104 0.057212 0.086458
15 0.587260 0.224219 0.050481 0.081771
15 0.582452 0.129427 0.063462 0.110937
15 0.564183 0.285677 0.059615 0.098437
15 0.519952 0.221875 0.067308 0.112500
15 0.523438 0.366927 0.042548 0.135937
15 0.578365 0.395313 0.072596 0.120833
15 0.645673 0.390885 0.042788 0.084896
15 0.636899 0.450781 0.055529 0.127604
15 0.595192 0.504427 0.036538 0.097396
15 0.560337 0.520312 0.050962 0.115625
15 0.525000 0.491406 0.030769 0.092188
15 0.497236 0.534896 0.045433 0.061458
15 0.486418 0.413281 0.053606 0.126562
15 0.752644 0.451562 0.034135 0.106250
15 0.809736 0.394531 0.088702 0.126562
15 0.886298 0.355208 0.068269 0.100000
15 0.942909 0.313021 0.060337 0.100000
15 0.981010 0.366667 0.037981 0.105208
15 0.981851 0.487240 0.036298 0.168229
15 0.945793 0.403125 0.036779 0.065625
15 0.929688 0.465885 0.072356 0.101562
15 0.865505 0.456510 0.069952 0.068229
15 0.801923 0.515104 0.059615 0.118750
15 0.839663 0.555208 0.031250 0.133333
15 0.877524 0.533854 0.051683 0.111458
15 0.884615 0.624219 0.055288 0.097396
15 0.934736 0.563281 0.064663 0.126562
15 0.980288 0.641406 0.039423 0.143229
15 0.917909 0.741146 0.051202 0.118750
15 0.869952 0.733594 0.040385 0.124479
15 0.825841 0.677083 0.051683 0.122917
15 0.792188 0.702865 0.033894 0.108854
15 0.764183 0.574219 0.030769 0.133854
15 0.717308 0.542448 0.069231 0.163021
15 0.660577 0.573958 0.060577 0.104167
15 0.633053 0.583594 0.023317 0.127604
15 0.607212 0.590625 0.034615 0.094792
15 0.731971 0.691146 0.090865 0.130208
15 0.827885 0.797396 0.048558 0.094792
15 0.871034 0.852083 0.043990 0.096875
15 0.944591 0.870573 0.076202 0.131771
15 0.988702 0.850781 0.022596 0.129688
15 0.956130 0.962760 0.072837 0.074479
15 0.899159 0.953125 0.055048 0.093750
15 0.846514 0.958854 0.073798 0.082292
15 0.798798 0.947396 0.033173 0.105208
15 0.834255 0.891406 0.042067 0.107813
15 0.784014 0.812500 0.043510 0.154167
15 0.731490 0.819271 0.056250 0.090625
15 0.751563 0.898438 0.050240 0.083333
15 0.753966 0.964844 0.053606 0.070312
15 0.713101 0.937240 0.026683 0.116146
15 0.684736 0.879948 0.045433 0.144271
15 0.668630 0.941927 0.056971 0.116146
15 0.625000 0.849740 0.057692 0.148438
15 0.623798 0.955469 0.028846 0.085938
15 0.587861 0.957552 0.037260 0.084896
15 0.548438 0.959115 0.043510 0.076563
15 0.528606 0.884635 0.048558 0.159896
15 0.566707 0.841406 0.050721 0.138021
15 0.542067 0.729167 0.038462 0.097917
15 0.579808 0.697917 0.033654 0.101042
15 0.606370 0.662240 0.057452 0.163021
15 0.655649 0.703906 0.052644 0.166146
15 0.680889 0.758333 0.050240 0.102083
15 0.651563 0.826562 0.028125 0.103125
15 0.550361 0.617708 0.060817 0.137500
15 0.498197 0.621615 0.068510 0.113021
15 0.486178 0.750000 0.071394 0.137500
15 0.445673 0.809375 0.043750 0.097917
15 0.489063 0.877083 0.034375 0.108333
15 0.467909 0.915104 0.069471 0.097917
15 0.458173 0.951562 0.045192 0.096875
15 0.507091 0.978646 0.037740 0.042708
15 0.405889 0.930990 0.053606 0.081771
15 0.402885 0.860677 0.066346 0.091146
15 0.401803 0.767448 0.050721 0.102604
15 0.444351 0.684115 0.060817 0.147396
15 0.399038 0.673958 0.044231 0.065625
15 0.447236 0.560156 0.052163 0.117188
15 0.435457 0.459115 0.054567 0.107813
15 0.418750 0.982031 0.041827 0.035937
15 0.367188 0.968750 0.042067 0.062500
15 0.316947 0.918229 0.066587 0.163542
15 0.273317 0.849219 0.057692 0.144271
15 0.263101 0.967969 0.040144 0.064062
15 0.240986 0.926042 0.034375 0.141667
15 0.338462 0.792448 0.074038 0.120313
15 0.290505 0.753906 0.028606 0.081771
15 0.341707 0.688281 0.065144 0.163021
15 0.397957 0.592708 0.083413 0.125000
15 0.396274 0.514583 0.060337 0.104167
15 0.348918 0.538802 0.030529 0.148438
15 0.319832 0.550260 0.032452 0.089063
15 0.285697 0.624479 0.047837 0.201042
15 0.255769 0.605729 0.037981 0.125000
15 0.249279 0.728906 0.042308 0.122396
15 0.483173 0.306771 0.040385 0.097917
15 0.444351 0.356510 0.042548 0.073438
15 0.397957 0.361198 0.050240 0.144271
15 0.349519 0.358594 0.049519 0.169271
15 0.332452 0.432292 0.038462 0.090625
15 0.283654 0.478385 0.061538 0.110937
15 0.262500 0.357552 0.075481 0.141146
15 0.236899 0.488542 0.047837 0.138542
15 0.311418 0.250521 0.066587 0.165625
15 0.392548 0.228906 0.055288 0.119271
15 0.437380 0.272656 0.055048 0.109896
15 0.451322 0.209896 0.049279 0.070833
15 0.480048 0.149219 0.041346 0.120313
15 0.419351 0.134896 0.043510 0.093750
15 0.355288 0.170052 0.051442 0.078646
15 0.351923 0.244531 0.018269 0.046354
15 0.286659 0.157031 0.062260 0.135937
15 0.249760 0.226823 0.055769 0.102604
15 0.253726 0.122656 0.044471 0.102604
15 0.284255 0.038802 0.043510 0.076563
15 0.352644 0.078646 0.067788 0.128125
15 0.330529 0.035417 0.039904 0.068750
15 0.405409 0.064062 0.036298 0.110417
15 0.442788 0.055469 0.046154 0.109896
15 0.207692 0.087760 0.055769 0.172396
15 0.176563 0.022656 0.053606 0.044271
15 0.135817 0.065104 0.057692 0.125000
15 0.106971 0.143750 0.044712 0.144792
15 0.164183 0.187500 0.059135 0.116667
15 0.195553 0.266146 0.055529 0.166667
15 0.148678 0.345313 0.044952 0.110417
15 0.127404 0.270833 0.045673 0.112500
15 0.077885 0.202865 0.048558 0.132812
15 0.067548 0.298958 0.069231 0.083333
15 0.011058 0.252865 0.021635 0.074479
15 0.017668 0.342187 0.034856 0.137500
15 0.041226 0.429688 0.057452 0.138542
15 0.095553 0.383854 0.047837 0.116667
15 0.190144 0.392188 0.043750 0.084375
15 0.186899 0.481250 0.049279 0.141667
15 0.196394 0.621615 0.079808 0.102604
15 0.207091 0.702865 0.047356 0.153646
15 0.163822 0.711979 0.046394 0.102083
15 0.135817 0.707292 0.027404 0.111458
15 0.147716 0.586198 0.061779 0.093229
15 0.103966 0.636198 0.040625 0.170313
15 0.071755 0.686458 0.047356 0.120833
15 0.044952 0.566146 0.059615 0.090625
15 0.087620 0.495312 0.040625 0.107292
15 0.130529 0.464062 0.064423 0.163542
15 0.105769 0.752865 0.046635 0.085938
15 0.097236 0.860156 0.058413 0.159896
15 0.060457 0.804427 0.044952 0.102604
15 0.027885 0.763021 0.047115 0.117708
15 0.209255 0.821875 0.044471 0.096875
15 0.150361 0.833073 0.056010 0.157812
15 0.164543 0.921094 0.044952 0.069271
15 0.198077 0.940625 0.052885 0.118750
15 0.119832 0.957812 0.051202 0.084375
15 0.078005 0.939844 0.044471 0.120313
15 0.031010 0.929427 0.050962 0.141146
