15 0.913221 0.099479 0.066827 0.145833
15 0.874159 0.111719 0.042548 0.142187
15 0.835216 0.113802 0.034375 0.093229
15 0.804567 0.070312 0.048558 0.107292
15 0.770312 0.053646 0.047356 0.094792
15 0.741466 0.016406 0.031010 0.031771
15 0.721875 0.082552 0.061538 0.107813
15 0.771635 0.154167 0.027885 0.110417
15 0.809375 0.187760 0.046154 0.130729
15 0.850841 0.212760 0.032933 0.089063
15 0.884615 0.315625 0.050962 0.091667
15 0.840264 0.320573 0.039183 0.081771
15 0.805769 0.288281 0.039904 0.060937
15 0.768510 0.250781 0.053846 0.078646
15 0.742067 0.189062 0.033654 0.086458
15 0.705769 0.241927 0.058173 0.091146
15 0.674399 0.333854 0.032933 0.105208
15 0.735697 0.310156 0.063221 0.057813
15 0.781851 0.344531 0.045913 0.097396
15 0.816947 0.395833 0.034856 0.089583
15 0.858534 0.427083 0.041587 0.154167
15 0.905409 0.419010 0.050240 0.084896
15 0.932692 0.540365 0.033173 0.146354
15 0.886418 0.520052 0.048798 0.121354
15 0.896274 0.603906 0.032933 0.140104
15 0.860817 0.611979 0.033654 0.090625
15 0.837861 0.532813 0.043990 0.104167
15 0.804567 0.504687 0.038942 0.110417
15 0.780769 0.513281 0.043269 0.083854
15 0.775601 0.440625 0.047356 0.104167
15 0.815745 0.406250 0.040625 0.085417
15 0.755889 0.405990 0.033894 0.086979
15 0.725601 0.388802 0.054567 0.108854
15 0.696755 0.387760 0.031971 0.078646
15 0.717428 0.501823 0.031971 0.119271
15 0.740625 0.534115 0.032212 0.104688
15 0.683774 0.495573 0.037740 0.107813
15 0.784135 0.596354 0.050000 0.086458
15 0.833534 0.622917 0.037740 0.079167
15 0.668870 0.089844 0.039663 0.135937
15 0.625361 0.094531 0.064183 0.139063
15 0.625721 0.204167 0.050481 0.077083
15 0.678726 0.021094 0.032933 0.041146
15 0.646154 0.013802 0.019231 0.022396
15 0.614183 0.032292 0.048077 0.063542
15 0.571034 0.038021 0.031971 0.075000
15 0.534736 0.045833 0.034856 0.089583
15 0.500841 0.035417 0.029567 0.069792
15 0.493029 0.125781 0.035096 0.134896
15 0.537861 0.158073 0.037260 0.140104
15 0.574279 0.145313 0.035577 0.159375
15 0.501082 0.210156 0.041587 0.119271
15 0.569111 0.301563 0.061298 0.079167
15 0.615385 0.281250 0.037500 0.057292
15 0.625601 0.344010 0.057452 0.071354
15 0.570913 0.386979 0.049519 0.088542
15 0.611659 0.455990 0.039183 0.120313
15 0.651803 0.431771 0.041587 0.131250
15 0.654087 0.531250 0.041827 0.091667
15 0.636298 0.553646 0.029327 0.050000
15 0.577284 0.516667 0.049760 0.139583
15 0.545072 0.491667 0.032452 0.143750
15 0.566947 0.439583 0.033413 0.052083
15 0.515865 0.497656 0.023077 0.088021
15 0.510457 0.383594 0.031490 0.130729
15 0.490024 0.423958 0.019952 0.110417
15 0.496635 0.532031 0.030288 0.081771
15 0.525240 0.586979 0.042788 0.091667
15 0.537380 0.654687 0.034856 0.080208
15 0.573438 0.616146 0.041106 0.083333
15 0.511779 0.681771 0.023558 0.101042
15 0.550721 0.700781 0.053365 0.075521
15 0.601683 0.685937 0.045192 0.108333
15 0.631490 0.617708 0.026923 0.061458
15 0.609856 0.573698 0.027885 0.114062
15 0.670673 0.613542 0.039423 0.104167
15 0.637861 0.688281 0.044952 0.127604
15 0.674519 0.696354 0.043269 0.065625
15 0.932692 0.666927 0.042308 0.120313
15 0.937380 0.750521 0.036779 0.088542
15 0.893510 0.744010 0.051442 0.088021
15 0.850000 0.714583 0.054327 0.116667
15 0.797957 0.679948 0.054567 0.085938
15 0.815264 0.766146 0.052163 0.077083
15 0.868990 0.806771 0.054327 0.073958
15 0.930649 0.859115 0.046875 0.102604
15 0.883173 0.871354 0.060096 0.110417
15 0.832452 0.906771 0.049038 0.081250
15 0.804688 0.848437 0.060337 0.071875
15 0.761058 0.830208 0.049519 0.135417
15 0.722837 0.788542 0.038462 0.107292
15 0.765986 0.718229 0.047837 0.109375
15 0.737019 0.644792 0.039423 0.100000
15 0.716587 0.699479 0.036058 0.087500
15 0.690144 0.785937 0.032692 0.129167
15 0.656010 0.792188 0.038462 0.111458
15 0.943389 0.950260 0.038221 0.099479
15 0.900601 0.961198 0.054087 0.077604
15 0.840625 0.972917 0.060577 0.054167
15 0.779087 0.923177 0.051442 0.070312
15 0.778005 0.956510 0.047356 0.086979
15 0.713101 0.967187 0.060337 0.065625
15 0.698558 0.890104 0.042308 0.136458
15 0.658173 0.953646 0.044712 0.089583
15 0.647716 0.870833 0.041587 0.068750
15 0.605288 0.858854 0.052885 0.081250
15 0.618510 0.933073 0.040385 0.093229
15 0.609255 0.987240 0.059375 0.025521
15 0.577284 0.947656 0.043029 0.084896
15 0.545072 0.968229 0.045913 0.063542
15 0.523317 0.928646 0.037981 0.086458
15 0.565264 0.860938 0.054567 0.118750
15 0.550361 0.784115 0.030529 0.095312
15 0.584135 0.767448 0.037981 0.077604
15 0.516947 0.843750 0.042067 0.103125
15 0.497596 0.953125 0.039423 0.089583
15 0.467668 0.985677 0.018029 0.028646
15 0.437380 0.956771 0.060817 0.086458
15 0.448678 0.870833 0.038221 0.130208
15 0.481971 0.862240 0.028846 0.094271
15 0.503125 0.775521 0.055288 0.076042
15 0.462620 0.749740 0.056490 0.080729
15 0.492308 0.725000 0.019712 0.036458
15 0.473558 0.676562 0.062500 0.075000
15 0.428486 0.693750 0.038221 0.070833
15 0.389784 0.984896 0.029567 0.030208
15 0.399880 0.923958 0.040625 0.092708
15 0.415745 0.860156 0.034856 0.072396
15 0.382212 0.855729 0.062500 0.109375
15 0.358173 0.924479 0.047596 0.064583
15 0.350962 0.979167 0.041827 0.041667
15 0.319952 0.969531 0.024038 0.060937
15 0.297716 0.956771 0.035817 0.063542
15 0.312981 0.890885 0.041827 0.089063
15 0.340745 0.834115 0.047837 0.093229
15 0.380168 0.790365 0.043510 0.055729
15 0.418870 0.770573 0.034375 0.090104
15 0.381851 0.734115 0.048317 0.088021
15 0.396635 0.671354 0.029327 0.070833
15 0.335577 0.748698 0.051923 0.066146
15 0.295913 0.812500 0.036058 0.102083
15 0.301803 0.676562 0.043990 0.107292
15 0.337380 0.667188 0.029087 0.103125
15 0.366346 0.661458 0.030288 0.131250
15 0.483774 0.597917 0.036298 0.073958
15 0.452885 0.582552 0.026442 0.083854
15 0.427163 0.622135 0.048077 0.063021
15 0.390385 0.585677 0.039423 0.100521
15 0.416346 0.526823 0.043269 0.116146
15 0.435096 0.499740 0.022596 0.063021
15 0.381851 0.530208 0.024760 0.041667
15 0.347356 0.564844 0.036538 0.104688
15 0.315986 0.542708 0.051202 0.071875
15 0.293510 0.618229 0.055288 0.093750
15 0.468149 0.483854 0.045433 0.100000
15 0.458534 0.424740 0.044471 0.095312
15 0.443029 0.372656 0.039423 0.075521
15 0.416587 0.437240 0.038942 0.100521
15 0.369471 0.469010 0.047596 0.083854
15 0.331130 0.459635 0.031010 0.085938
15 0.295433 0.451302 0.043269 0.127604
15 0.480769 0.311719 0.044231 0.111979
15 0.442548 0.293229 0.031250 0.103125
15 0.469591 0.257292 0.036298 0.081250
15 0.409495 0.334896 0.045433 0.098958
15 0.377764 0.401823 0.041106 0.057813
15 0.352043 0.361458 0.058894 0.101042
15 0.321034 0.369792 0.026683 0.089583
15 0.280168 0.379948 0.035817 0.075521
15 0.308053 0.307552 0.045913 0.077604
15 0.348798 0.299219 0.036058 0.060937
15 0.385337 0.291927 0.037500 0.085938
15 0.446875 0.199219 0.047596 0.082812
15 0.392428 0.198698 0.041587 0.070312
15 0.455649 0.108854 0.034375 0.120833
15 0.416466 0.136719 0.043990 0.092188
15 0.398077 0.053646 0.034135 0.106250
15 0.436418 0.031510 0.029087 0.061979
15 0.468750 0.053906 0.034135 0.106771
15 0.344111 0.133333 0.049760 0.082292
15 0.354327 0.221615 0.042788 0.097396
15 0.322837 0.223698 0.037500 0.107813
15 0.282572 0.282292 0.043029 0.126042
15 0.298918 0.141406 0.043029 0.074479
15 0.324038 0.062500 0.040385 0.082292
15 0.276923 0.033854 0.050962 0.066667
15 0.252163 0.105469 0.063462 0.093229
15 0.227284 0.046094 0.043029 0.091146
15 0.181490 0.010677 0.040385 0.020313
15 0.176563 0.066406 0.049279 0.102604
15 0.182212 0.184115 0.050481 0.111979
15 0.226202 0.191927 0.040385 0.122396
15 0.264784 0.214583 0.031971 0.134375
15 0.234736 0.301042 0.049279 0.090625
15 0.215024 0.368229 0.035817 0.093750
15 0.194351 0.297656 0.034375 0.106771
15 0.152404 0.235937 0.064904 0.085417
15 0.145793 0.307031 0.050240 0.091146
15 0.176202 0.398177 0.043750 0.128646
15 0.226683 0.451042 0.039904 0.101042
15 0.263101 0.436979 0.034375 0.163542
15 0.264543 0.557552 0.058894 0.086979
15 0.223558 0.575521 0.042788 0.072917
15 0.229687 0.635938 0.066587 0.078125
15 0.252404 0.623177 0.017788 0.038021
15 0.208774 0.719271 0.032452 0.096875
15 0.232091 0.733854 0.037740 0.115625
15 0.270192 0.724479 0.036538 0.130208
15 0.249038 0.836458 0.062019 0.062500
15 0.122115 0.179688 0.062019 0.094792
15 0.069591 0.120052 0.050721 0.086979
15 0.100361 0.273698 0.041587 0.134896
15 0.095913 0.367969 0.046635 0.073438
15 0.132812 0.442188 0.036298 0.143750
15 0.098798 0.498437 0.033173 0.125000
15 0.075721 0.453385 0.047115 0.091146
15 0.066707 0.575781 0.043990 0.096354
15 0.145192 0.533333 0.047596 0.126042
15 0.136538 0.645833 0.052404 0.071875
15 0.184736 0.615365 0.031971 0.153646
15 0.187139 0.499479 0.038702 0.063542
15 0.103606 0.617708 0.044712 0.115625
15 0.043990 0.666146 0.045673 0.105208
15 0.096875 0.707812 0.058654 0.090625
15 0.152404 0.753646 0.038462 0.147917
15 0.104327 0.799740 0.054327 0.117188
15 0.073798 0.815365 0.028846 0.125521
15 0.040745 0.826562 0.056971 0.147917
15 0.171635 0.786458 0.028365 0.067708
15 0.193029 0.816406 0.040385 0.113021
15 0.169471 0.904427 0.039904 0.082812
15 0.150000 0.864062 0.050481 0.069792
15 0.128005 0.929688 0.037740 0.132292
15 0.090264 0.915104 0.036298 0.098958
15 0.045793 0.914323 0.055048 0.072396
15 0.017188 0.972917 0.033894 0.054167
15 0.057572 0.975521 0.026202 0.046875
15 0.082812 0.982292 0.042548 0.035417
15 0.181250 0.944010 0.042308 0.111979
15 0.151442 0.975521 0.020192 0.048958
15 0.217909 0.945052 0.042548 0.095312
15 0.242428 0.961979 0.016587 0.076042
15 0.267308 0.956771 0.034135 0.086458
15 0.260937 0.886979 0.054087 0.082292
15 0.254447 0.795573 0.036779 0.035937
15 0.292067 0.744010 0.015865 0.054688
