15 0.926823 0.042308 0.140104 0.044712
15 0.861458 0.094471 0.090625 0.066346
15 0.938281 0.098437 0.107813 0.055048
15 0.956250 0.139303 0.087500 0.028125
15 0.946354 0.175120 0.107292 0.035337
15 0.894271 0.190385 0.104167 0.032692
15 0.790625 0.171635 0.112500 0.051442
15 0.744531 0.114423 0.152604 0.054808
15 0.751302 0.062139 0.133854 0.055529
15 0.624479 0.050962 0.157292 0.051442
15 0.481771 0.067187 0.125000 0.046394
15 0.301302 0.052284 0.101562 0.049760
15 0.192188 0.063221 0.118750 0.050962
15 0.054167 0.058053 0.107292 0.043990
15 0.060156 0.108173 0.095312 0.051442
15 0.145833 0.138822 0.083333 0.068029
15 0.210938 0.119231 0.123958 0.069231
15 0.344792 0.098678 0.158333 0.061298
15 0.415365 0.139663 0.131771 0.059615
15 0.506510 0.137981 0.105729 0.062981
15 0.615104 0.146514 0.089583 0.059375
15 0.583073 0.098558 0.154688 0.044231
15 0.335677 0.173437 0.068229 0.067548
15 0.415365 0.187740 0.089063 0.038942
15 0.255469 0.181370 0.089063 0.061779
15 0.190885 0.214423 0.094271 0.065865
15 0.094271 0.196274 0.079167 0.059375
15 0.026823 0.212620 0.052604 0.048798
15 0.044792 0.159014 0.088542 0.052644
15 0.612760 0.188942 0.126562 0.051442
15 0.711719 0.184856 0.101562 0.087019
15 0.803646 0.221514 0.079167 0.058413
15 0.913281 0.228846 0.125521 0.042308
15 0.928385 0.265505 0.127604 0.037740
15 0.863802 0.287861 0.100521 0.051683
15 0.767708 0.301923 0.069792 0.045192
15 0.755729 0.262620 0.110417 0.046875
15 0.684115 0.247476 0.107813 0.037260
15 0.612240 0.245192 0.088021 0.062500
15 0.537500 0.230409 0.090625 0.068029
15 0.438021 0.238942 0.104167 0.078365
15 0.357292 0.224399 0.064583 0.031010
15 0.278906 0.226683 0.067187 0.032212
15 0.317448 0.252644 0.148438 0.041827
15 0.184375 0.263221 0.150000 0.053846
15 0.054948 0.260216 0.108854 0.055529
15 0.038021 0.315986 0.075000 0.034375
15 0.129688 0.305649 0.103125 0.037740
15 0.255469 0.337139 0.128646 0.055048
15 0.334375 0.321635 0.090625 0.068750
15 0.421875 0.299279 0.084375 0.053846
15 0.529427 0.293630 0.139063 0.052644
15 0.584635 0.312019 0.063021 0.042308
15 0.681510 0.305409 0.088021 0.053125
15 0.725521 0.342187 0.039583 0.025240
15 0.805469 0.353966 0.075521 0.047356
15 0.868229 0.349760 0.059375 0.057212
15 0.937500 0.318750 0.111458 0.050481
15 0.963802 0.359976 0.072396 0.035337
15 0.925000 0.391587 0.019792 0.038942
15 0.967448 0.401442 0.061979 0.039423
15 0.868750 0.405769 0.110417 0.054808
15 0.804167 0.399519 0.045833 0.045673
15 0.737240 0.389303 0.080729 0.034375
15 0.648698 0.352644 0.119271 0.048077
15 0.646875 0.404928 0.117708 0.048798
15 0.691406 0.435577 0.167187 0.044712
15 0.777604 0.441827 0.057292 0.042308
15 0.872656 0.442788 0.110937 0.037981
15 0.915625 0.472236 0.103125 0.045913
15 0.977604 0.469471 0.044792 0.052404
15 0.986719 0.432091 0.026562 0.018029
15 0.814063 0.484856 0.114583 0.036058
15 0.716927 0.479447 0.059896 0.030529
15 0.739062 0.452043 0.100000 0.030529
15 0.673438 0.489784 0.144792 0.053125
15 0.803906 0.543510 0.118229 0.060577
15 0.898177 0.521514 0.085938 0.039663
15 0.830469 0.512861 0.060937 0.026202
15 0.969531 0.508413 0.060937 0.036058
15 0.928906 0.552885 0.115104 0.048077
15 0.980729 0.561899 0.038542 0.027163
15 0.469010 0.337380 0.125521 0.043510
15 0.525521 0.357572 0.082292 0.018990
15 0.538802 0.385096 0.142187 0.047115
15 0.542969 0.427524 0.063021 0.030529
15 0.511198 0.448918 0.091146 0.038702
15 0.585677 0.454087 0.044271 0.036538
15 0.411979 0.425721 0.109375 0.049038
15 0.423438 0.378365 0.076042 0.045673
15 0.386719 0.393029 0.041146 0.023077
15 0.323437 0.380168 0.108333 0.053125
15 0.233854 0.395553 0.077083 0.043029
15 0.130469 0.384615 0.125521 0.040865
15 0.250781 0.336538 0.123438 0.046154
15 0.131510 0.342548 0.149479 0.037019
15 0.037240 0.366587 0.073438 0.058173
15 0.042188 0.409495 0.079167 0.040625
15 0.132031 0.427644 0.083854 0.038942
15 0.203646 0.432452 0.072917 0.042788
15 0.299740 0.427764 0.082812 0.040144
15 0.251042 0.458774 0.134375 0.054087
15 0.194531 0.482933 0.080729 0.059615
15 0.277865 0.491707 0.086979 0.043990
15 0.355990 0.506010 0.063021 0.051442
15 0.407031 0.486058 0.089063 0.046635
15 0.341146 0.462981 0.050000 0.028365
15 0.425260 0.460577 0.061979 0.022596
15 0.489844 0.479447 0.067187 0.030529
15 0.558854 0.502885 0.128125 0.046154
15 0.046094 0.448558 0.091146 0.034615
15 0.115885 0.467308 0.070312 0.037019
15 0.048177 0.497837 0.091146 0.056250
15 0.138802 0.502404 0.116146 0.037019
15 0.025781 0.519712 0.050521 0.036058
15 0.121875 0.556130 0.102083 0.066587
15 0.196615 0.533413 0.093229 0.036058
15 0.291146 0.533053 0.121875 0.038702
15 0.040625 0.545913 0.080208 0.032212
15 0.027604 0.587981 0.054167 0.050962
15 0.092188 0.599399 0.079167 0.051202
15 0.185156 0.624760 0.120313 0.074519
15 0.215625 0.570312 0.101042 0.028125
15 0.304427 0.563942 0.092188 0.037019
15 0.391406 0.552885 0.109896 0.045192
15 0.442448 0.536899 0.070312 0.033894
15 0.492188 0.513101 0.080208 0.042548
15 0.525000 0.554447 0.101042 0.043990
15 0.586198 0.579447 0.113021 0.061298
15 0.292708 0.604207 0.098958 0.051683
15 0.359375 0.620313 0.076042 0.063702
15 0.428906 0.614062 0.095312 0.064183
15 0.491146 0.622957 0.105208 0.050240
15 0.509115 0.591707 0.034896 0.015625
15 0.617448 0.530048 0.097396 0.029327
15 0.661458 0.558173 0.087500 0.070192
15 0.697396 0.585817 0.140625 0.055769
15 0.823958 0.607452 0.135417 0.058173
15 0.896615 0.587380 0.080729 0.024760
15 0.978385 0.588822 0.043229 0.021394
15 0.911458 0.607692 0.052083 0.024519
15 0.964583 0.628606 0.070833 0.046154
15 0.855990 0.648317 0.157812 0.049519
15 0.760938 0.650120 0.064583 0.047356
15 0.693229 0.643029 0.079167 0.028365
15 0.695312 0.681130 0.086458 0.053125
15 0.617448 0.679808 0.097396 0.062500
15 0.543229 0.674880 0.064583 0.056971
15 0.463021 0.659495 0.109375 0.031010
15 0.429688 0.698438 0.125000 0.068510
15 0.324479 0.650361 0.090625 0.035337
15 0.296354 0.684495 0.075000 0.032933
15 0.241146 0.663101 0.073958 0.055048
15 0.170052 0.691106 0.093229 0.039904
15 0.085417 0.693029 0.076042 0.043750
15 0.109375 0.652524 0.117708 0.052163
15 0.033594 0.635817 0.053646 0.037981
15 0.028385 0.674639 0.055729 0.034856
15 0.037760 0.706490 0.074479 0.030288
15 0.358333 0.684736 0.044792 0.032452
15 0.378385 0.718870 0.056771 0.031490
15 0.305469 0.714904 0.082812 0.041827
15 0.207031 0.728245 0.090104 0.051202
15 0.119010 0.731130 0.074479 0.049279
15 0.046094 0.736298 0.091146 0.039423
15 0.046094 0.775240 0.091146 0.049038
15 0.097135 0.803486 0.082812 0.044471
15 0.158073 0.771394 0.125521 0.046154
15 0.267188 0.750841 0.079167 0.056971
15 0.384375 0.756851 0.152083 0.047356
15 0.558333 0.748918 0.157292 0.044471
15 0.588542 0.722236 0.113542 0.033413
15 0.669271 0.748437 0.075000 0.074279
15 0.722135 0.721274 0.082812 0.032933
15 0.750260 0.762260 0.077604 0.067308
15 0.833073 0.719591 0.104688 0.087740
15 0.759115 0.687740 0.043229 0.034135
15 0.890625 0.677163 0.077083 0.028365
15 0.957552 0.681851 0.084896 0.056971
15 0.920833 0.716106 0.075000 0.042308
15 0.953646 0.749038 0.092708 0.050481
15 0.886458 0.763221 0.085417 0.063942
15 0.964583 0.790024 0.070833 0.040625
15 0.889323 0.809615 0.104688 0.031731
15 0.972135 0.833774 0.055729 0.054567
15 0.934896 0.843510 0.078125 0.033654
15 0.822917 0.836899 0.119792 0.041587
15 0.748177 0.820192 0.081771 0.032212
15 0.780208 0.773918 0.045833 0.053606
15 0.686458 0.794231 0.077083 0.023077
15 0.652604 0.817308 0.125000 0.030288
15 0.591146 0.789062 0.108333 0.032452
15 0.502344 0.781010 0.075521 0.042788
15 0.431510 0.787861 0.073438 0.035817
15 0.384896 0.818630 0.106250 0.033894
15 0.322917 0.794952 0.108333 0.037500
15 0.273698 0.813702 0.076563 0.052404
15 0.201302 0.837139 0.082812 0.058894
15 0.197135 0.797236 0.098437 0.024760
15 0.037760 0.830889 0.074479 0.037740
15 0.025781 0.809375 0.049479 0.012019
15 0.013021 0.869832 0.025000 0.031490
15 0.029427 0.901803 0.057813 0.026202
15 0.023958 0.951322 0.046875 0.059375
15 0.121875 0.928606 0.169792 0.041827
15 0.171354 0.906010 0.078125 0.041827
15 0.099479 0.861538 0.142708 0.060577
15 0.267188 0.896394 0.129167 0.065865
15 0.337760 0.869471 0.097396 0.067788
15 0.407292 0.853966 0.125000 0.035337
15 0.438281 0.877644 0.115104 0.034615
15 0.573438 0.849760 0.125000 0.048077
15 0.541667 0.880168 0.059375 0.017067
15 0.525260 0.820192 0.094271 0.035096
15 0.471875 0.832212 0.045833 0.047596
15 0.702083 0.851562 0.113542 0.043990
15 0.865625 0.873918 0.156250 0.058894
15 0.972135 0.885938 0.055729 0.044952
15 0.934375 0.928365 0.090625 0.054808
15 0.892188 0.948077 0.063542 0.034135
15 0.715365 0.884736 0.088021 0.032452
15 0.791406 0.907091 0.100521 0.045433
15 0.700521 0.923197 0.113542 0.043510
15 0.803906 0.948798 0.075521 0.036538
15 0.604688 0.899880 0.138542 0.041106
15 0.486458 0.901803 0.112500 0.042548
15 0.379427 0.913822 0.090104 0.039663
15 0.434635 0.940385 0.089063 0.042308
15 0.541667 0.946154 0.100000 0.053846
15 0.460156 0.969832 0.098437 0.046875
15 0.322396 0.951442 0.108333 0.035096
15 0.238802 0.925481 0.077604 0.060577
15 0.195312 0.967187 0.083333 0.043990
15 0.069271 0.981971 0.137500 0.036058
15 0.183073 0.993750 0.115104 0.012500
15 0.295312 0.984615 0.121875 0.030769
15 0.391667 0.989543 0.071875 0.020913
15 0.529167 0.987740 0.152083 0.024519
15 0.650781 0.975240 0.099479 0.047596
15 0.737240 0.979567 0.074479 0.039904
15 0.827083 0.979567 0.108333 0.040865
15 0.916667 0.982091 0.057292 0.035817
15 0.963802 0.981010 0.072396 0.037981
15 0.976042 0.953125 0.047917 0.038462
