15 0.977043 0.056771 0.043029 0.112500
15 0.927644 0.074740 0.066827 0.095312
15 0.901803 0.035156 0.052163 0.069271
15 0.952404 0.182292 0.059615 0.120833
15 0.982212 0.255208 0.035577 0.158333
15 0.981010 0.426042 0.037981 0.183333
15 0.946274 0.523958 0.072837 0.175000
15 0.987260 0.595052 0.025481 0.056771
15 0.970913 0.703385 0.058173 0.203646
15 0.901683 0.280469 0.052404 0.142187
15 0.880409 0.181771 0.075721 0.139583
15 0.816226 0.204948 0.052644 0.147396
15 0.827644 0.099740 0.079327 0.098437
15 0.831731 0.037500 0.084135 0.073958
15 0.767308 0.071875 0.041346 0.142708
15 0.736298 0.027083 0.040865 0.053125
15 0.731971 0.130729 0.037019 0.166667
15 0.763822 0.232292 0.048317 0.145833
15 0.722596 0.270833 0.044231 0.148958
15 0.675481 0.173698 0.073077 0.092188
15 0.689183 0.081250 0.050000 0.085417
15 0.689183 0.016667 0.049038 0.032292
15 0.629567 0.090625 0.061058 0.160417
15 0.615385 0.213021 0.049519 0.092708
15 0.657933 0.261979 0.075481 0.112500
15 0.682212 0.367188 0.033654 0.114583
15 0.740264 0.354167 0.083894 0.104167
15 0.800120 0.319010 0.040144 0.130729
15 0.844591 0.335156 0.058413 0.123438
15 0.933173 0.361458 0.081731 0.175000
15 0.873798 0.472396 0.076923 0.162500
15 0.820072 0.437760 0.046875 0.116146
15 0.779567 0.479948 0.036058 0.156771
15 0.816947 0.547917 0.052644 0.097917
15 0.862139 0.632292 0.081010 0.157292
15 0.914062 0.655469 0.055048 0.114062
15 0.794832 0.666146 0.061779 0.132292
15 0.738702 0.494792 0.088942 0.127083
15 0.723918 0.614583 0.056490 0.125000
15 0.694471 0.586719 0.062019 0.144271
15 0.646274 0.565104 0.039663 0.090625
15 0.612500 0.514844 0.045192 0.148438
15 0.654327 0.406250 0.065385 0.211458
15 0.599519 0.368750 0.053365 0.131250
15 0.588101 0.282552 0.040625 0.116146
15 0.546635 0.352344 0.057692 0.092188
15 0.547476 0.414062 0.069952 0.118750
15 0.540144 0.240104 0.043269 0.108333
15 0.575481 0.171875 0.044231 0.132292
15 0.577163 0.027604 0.046154 0.054167
15 0.540865 0.074479 0.098558 0.119792
15 0.509736 0.151562 0.066106 0.104167
15 0.502764 0.312500 0.043990 0.083333
15 0.496995 0.386979 0.039183 0.073958
15 0.568149 0.533073 0.042548 0.136979
15 0.603365 0.621354 0.054327 0.066667
15 0.659255 0.687760 0.075721 0.136979
15 0.595192 0.703125 0.047596 0.132292
15 0.550841 0.689844 0.045433 0.156771
15 0.523317 0.640104 0.067308 0.134375
15 0.497837 0.487240 0.079808 0.156771
15 0.478005 0.640625 0.040144 0.117708
15 0.447356 0.605208 0.035096 0.096875
15 0.521154 0.581250 0.045192 0.063542
15 0.425721 0.491146 0.072596 0.136458
15 0.420913 0.689063 0.065865 0.098958
15 0.463101 0.742708 0.042548 0.113542
15 0.512620 0.814844 0.063702 0.153646
15 0.583654 0.830469 0.070192 0.166146
15 0.647356 0.824219 0.043269 0.151562
15 0.706971 0.779687 0.046154 0.157292
15 0.672596 0.864583 0.043269 0.092708
15 0.628966 0.890104 0.035817 0.080208
15 0.763582 0.864844 0.074279 0.220312
15 0.784135 0.776563 0.078846 0.094792
15 0.830048 0.857552 0.060577 0.105729
15 0.881611 0.782813 0.068029 0.137500
15 0.948678 0.773958 0.047356 0.133333
15 0.983413 0.884896 0.033173 0.144792
15 0.931851 0.913542 0.072837 0.172917
15 0.868389 0.929948 0.056971 0.140104
15 0.818389 0.959896 0.043510 0.080208
15 0.702764 0.939844 0.063221 0.120313
15 0.649399 0.956250 0.044471 0.087500
15 0.598678 0.940365 0.056971 0.119271
15 0.537620 0.958333 0.061779 0.083333
15 0.469471 0.902083 0.076442 0.181250
15 0.396995 0.923438 0.073798 0.143750
15 0.438341 0.805208 0.031490 0.083333
15 0.392188 0.779167 0.079567 0.153125
15 0.319231 0.817187 0.074038 0.163542
15 0.331010 0.943229 0.052404 0.113542
15 0.274639 0.953646 0.067548 0.092708
15 0.280529 0.888542 0.052885 0.097917
15 0.233293 0.883854 0.036298 0.050000
15 0.191827 0.938281 0.086538 0.117188
15 0.102644 0.940365 0.076442 0.116146
15 0.129327 0.839323 0.052885 0.131771
15 0.186779 0.832292 0.053365 0.104167
15 0.248678 0.791146 0.067067 0.123958
15 0.300481 0.675521 0.103365 0.125000
15 0.387620 0.607031 0.061298 0.148438
15 0.366226 0.496875 0.039183 0.070833
15 0.330409 0.549740 0.041106 0.057813
15 0.266707 0.547656 0.122837 0.133854
15 0.220793 0.605469 0.056010 0.119271
15 0.181370 0.709635 0.081010 0.154688
15 0.097115 0.802604 0.049038 0.120833
15 0.063341 0.876042 0.060337 0.147917
15 0.078365 0.718229 0.076923 0.120833
15 0.127043 0.692187 0.032933 0.097917
15 0.167909 0.579167 0.052644 0.121875
15 0.118870 0.548177 0.057933 0.189062
15 0.078365 0.606250 0.044231 0.122917
15 0.029928 0.708854 0.045913 0.165625
15 0.192188 0.412760 0.058894 0.189062
15 0.141106 0.413021 0.048558 0.161458
15 0.180769 0.504167 0.035577 0.068750
15 0.245793 0.390104 0.060337 0.176042
15 0.309976 0.460677 0.069471 0.158854
15 0.392668 0.400000 0.084375 0.125000
15 0.460216 0.363021 0.039663 0.095833
15 0.435457 0.308073 0.059375 0.103646
15 0.369591 0.334375 0.050721 0.145833
15 0.330048 0.317448 0.041827 0.141146
15 0.285938 0.261458 0.054087 0.201042
15 0.185697 0.273177 0.057452 0.125521
15 0.120913 0.244010 0.060577 0.160938
15 0.064663 0.342969 0.052404 0.192188
15 0.098317 0.391927 0.043750 0.096354
15 0.084135 0.492448 0.042308 0.100521
15 0.047716 0.536719 0.050240 0.105729
15 0.011058 0.794271 0.021635 0.145833
15 0.024760 0.494010 0.049038 0.204687
15 0.010697 0.352604 0.020913 0.089583
15 0.034736 0.324219 0.022356 0.148438
15 0.017188 0.250260 0.033894 0.130729
15 0.048678 0.182292 0.050721 0.151042
15 0.075120 0.120573 0.045913 0.122396
15 0.109856 0.102604 0.060577 0.113542
15 0.172957 0.126042 0.055048 0.162500
15 0.230529 0.207552 0.057212 0.174479
15 0.336418 0.167448 0.068510 0.138021
15 0.369111 0.217188 0.042067 0.109375
15 0.414784 0.223958 0.069952 0.161458
15 0.482572 0.244010 0.068029 0.128646
15 0.458774 0.096875 0.046875 0.097917
15 0.402885 0.114323 0.061058 0.127604
15 0.361418 0.088281 0.041106 0.061979
15 0.301563 0.075000 0.047837 0.127083
15 0.319351 0.033073 0.049279 0.065104
15 0.368870 0.036198 0.041106 0.071354
15 0.407933 0.027604 0.039904 0.054167
15 0.467909 0.034375 0.087260 0.067708
15 0.253966 0.038021 0.052163 0.075000
15 0.210938 0.061979 0.053606 0.122917
15 0.177524 0.030729 0.033413 0.060417
15 0.134255 0.044010 0.044952 0.086979
15 0.074159 0.030990 0.069952 0.060937
15 0.027404 0.044792 0.053365 0.088542
