15 0.904687 0.018750 0.032452 0.036458
15 0.867428 0.021354 0.032933 0.041667
15 0.893750 0.077083 0.053365 0.108333
15 0.834615 0.057552 0.057212 0.114062
15 0.778726 0.069792 0.057933 0.115625
15 0.775721 0.009635 0.048077 0.018229
15 0.743389 0.097396 0.059856 0.091667
15 0.697596 0.108333 0.041346 0.138542
15 0.698438 0.020313 0.058413 0.039583
15 0.751082 0.162760 0.069471 0.117188
15 0.800721 0.180729 0.044231 0.070833
15 0.845433 0.177344 0.052885 0.128646
15 0.875481 0.195052 0.052404 0.119271
15 0.890385 0.289844 0.042788 0.111979
15 0.849639 0.307812 0.044952 0.091667
15 0.806130 0.248698 0.054567 0.081771
15 0.936058 0.321615 0.045192 0.146354
15 0.924880 0.427083 0.046394 0.092708
15 0.883413 0.450260 0.038462 0.091146
15 0.845793 0.401302 0.045433 0.089063
15 0.792067 0.361458 0.072115 0.146875
15 0.737019 0.423958 0.050481 0.115625
15 0.714423 0.356510 0.030288 0.157812
15 0.687740 0.349479 0.046154 0.154167
15 0.689904 0.504427 0.045673 0.150521
15 0.676202 0.240625 0.070192 0.059375
15 0.642909 0.320052 0.043029 0.090104
15 0.644351 0.416406 0.074760 0.070312
15 0.610457 0.373698 0.051683 0.081771
15 0.630048 0.480990 0.055769 0.141146
15 0.643269 0.538802 0.040385 0.073438
15 0.922236 0.519792 0.063702 0.098958
15 0.892428 0.565885 0.047837 0.097396
15 0.907933 0.667188 0.036538 0.089583
15 0.944351 0.689844 0.034856 0.133854
15 0.935096 0.797917 0.051442 0.073958
15 0.883413 0.752865 0.079808 0.105729
15 0.853365 0.645573 0.086058 0.132812
15 0.837861 0.583073 0.055048 0.121354
15 0.838221 0.500781 0.060577 0.119271
15 0.792067 0.490625 0.069231 0.118750
15 0.776322 0.613542 0.075721 0.111458
15 0.742909 0.562500 0.035817 0.145833
15 0.706731 0.570052 0.052404 0.139063
15 0.706490 0.660156 0.054808 0.086979
15 0.758534 0.730469 0.046394 0.102604
15 0.799038 0.720313 0.069712 0.104167
15 0.907212 0.897917 0.081250 0.150000
15 0.894471 0.970052 0.045192 0.059896
15 0.831851 0.915365 0.057452 0.080729
15 0.840024 0.840885 0.062740 0.119271
15 0.786418 0.811979 0.051683 0.093750
15 0.738341 0.861458 0.042548 0.113542
15 0.770553 0.946615 0.037740 0.084896
15 0.838341 0.980729 0.042548 0.035417
15 0.728005 0.959896 0.057933 0.080208
15 0.708894 0.829167 0.052404 0.159375
15 0.701082 0.742188 0.053606 0.087500
15 0.664663 0.829167 0.051923 0.116667
15 0.670793 0.921875 0.037740 0.156250
15 0.632812 0.929167 0.038221 0.095833
15 0.601562 0.959635 0.043029 0.080729
15 0.569712 0.966406 0.051442 0.067187
15 0.626683 0.835938 0.054808 0.095833
15 0.588822 0.861198 0.028125 0.106771
15 0.618990 0.747917 0.050000 0.088542
15 0.664543 0.693750 0.027163 0.146875
15 0.642067 0.656250 0.034615 0.163542
15 0.611298 0.663542 0.031731 0.072917
15 0.597115 0.609375 0.053846 0.111458
15 0.580288 0.734375 0.032212 0.138542
15 0.551562 0.675781 0.044952 0.135937
15 0.558173 0.581510 0.041346 0.061979
15 0.534736 0.507552 0.050240 0.072396
15 0.518029 0.575000 0.030769 0.075000
15 0.515264 0.721094 0.051683 0.132812
15 0.581731 0.467969 0.053365 0.155729
15 0.568269 0.321875 0.039904 0.134375
15 0.536298 0.431771 0.042308 0.081250
15 0.526442 0.327083 0.051442 0.158333
15 0.549880 0.222396 0.050240 0.093750
15 0.595793 0.193229 0.043029 0.097917
15 0.651442 0.181250 0.054327 0.117708
15 0.633173 0.147917 0.048558 0.090625
15 0.640745 0.051562 0.046875 0.102083
15 0.586538 0.051302 0.056250 0.101562
15 0.581611 0.122656 0.036779 0.100521
15 0.535577 0.163542 0.053365 0.160417
15 0.522957 0.107031 0.042067 0.097396
15 0.487981 0.193229 0.036058 0.106250
15 0.531731 0.028646 0.044231 0.056250
15 0.488101 0.078646 0.037260 0.110417
15 0.453486 0.169010 0.052644 0.111979
15 0.462861 0.059896 0.052644 0.118750
15 0.426803 0.091667 0.030529 0.157292
15 0.402404 0.154688 0.033654 0.089583
15 0.473918 0.324479 0.038702 0.125000
15 0.495673 0.420312 0.047115 0.127083
15 0.451683 0.293750 0.029808 0.109375
15 0.422476 0.241667 0.035337 0.094792
15 0.384976 0.238021 0.030048 0.097917
15 0.409856 0.319531 0.042308 0.069271
15 0.442188 0.395833 0.052163 0.101042
15 0.473077 0.489844 0.050000 0.120313
15 0.551923 0.861979 0.046635 0.160417
15 0.536298 0.968229 0.028846 0.056250
15 0.511058 0.898958 0.033654 0.139583
15 0.446635 0.947917 0.066827 0.087500
15 0.418990 0.941667 0.032692 0.109375
15 0.460096 0.839323 0.028365 0.141146
15 0.437380 0.844531 0.021394 0.122396
15 0.488942 0.866927 0.024519 0.074479
15 0.491106 0.780469 0.050000 0.115104
15 0.482452 0.679167 0.041346 0.078125
15 0.443029 0.727604 0.040385 0.087500
15 0.467668 0.615365 0.068510 0.139063
15 0.439183 0.606250 0.020192 0.067708
15 0.407572 0.647917 0.040144 0.092708
15 0.392067 0.741667 0.057692 0.092708
15 0.404808 0.835417 0.041827 0.138542
15 0.389183 0.927344 0.051923 0.082812
15 0.367909 0.849740 0.035337 0.129688
15 0.364303 0.986198 0.048317 0.027604
15 0.289663 0.955208 0.056731 0.089583
15 0.339183 0.905469 0.043269 0.130729
15 0.323678 0.788021 0.073798 0.089583
15 0.281010 0.877865 0.068269 0.098437
15 0.229928 0.963802 0.050240 0.072396
15 0.196995 0.896875 0.037740 0.113542
15 0.229327 0.868490 0.066827 0.111979
15 0.278125 0.792448 0.029808 0.069271
15 0.261538 0.710156 0.030288 0.129688
15 0.313822 0.686979 0.064183 0.139583
15 0.356250 0.698958 0.033654 0.088542
15 0.372476 0.620833 0.028125 0.109375
15 0.392788 0.574740 0.049038 0.116146
15 0.436058 0.534375 0.034135 0.073958
15 0.418269 0.481771 0.036058 0.095833
15 0.391587 0.478385 0.035577 0.148438
15 0.361779 0.481250 0.027885 0.100000
15 0.335938 0.565365 0.050721 0.102604
15 0.286058 0.639323 0.060096 0.099479
15 0.175841 0.987760 0.055529 0.024479
15 0.167668 0.946094 0.044952 0.053646
15 0.139543 0.928646 0.040625 0.062500
15 0.131250 0.983333 0.034135 0.033333
15 0.093630 0.973177 0.053125 0.053646
15 0.098077 0.900521 0.061538 0.100000
15 0.157933 0.850260 0.048077 0.095312
15 0.236418 0.791927 0.036298 0.066146
15 0.188822 0.783594 0.045433 0.100521
15 0.218510 0.729948 0.051923 0.126562
15 0.171154 0.687240 0.044712 0.091146
15 0.131250 0.703385 0.052404 0.114062
15 0.117909 0.791667 0.055048 0.104167
15 0.088101 0.713542 0.044952 0.117708
15 0.068389 0.795573 0.038702 0.066146
15 0.185817 0.608854 0.054808 0.091667
15 0.224639 0.650000 0.037260 0.034375
15 0.188942 0.544792 0.029327 0.088542
15 0.220312 0.537500 0.027163 0.105208
15 0.282091 0.561198 0.062260 0.102604
15 0.277404 0.475521 0.043269 0.062500
15 0.241106 0.483073 0.037500 0.161979
15 0.323437 0.458854 0.039183 0.127083
15 0.341226 0.403646 0.036298 0.079167
15 0.312260 0.368750 0.026923 0.071875
15 0.284135 0.388021 0.043269 0.137500
15 0.255889 0.375781 0.011779 0.064062
15 0.209375 0.361458 0.074038 0.071875
15 0.196394 0.452865 0.048077 0.085938
15 0.367788 0.336979 0.058173 0.100000
15 0.396274 0.389062 0.052163 0.064583
15 0.334736 0.307292 0.031010 0.077083
15 0.292428 0.277083 0.057933 0.108333
15 0.253606 0.270313 0.034615 0.093750
15 0.214423 0.255990 0.059135 0.121354
15 0.160096 0.283333 0.054808 0.107292
15 0.114423 0.336198 0.034135 0.098437
15 0.106010 0.445573 0.040385 0.121354
15 0.147716 0.419792 0.045433 0.118750
15 0.348317 0.219531 0.062500 0.134896
15 0.304808 0.132031 0.056250 0.090104
15 0.348077 0.068229 0.032212 0.118750
15 0.382091 0.076302 0.046875 0.151562
15 0.309976 0.044010 0.053125 0.086979
15 0.257452 0.040625 0.049038 0.080208
15 0.237019 0.106510 0.049519 0.088021
15 0.267909 0.182812 0.062740 0.093750
15 0.208774 0.203125 0.042067 0.088542
15 0.179567 0.173958 0.054808 0.105208
15 0.139784 0.174479 0.044952 0.108333
15 0.148197 0.082292 0.053606 0.094792
15 0.192668 0.075260 0.044952 0.100521
15 0.213822 0.020313 0.033413 0.039583
15 0.102644 0.036979 0.054808 0.072917
15 0.107212 0.139323 0.047596 0.113021
15 0.104808 0.238021 0.057212 0.087500
15 0.064784 0.351823 0.058413 0.121354
15 0.039183 0.283594 0.077885 0.128646
15 0.052885 0.199219 0.050481 0.059896
15 0.014183 0.212500 0.027885 0.058333
15 0.017067 0.162500 0.033654 0.040625
15 0.041346 0.120573 0.050481 0.083854
15 0.057212 0.077083 0.066346 0.103125
15 0.028846 0.013021 0.054327 0.025000
15 0.016106 0.415365 0.031731 0.110937
15 0.065865 0.463542 0.062500 0.113542
15 0.146274 0.517708 0.055529 0.082292
15 0.122957 0.592448 0.044471 0.094271
15 0.097236 0.588802 0.023317 0.115104
15 0.063101 0.595833 0.033894 0.098958
15 0.068990 0.527604 0.053846 0.056250
15 0.019832 0.531771 0.039183 0.083333
15 0.028245 0.635938 0.048798 0.116667
15 0.028966 0.727083 0.055529 0.090625
15 0.029447 0.808333 0.058413 0.057292
15 0.062861 0.865365 0.030048 0.069271
15 0.017909 0.877344 0.035337 0.117188
15 0.037981 0.935677 0.049038 0.099479
15 0.020553 0.969792 0.039183 0.060417
