15 0.983413 0.056250 0.033173 0.111458
15 0.943269 0.037240 0.043750 0.073438
15 0.908413 0.014583 0.022115 0.028125
15 0.872356 0.074219 0.080288 0.080729
15 0.860216 0.035417 0.059375 0.069792
15 0.807332 0.059375 0.045433 0.117708
15 0.765505 0.032552 0.073798 0.064062
15 0.752404 0.120573 0.058173 0.120313
15 0.715024 0.069531 0.027163 0.113021
15 0.693389 0.114583 0.040625 0.141667
15 0.664062 0.169531 0.041587 0.072396
15 0.648678 0.247135 0.069952 0.138021
15 0.610096 0.211979 0.049038 0.081250
15 0.614904 0.137760 0.041827 0.076563
15 0.650120 0.088021 0.045913 0.076042
15 0.620673 0.045312 0.043750 0.089583
15 0.673558 0.021094 0.057692 0.041146
15 0.573438 0.259896 0.047356 0.121875
15 0.539303 0.251823 0.035817 0.117188
15 0.567428 0.141146 0.050240 0.125000
15 0.525361 0.141927 0.033413 0.142187
15 0.550240 0.068490 0.052404 0.088021
15 0.589543 0.052083 0.015625 0.067708
15 0.544832 0.033854 0.031010 0.066667
15 0.519231 0.032552 0.026923 0.064062
15 0.496274 0.071875 0.035337 0.142708
15 0.462500 0.136198 0.072596 0.121354
15 0.491707 0.193490 0.041106 0.076563
15 0.441226 0.208854 0.050240 0.107292
15 0.441587 0.273698 0.043269 0.056771
15 0.487620 0.289844 0.051202 0.126562
15 0.520192 0.328125 0.033173 0.072917
15 0.556971 0.406510 0.033654 0.141146
15 0.598437 0.431771 0.055048 0.096875
15 0.647596 0.449479 0.038942 0.158333
15 0.688101 0.475260 0.049279 0.117188
15 0.615745 0.326302 0.045433 0.106771
15 0.658173 0.333073 0.033173 0.088021
15 0.706971 0.365104 0.049519 0.112500
15 0.691587 0.278646 0.042308 0.145833
15 0.744351 0.296354 0.056010 0.108333
15 0.713942 0.201823 0.026442 0.091146
15 0.766587 0.206250 0.070673 0.096875
15 0.774880 0.257552 0.048798 0.081771
15 0.823077 0.225781 0.057692 0.161979
15 0.799519 0.355208 0.037981 0.104167
15 0.830889 0.399479 0.039183 0.134375
15 0.873197 0.316406 0.056010 0.138021
15 0.890745 0.176563 0.055048 0.137500
15 0.938462 0.119792 0.062019 0.093750
15 0.986058 0.147135 0.027885 0.069271
15 0.957812 0.197917 0.038702 0.071875
15 0.933053 0.280729 0.045433 0.123958
15 0.979447 0.258073 0.035817 0.145313
15 0.984014 0.337760 0.031971 0.055729
15 0.921755 0.348438 0.054087 0.062500
15 0.878245 0.415365 0.052163 0.108854
15 0.930529 0.422396 0.050000 0.102083
15 0.974639 0.460156 0.039183 0.158854
15 0.988462 0.558854 0.023077 0.085417
15 0.935937 0.522656 0.056490 0.123438
15 0.844111 0.472917 0.045913 0.116667
15 0.793029 0.502865 0.054808 0.144271
15 0.751082 0.430729 0.046875 0.164583
15 0.715865 0.524740 0.044712 0.107813
15 0.824519 0.580990 0.033654 0.097396
15 0.870913 0.580469 0.051923 0.111979
15 0.967428 0.646615 0.065144 0.098437
15 0.890986 0.683594 0.055529 0.083854
15 0.841827 0.666406 0.052404 0.078646
15 0.819111 0.759896 0.039183 0.158333
15 0.935337 0.757031 0.048077 0.080729
15 0.987380 0.858333 0.025240 0.135417
15 0.945793 0.860677 0.058413 0.128646
15 0.892188 0.788281 0.060817 0.113021
15 0.849519 0.784635 0.033654 0.131771
15 0.890505 0.877344 0.042548 0.065104
15 0.937500 0.949219 0.046154 0.101562
15 0.980168 0.954167 0.039663 0.091667
15 0.892428 0.959635 0.056010 0.080729
15 0.821394 0.949219 0.058173 0.097396
15 0.792909 0.857292 0.056010 0.093750
15 0.762380 0.789844 0.060817 0.100521
15 0.767909 0.692969 0.056971 0.114062
15 0.719591 0.745833 0.044952 0.148958
15 0.681010 0.838542 0.053365 0.140625
15 0.682091 0.913281 0.031971 0.046354
15 0.730168 0.959635 0.065144 0.080729
15 0.732332 0.889583 0.082452 0.086458
15 0.686659 0.968750 0.045433 0.062500
15 0.629447 0.935937 0.055048 0.105208
15 0.578005 0.963542 0.053606 0.072917
15 0.605168 0.872656 0.054567 0.095312
15 0.648197 0.791667 0.046394 0.132292
15 0.606250 0.748958 0.054327 0.134375
15 0.663702 0.683333 0.059135 0.084375
15 0.697476 0.632812 0.056010 0.104167
15 0.628606 0.590885 0.072115 0.098437
15 0.581731 0.655729 0.042788 0.112500
15 0.610216 0.537760 0.055048 0.121354
15 0.571635 0.532552 0.044712 0.120313
15 0.522957 0.578125 0.053606 0.093750
15 0.520553 0.690365 0.055048 0.134896
15 0.502284 0.707292 0.031490 0.081250
15 0.563822 0.811979 0.050721 0.112500
15 0.550601 0.898698 0.053606 0.102604
15 0.523678 0.962240 0.041106 0.070312
15 0.499760 0.914323 0.039904 0.083854
15 0.442548 0.917188 0.067788 0.097917
15 0.462139 0.982031 0.054567 0.035937
15 0.499279 0.811198 0.053846 0.129688
15 0.526442 0.822917 0.022115 0.078125
15 0.465986 0.780729 0.050721 0.101042
15 0.416106 0.824740 0.056731 0.117188
15 0.389663 0.911458 0.048558 0.088542
15 0.454327 0.704948 0.062500 0.095312
15 0.525361 0.501302 0.043510 0.090104
15 0.487740 0.488281 0.044712 0.106771
15 0.513462 0.416146 0.042788 0.091667
15 0.485216 0.382292 0.031490 0.061458
15 0.448077 0.379427 0.042788 0.141146
15 0.438582 0.431510 0.032933 0.067187
15 0.435937 0.470313 0.045913 0.033333
15 0.432692 0.517448 0.036538 0.088021
15 0.456971 0.582031 0.048558 0.088021
15 0.473558 0.623177 0.036058 0.086979
15 0.423558 0.657552 0.041827 0.118229
15 0.392909 0.583333 0.050721 0.102083
15 0.448678 0.027604 0.053606 0.054167
15 0.410697 0.058073 0.035337 0.108854
15 0.395072 0.165625 0.034856 0.136458
15 0.384375 0.256510 0.042308 0.047396
15 0.380048 0.325781 0.049519 0.096354
15 0.391346 0.403646 0.047596 0.083333
15 0.415385 0.338542 0.023077 0.098958
15 0.353606 0.202604 0.055769 0.079167
15 0.323197 0.137760 0.063221 0.074479
15 0.364303 0.092708 0.040625 0.104167
15 0.376803 0.020573 0.054087 0.040104
15 0.335216 0.025260 0.032452 0.049479
15 0.299760 0.011198 0.039423 0.021354
15 0.306851 0.070573 0.042067 0.069271
15 0.262740 0.078125 0.071635 0.126042
15 0.227043 0.129688 0.031971 0.079167
15 0.262139 0.182292 0.050721 0.077083
15 0.288702 0.263281 0.052885 0.179688
15 0.334135 0.314323 0.047596 0.130729
15 0.281851 0.373958 0.059375 0.071875
15 0.237620 0.285938 0.054567 0.120833
15 0.224038 0.384896 0.048558 0.077083
15 0.309736 0.446354 0.040625 0.093750
15 0.343990 0.434635 0.033173 0.100521
15 0.383053 0.488021 0.064183 0.112500
15 0.330649 0.541667 0.055529 0.104167
15 0.281010 0.586198 0.049038 0.177604
15 0.328966 0.620573 0.041587 0.067187
15 0.360577 0.659896 0.072596 0.073958
15 0.363582 0.744531 0.055048 0.077604
15 0.400361 0.708073 0.047356 0.120313
15 0.318389 0.749740 0.034375 0.108854
15 0.274519 0.687500 0.056731 0.129167
15 0.239303 0.479167 0.054567 0.134375
15 0.204928 0.198698 0.050721 0.058854
15 0.183654 0.126302 0.057692 0.108854
15 0.204087 0.044792 0.053365 0.088542
15 0.146154 0.080208 0.038942 0.082292
15 0.116466 0.176563 0.034375 0.133333
15 0.147716 0.169271 0.045433 0.114583
15 0.121755 0.061979 0.060817 0.095833
15 0.084615 0.027604 0.052885 0.054167
15 0.068870 0.194271 0.062260 0.136458
15 0.101202 0.327604 0.049519 0.162500
15 0.143750 0.287240 0.029808 0.088021
15 0.177524 0.283594 0.055048 0.131771
15 0.177885 0.373177 0.045673 0.070312
15 0.140505 0.408073 0.049279 0.079687
15 0.174159 0.466927 0.063221 0.096354
15 0.118029 0.443750 0.030769 0.063542
15 0.062019 0.372396 0.058654 0.100000
15 0.037019 0.098698 0.073558 0.098437
15 0.034135 0.025000 0.038462 0.048958
15 0.032091 0.186458 0.024760 0.102083
15 0.010577 0.221615 0.020673 0.165104
15 0.037861 0.282813 0.037260 0.075000
15 0.019591 0.363542 0.038702 0.104167
15 0.016106 0.483333 0.031731 0.121875
15 0.060937 0.501563 0.080048 0.144792
15 0.100481 0.584896 0.051442 0.135417
15 0.146514 0.592187 0.055048 0.114583
15 0.194712 0.526563 0.043269 0.102083
15 0.215024 0.616667 0.074279 0.062500
15 0.214423 0.667188 0.071154 0.101042
15 0.203606 0.761979 0.056731 0.084375
15 0.147476 0.708854 0.064183 0.123958
15 0.087019 0.716927 0.039423 0.111979
15 0.050240 0.651563 0.048077 0.111458
15 0.014303 0.667708 0.028125 0.094792
15 0.033774 0.772396 0.067067 0.112500
15 0.013702 0.587240 0.026923 0.068229
15 0.112019 0.817969 0.052885 0.160938
15 0.168510 0.815885 0.059135 0.113021
15 0.215024 0.862500 0.056010 0.115625
15 0.272115 0.807813 0.068750 0.092708
15 0.295913 0.876042 0.062500 0.109375
15 0.243990 0.933594 0.043269 0.119271
15 0.210697 0.955469 0.035817 0.089063
15 0.160817 0.935156 0.072596 0.129688
15 0.070192 0.891146 0.046635 0.153125
15 0.052043 0.839583 0.037740 0.075000
15 0.017788 0.900260 0.035096 0.120313
15 0.278245 0.968229 0.031971 0.063542
15 0.336178 0.951823 0.046394 0.096354
15 0.375841 0.985677 0.039183 0.028646
15 0.413221 0.975000 0.031731 0.050000
15 0.036779 0.982552 0.052404 0.034896
