15 0.976923 0.080990 0.046154 0.153646
15 0.986178 0.243750 0.027644 0.128125
15 0.951923 0.253906 0.056250 0.135937
15 0.948558 0.116146 0.061538 0.145833
15 0.888101 0.200781 0.067548 0.181771
15 0.888582 0.339062 0.093510 0.145833
15 0.965745 0.409375 0.046875 0.118750
15 0.986659 0.520312 0.026683 0.108333
15 0.944471 0.554948 0.059135 0.178646
15 0.907813 0.436458 0.071394 0.104167
15 0.841707 0.528385 0.068029 0.164062
15 0.866947 0.645833 0.065144 0.213542
15 0.910096 0.585677 0.027404 0.110937
15 0.912500 0.709375 0.086058 0.132292
15 0.978365 0.662240 0.041827 0.128646
15 0.978486 0.760417 0.039183 0.121875
15 0.921875 0.849740 0.097596 0.145313
15 0.863702 0.126562 0.081731 0.157292
15 0.882933 0.038021 0.077885 0.075000
15 0.823798 0.235156 0.062500 0.121354
15 0.746274 0.222656 0.087260 0.134896
15 0.670192 0.207552 0.089423 0.097396
15 0.665024 0.098177 0.092067 0.166146
15 0.710457 0.079167 0.050240 0.131250
15 0.781370 0.086198 0.095433 0.157812
15 0.717428 0.338542 0.072356 0.126042
15 0.746755 0.364844 0.063221 0.122396
15 0.798798 0.407813 0.076923 0.133333
15 0.764183 0.525781 0.076442 0.171354
15 0.711178 0.533073 0.048798 0.154688
15 0.673197 0.445312 0.049279 0.125000
15 0.659014 0.335156 0.054567 0.147396
15 0.610096 0.384635 0.063942 0.142187
15 0.603486 0.276823 0.048798 0.085938
15 0.597236 0.169531 0.061298 0.151562
15 0.562019 0.296094 0.040385 0.128646
15 0.554688 0.417969 0.053125 0.106771
15 0.591707 0.505208 0.075240 0.087500
15 0.665986 0.564844 0.082933 0.144271
15 0.985817 0.874219 0.028365 0.153646
15 0.969591 0.938542 0.042548 0.108333
15 0.928846 0.958333 0.075000 0.083333
15 0.884135 0.831250 0.033654 0.102083
15 0.836659 0.829948 0.069952 0.185938
15 0.788582 0.891406 0.049279 0.097396
15 0.821154 0.961198 0.075962 0.077604
15 0.878846 0.975521 0.029808 0.048958
15 0.772476 0.980469 0.024760 0.039062
15 0.732212 0.903385 0.049519 0.149479
15 0.715264 0.982031 0.063702 0.035937
15 0.762019 0.769531 0.066346 0.130729
15 0.798077 0.683854 0.072596 0.119792
15 0.716707 0.671615 0.072356 0.126562
15 0.687500 0.845052 0.055288 0.169271
15 0.671034 0.963021 0.053606 0.073958
15 0.625120 0.909115 0.063221 0.109896
15 0.603726 0.974740 0.047837 0.050521
15 0.582091 0.936198 0.025240 0.095312
15 0.550240 0.927083 0.062019 0.125000
15 0.631851 0.796875 0.054567 0.132292
15 0.564904 0.790885 0.045673 0.134896
15 0.576322 0.834896 0.061779 0.078125
15 0.574279 0.692448 0.062019 0.129688
15 0.634615 0.661719 0.053846 0.132812
15 0.599159 0.579167 0.051683 0.083333
15 0.520913 0.865104 0.026923 0.087500
15 0.483534 0.949479 0.067548 0.101042
15 0.403365 0.957552 0.058654 0.084896
15 0.485938 0.838021 0.044952 0.115625
15 0.425000 0.828906 0.054808 0.131771
15 0.423317 0.889844 0.070673 0.077604
15 0.520312 0.739323 0.043029 0.130729
15 0.476442 0.733594 0.038462 0.133854
15 0.431971 0.698698 0.056250 0.135937
15 0.392548 0.759375 0.040865 0.129167
15 0.353726 0.849740 0.072837 0.159896
15 0.338221 0.935417 0.064904 0.120833
15 0.291466 0.973437 0.062740 0.053125
15 0.266226 0.885156 0.071875 0.092188
15 0.207332 0.928385 0.068510 0.109896
15 0.365385 0.643229 0.082692 0.104167
15 0.427644 0.593229 0.051442 0.090625
15 0.462740 0.537240 0.033654 0.130729
15 0.514784 0.624479 0.080529 0.096875
15 0.515024 0.506771 0.078125 0.130208
15 0.498317 0.377865 0.055288 0.143229
15 0.516827 0.293750 0.053846 0.164583
15 0.604808 0.090365 0.059615 0.088021
15 0.550481 0.166146 0.059615 0.114583
15 0.527764 0.119531 0.074760 0.144271
15 0.477764 0.125781 0.051683 0.132812
15 0.455649 0.240885 0.070433 0.141146
15 0.536899 0.034375 0.072837 0.067708
15 0.593029 0.021094 0.030769 0.041146
15 0.465144 0.047917 0.046635 0.094792
15 0.418510 0.009115 0.073558 0.017188
15 0.399880 0.116667 0.064663 0.213542
15 0.372837 0.217448 0.052404 0.116146
15 0.408053 0.294792 0.049279 0.125000
15 0.378486 0.346875 0.049760 0.134375
15 0.441346 0.389062 0.067788 0.150000
15 0.404567 0.481250 0.074519 0.117708
15 0.347236 0.142448 0.048798 0.129688
15 0.324760 0.278385 0.057692 0.122396
15 0.335577 0.414323 0.059615 0.134896
15 0.305048 0.447917 0.042788 0.119792
15 0.370793 0.540365 0.037260 0.109896
15 0.332692 0.577604 0.055769 0.166667
15 0.279207 0.562760 0.047356 0.164062
15 0.297356 0.715885 0.100000 0.151562
15 0.346274 0.711198 0.024760 0.053646
15 0.334495 0.033594 0.060817 0.066146
15 0.326202 0.086198 0.034135 0.066146
15 0.291947 0.173437 0.061779 0.135417
15 0.282813 0.056771 0.071394 0.107292
15 0.234976 0.051562 0.041106 0.102083
15 0.192308 0.079427 0.052404 0.155729
15 0.239303 0.153646 0.058413 0.123958
15 0.259736 0.272396 0.061779 0.148958
15 0.250000 0.393750 0.062981 0.140625
15 0.257212 0.522656 0.043269 0.126562
15 0.218389 0.617708 0.050721 0.086458
15 0.197837 0.528906 0.079327 0.144271
15 0.154567 0.638542 0.069712 0.131250
15 0.213221 0.269531 0.044712 0.119271
15 0.214784 0.405990 0.048798 0.109896
15 0.164303 0.458073 0.064663 0.080729
15 0.135337 0.540885 0.042308 0.079687
15 0.164663 0.328125 0.044712 0.112500
15 0.177404 0.195573 0.052885 0.156771
15 0.124279 0.276562 0.065865 0.125000
15 0.110337 0.384896 0.073558 0.108333
15 0.094111 0.492448 0.057933 0.127604
15 0.101683 0.641667 0.042788 0.139583
15 0.044712 0.588542 0.078365 0.114583
15 0.044591 0.521354 0.065625 0.156250
15 0.052644 0.427083 0.036538 0.080208
15 0.058654 0.324479 0.067788 0.119792
15 0.070793 0.226823 0.041106 0.096354
15 0.137019 0.084375 0.063942 0.087500
15 0.072837 0.053125 0.071154 0.105208
15 0.133894 0.021094 0.071635 0.041146
15 0.022356 0.086458 0.044231 0.136458
15 0.024880 0.252083 0.049279 0.138542
15 0.019712 0.390104 0.038942 0.104167
15 0.013822 0.672396 0.027163 0.128125
15 0.051082 0.736719 0.053125 0.157812
15 0.109014 0.763021 0.069471 0.096875
15 0.120913 0.889323 0.072596 0.144271
15 0.163221 0.817969 0.063942 0.116146
15 0.195793 0.709896 0.053606 0.125000
15 0.233774 0.793750 0.063702 0.114583
15 0.053966 0.891927 0.062740 0.161979
15 0.011418 0.933854 0.022356 0.108333
15 0.017668 0.811458 0.034856 0.145833
15 0.180889 0.885156 0.039183 0.085938
15 0.150120 0.941406 0.041587 0.052604
