15 0.977404 0.655469 0.045192 0.126562
15 0.942428 0.759375 0.050721 0.156250
15 0.981490 0.777344 0.037019 0.123438
15 0.896154 0.647396 0.052885 0.166667
15 0.854808 0.815885 0.052885 0.185938
15 0.798918 0.842708 0.082452 0.096875
15 0.774159 0.921094 0.050721 0.077604
15 0.798197 0.944792 0.043990 0.107292
15 0.712019 0.961979 0.070673 0.076042
15 0.722716 0.879427 0.064663 0.116146
15 0.750601 0.796875 0.039183 0.093750
15 0.793149 0.750000 0.060337 0.151042
15 0.817668 0.673438 0.071875 0.127083
15 0.864543 0.610677 0.056971 0.132812
15 0.905889 0.513281 0.083413 0.098437
15 0.864303 0.448958 0.054567 0.083333
15 0.812260 0.515885 0.058173 0.160938
15 0.765264 0.607552 0.054087 0.108854
15 0.722716 0.655729 0.079087 0.154167
15 0.706731 0.762760 0.043750 0.083854
15 0.655769 0.632552 0.072115 0.138021
15 0.632212 0.709375 0.042308 0.076042
15 0.640505 0.806250 0.085337 0.142708
15 0.702404 0.530208 0.061058 0.092708
15 0.677644 0.453125 0.062500 0.121875
15 0.729447 0.379688 0.065625 0.212500
15 0.785337 0.269792 0.081250 0.113542
15 0.813101 0.372656 0.054567 0.131771
15 0.875000 0.237240 0.054327 0.136979
15 0.889062 0.352344 0.069952 0.151562
15 0.946875 0.403385 0.075481 0.142187
15 0.935937 0.283073 0.069471 0.121354
15 0.932091 0.148177 0.065144 0.152604
15 0.834615 0.163021 0.063462 0.147917
15 0.812861 0.093750 0.069952 0.143750
15 0.792668 0.032552 0.054567 0.064062
15 0.774279 0.139844 0.045192 0.139063
15 0.733413 0.061458 0.040385 0.121875
15 0.725240 0.220052 0.053846 0.159896
15 0.676082 0.177344 0.048798 0.119271
15 0.635216 0.161458 0.045913 0.056250
15 0.682692 0.059375 0.062019 0.117708
15 0.637019 0.091667 0.065865 0.094792
15 0.611899 0.025260 0.060337 0.049479
15 0.578005 0.058594 0.031971 0.033854
15 0.529327 0.056510 0.067308 0.090104
15 0.515024 0.136719 0.041587 0.067187
15 0.578005 0.141667 0.067067 0.116667
15 0.613822 0.228125 0.069471 0.104167
15 0.659736 0.306771 0.066106 0.120833
15 0.638101 0.440885 0.028125 0.113021
15 0.616346 0.475781 0.023558 0.055729
15 0.584976 0.398698 0.039663 0.193229
15 0.541106 0.409375 0.054327 0.105208
15 0.525361 0.484375 0.036779 0.077083
15 0.485817 0.472656 0.041346 0.100521
15 0.555288 0.285677 0.064904 0.131771
15 0.501683 0.255729 0.043750 0.136458
15 0.453005 0.266927 0.045913 0.200521
15 0.471154 0.415625 0.073558 0.111458
15 0.430048 0.500521 0.049038 0.075000
15 0.497596 0.603125 0.060096 0.132292
15 0.466587 0.551042 0.041346 0.081250
15 0.555529 0.578646 0.054327 0.155208
15 0.556370 0.688281 0.056971 0.089063
15 0.618269 0.556771 0.072115 0.117708
15 0.601442 0.627865 0.038462 0.058854
15 0.591226 0.882552 0.045913 0.130729
15 0.629087 0.939844 0.072115 0.120313
15 0.566707 0.969271 0.036298 0.061458
15 0.556611 0.910156 0.024760 0.068229
15 0.513582 0.942708 0.054087 0.114583
15 0.534375 0.829948 0.038942 0.106771
15 0.559255 0.785937 0.039663 0.113542
15 0.516587 0.771875 0.029808 0.081250
15 0.476202 0.793229 0.041346 0.123958
15 0.450000 0.879167 0.053846 0.142708
15 0.466707 0.932292 0.045433 0.135417
15 0.418029 0.983333 0.035577 0.033333
15 0.399880 0.877083 0.066587 0.196875
15 0.353365 0.835156 0.037981 0.174479
15 0.388101 0.730208 0.065625 0.138542
15 0.440745 0.756250 0.053606 0.112500
15 0.480168 0.679688 0.073798 0.125000
15 0.420072 0.592708 0.041106 0.117708
15 0.403606 0.437240 0.058173 0.108854
15 0.369591 0.613542 0.073798 0.206250
15 0.310937 0.742188 0.061779 0.114583
15 0.347837 0.489844 0.052404 0.088021
15 0.346514 0.399740 0.084856 0.130729
15 0.412861 0.343229 0.039663 0.128125
15 0.348678 0.276042 0.045433 0.105208
15 0.408654 0.194271 0.077885 0.157292
15 0.346394 0.175260 0.039904 0.130729
15 0.461779 0.099479 0.066827 0.134375
15 0.485817 0.030469 0.046635 0.059896
15 0.444471 0.017188 0.023558 0.033333
15 0.397957 0.052604 0.065144 0.101042
15 0.330649 0.060937 0.063221 0.120833
15 0.266827 0.071875 0.076442 0.064583
15 0.267788 0.015365 0.048558 0.029687
15 0.194111 0.056510 0.082933 0.108854
15 0.131851 0.069271 0.060817 0.127083
15 0.104688 0.165625 0.041587 0.145833
15 0.161058 0.199740 0.041346 0.126562
15 0.207813 0.187500 0.060817 0.161458
15 0.283894 0.149740 0.097596 0.100521
15 0.278365 0.230990 0.086538 0.081771
15 0.243870 0.311458 0.035817 0.083333
15 0.292308 0.328646 0.057692 0.173958
15 0.253966 0.465885 0.079567 0.147396
15 0.305288 0.555990 0.049519 0.128646
15 0.260096 0.603646 0.058654 0.128125
15 0.208774 0.604948 0.064183 0.100521
15 0.192788 0.685677 0.052404 0.089063
15 0.151442 0.599479 0.055288 0.166667
15 0.134615 0.488802 0.054327 0.098437
15 0.193029 0.451562 0.042308 0.127083
15 0.129808 0.738021 0.054327 0.095833
15 0.136178 0.409896 0.065144 0.073958
15 0.195553 0.329948 0.051202 0.129688
15 0.150361 0.315625 0.037740 0.126042
15 0.101202 0.299740 0.056250 0.136979
15 0.066466 0.429688 0.065625 0.166667
15 0.029687 0.350521 0.044471 0.106250
15 0.023558 0.188802 0.046635 0.127604
15 0.250841 0.744792 0.065625 0.135417
15 0.175481 0.826562 0.084135 0.208333
15 0.091346 0.921875 0.084135 0.156250
15 0.163942 0.963542 0.052404 0.072917
15 0.216466 0.969271 0.050240 0.061458
15 0.266827 0.929948 0.049519 0.073438
15 0.286899 0.977865 0.027644 0.044271
15 0.312861 0.859896 0.056010 0.204167
15 0.329688 0.967448 0.060817 0.065104
15 0.250601 0.860156 0.059856 0.088021
