15 0.882933 0.033333 0.062019 0.065625
15 0.897115 0.134115 0.076442 0.122396
15 0.851202 0.196094 0.080769 0.100521
15 0.848798 0.294531 0.066346 0.140104
15 0.897596 0.333854 0.048558 0.139583
15 0.921034 0.423438 0.050240 0.166667
15 0.867788 0.448177 0.049519 0.161979
15 0.808053 0.457813 0.065625 0.133333
15 0.793269 0.334375 0.055769 0.106250
15 0.787139 0.262240 0.054087 0.138021
15 0.731731 0.314323 0.048077 0.100521
15 0.691466 0.355208 0.035817 0.125000
15 0.720433 0.173177 0.048558 0.170313
15 0.686538 0.158594 0.023558 0.118229
15 0.657572 0.190885 0.043990 0.157812
15 0.761779 0.420052 0.071635 0.095312
15 0.754567 0.531250 0.049519 0.129167
15 0.811058 0.571875 0.052885 0.153125
15 0.859255 0.588281 0.051683 0.140104
15 0.700841 0.482031 0.057452 0.130729
15 0.723077 0.590104 0.090385 0.094792
15 0.753245 0.647656 0.052163 0.091146
15 0.709736 0.731250 0.034856 0.157292
15 0.669111 0.670573 0.060337 0.117188
15 0.627644 0.640625 0.053365 0.144792
15 0.649880 0.543229 0.042067 0.133333
15 0.607572 0.531250 0.032452 0.096875
15 0.578365 0.627344 0.047596 0.129688
15 0.553245 0.722135 0.049760 0.118229
15 0.528365 0.599479 0.049038 0.122917
15 0.569231 0.502865 0.044231 0.115104
15 0.493269 0.518490 0.049519 0.133854
15 0.578966 0.389844 0.060817 0.097396
15 0.625000 0.392448 0.042788 0.108854
15 0.661899 0.379167 0.035337 0.177083
15 0.612019 0.264583 0.067788 0.135417
15 0.556370 0.302083 0.041106 0.145833
15 0.512740 0.279427 0.062019 0.160938
15 0.505168 0.368750 0.045433 0.142708
15 0.455409 0.340104 0.050721 0.115625
15 0.819111 0.102604 0.069952 0.137500
15 0.784976 0.059896 0.042067 0.118750
15 0.723437 0.049479 0.064663 0.097917
15 0.658654 0.047135 0.071635 0.093229
15 0.595793 0.072917 0.064663 0.088542
15 0.595913 0.031510 0.052885 0.061979
15 0.546394 0.091406 0.076923 0.108854
15 0.597236 0.175521 0.065144 0.095833
15 0.627163 0.146875 0.021154 0.060417
15 0.523798 0.184115 0.056250 0.085938
15 0.449038 0.215365 0.059135 0.108854
15 0.477885 0.108854 0.048558 0.141667
15 0.510938 0.055990 0.049760 0.100521
15 0.460938 0.023958 0.031971 0.046875
15 0.422596 0.054167 0.058654 0.107292
15 0.396394 0.105208 0.054327 0.127083
15 0.416106 0.214062 0.030769 0.100000
15 0.400962 0.314323 0.061538 0.158854
15 0.428966 0.484375 0.058894 0.126042
15 0.375000 0.499479 0.059615 0.097917
15 0.395072 0.616406 0.069952 0.119271
15 0.438942 0.667448 0.072115 0.109896
15 0.910096 0.703646 0.072115 0.141667
15 0.852885 0.727604 0.057212 0.167708
15 0.884014 0.873177 0.059856 0.165104
15 0.919351 0.919531 0.050240 0.119271
15 0.812740 0.788281 0.049519 0.136979
15 0.780649 0.743229 0.044471 0.147917
15 0.736659 0.766146 0.036298 0.145833
15 0.705409 0.865885 0.048798 0.127604
15 0.779207 0.865104 0.060337 0.091667
15 0.801202 0.948958 0.062019 0.102083
15 0.752764 0.946094 0.040625 0.107813
15 0.693149 0.967708 0.055048 0.064583
15 0.663942 0.911979 0.054327 0.083333
15 0.635216 0.967448 0.044952 0.065104
15 0.608534 0.891667 0.051202 0.123958
15 0.654087 0.798438 0.061538 0.143750
15 0.600120 0.784375 0.047356 0.103125
15 0.558173 0.845313 0.048077 0.135417
15 0.511538 0.784115 0.047596 0.197396
15 0.514423 0.925781 0.065385 0.088021
15 0.443870 0.936458 0.064183 0.127083
15 0.433293 0.871615 0.046875 0.110937
15 0.574038 0.950781 0.052885 0.098437
15 0.360096 0.761458 0.048077 0.187500
15 0.352885 0.917708 0.058173 0.122917
15 0.298317 0.921875 0.051923 0.156250
15 0.256490 0.917708 0.038462 0.164583
15 0.227163 0.872135 0.052885 0.128646
15 0.196514 0.819010 0.064183 0.096354
15 0.188582 0.934375 0.047837 0.123958
15 0.149159 0.913281 0.055529 0.099479
15 0.255889 0.738542 0.055529 0.145833
15 0.207813 0.680990 0.065144 0.109896
15 0.261779 0.601823 0.053365 0.124479
15 0.306370 0.527344 0.070913 0.179688
15 0.300000 0.396094 0.062500 0.088021
15 0.253125 0.495312 0.058654 0.106250
15 0.144351 0.561979 0.069471 0.123958
15 0.138341 0.686979 0.073798 0.107292
15 0.100000 0.544531 0.081250 0.135937
15 0.075601 0.719271 0.046394 0.160417
15 0.358173 0.349479 0.054808 0.122917
15 0.312740 0.292448 0.044231 0.121354
15 0.360577 0.210938 0.042788 0.125000
15 0.323918 0.114062 0.059375 0.169792
15 0.279687 0.210677 0.078606 0.103646
15 0.256731 0.309635 0.058173 0.144271
15 0.205769 0.352865 0.062981 0.110937
15 0.201322 0.265104 0.051202 0.079167
15 0.264183 0.123698 0.054808 0.099479
15 0.276683 0.040625 0.033173 0.080208
15 0.309255 0.022917 0.035337 0.044792
15 0.364543 0.043750 0.045433 0.086458
15 0.222957 0.032031 0.056010 0.063021
15 0.201082 0.085677 0.065625 0.125521
15 0.173798 0.181250 0.054327 0.106250
15 0.150361 0.100781 0.049760 0.190104
15 0.144712 0.250000 0.053365 0.094792
15 0.138101 0.346615 0.069952 0.109896
15 0.076082 0.346615 0.054087 0.144271
15 0.064904 0.215365 0.046635 0.150521
15 0.021755 0.248958 0.043029 0.069792
15 0.021154 0.142448 0.041827 0.136979
15 0.018029 0.034896 0.035577 0.068750
15 0.022596 0.415104 0.044712 0.093750
15 0.014303 0.515625 0.028125 0.107292
15 0.027043 0.612760 0.053606 0.100521
15 0.058053 0.782813 0.065625 0.156250
15 0.021875 0.793229 0.037500 0.137500
15 0.077163 0.905469 0.063462 0.058854
