15 0.982812 0.028646 0.034375 0.056250
15 0.964904 0.092708 0.052885 0.144792
15 0.994591 0.108594 0.010817 0.091146
15 0.987139 0.206250 0.025721 0.132292
15 0.982692 0.309115 0.025481 0.068229
15 0.949038 0.221094 0.068750 0.120313
15 0.922236 0.163281 0.050240 0.059896
15 0.908894 0.065104 0.050000 0.110417
15 0.857332 0.025521 0.046875 0.050000
15 0.837500 0.092708 0.065385 0.085417
15 0.850481 0.170313 0.046635 0.079167
15 0.807813 0.179688 0.038221 0.102083
15 0.760096 0.137500 0.052404 0.120833
15 0.742308 0.046094 0.053846 0.082812
15 0.813462 0.043750 0.042308 0.086458
15 0.783173 0.017188 0.030288 0.033333
15 0.711178 0.100260 0.033413 0.100521
15 0.668269 0.055208 0.068750 0.107292
15 0.690385 0.154688 0.034615 0.070833
15 0.648438 0.178385 0.055048 0.127604
15 0.679447 0.242448 0.056971 0.119271
15 0.724519 0.193750 0.037981 0.084375
15 0.768990 0.237760 0.049038 0.082812
15 0.726322 0.287240 0.052644 0.103646
15 0.676322 0.345833 0.068510 0.076042
15 0.773918 0.329688 0.053606 0.102083
15 0.828005 0.282031 0.048317 0.126562
15 0.857812 0.253385 0.042548 0.089063
15 0.889423 0.220573 0.045673 0.071354
15 0.918149 0.319792 0.056010 0.111458
15 0.953125 0.327865 0.035577 0.089063
15 0.988462 0.367969 0.023077 0.056771
15 0.992909 0.436458 0.014183 0.089583
15 0.963101 0.434375 0.049279 0.122917
15 0.924760 0.413281 0.030769 0.052604
15 0.884736 0.350781 0.052163 0.122396
15 0.904327 0.462240 0.033654 0.113021
15 0.854928 0.419792 0.040625 0.065625
15 0.845192 0.352344 0.030769 0.061979
15 0.800841 0.391406 0.051683 0.078646
15 0.823558 0.451562 0.042788 0.077083
15 0.750962 0.485677 0.061538 0.146354
15 0.716466 0.397396 0.065144 0.102083
15 0.681611 0.456771 0.056010 0.112500
15 0.631611 0.410938 0.051683 0.083333
15 0.643750 0.513802 0.057212 0.115104
15 0.699279 0.577083 0.053846 0.111458
15 0.765986 0.573958 0.045433 0.076042
15 0.815625 0.536198 0.053846 0.140104
15 0.864784 0.526302 0.050721 0.140104
15 0.903365 0.573958 0.058654 0.067708
15 0.898077 0.642448 0.053846 0.093229
15 0.946394 0.580469 0.049038 0.119271
15 0.984495 0.556510 0.031010 0.125521
15 0.986659 0.669010 0.026683 0.091146
15 0.955649 0.699740 0.043990 0.150521
15 0.842909 0.635417 0.039183 0.087500
15 0.802043 0.656771 0.045913 0.097917
15 0.761659 0.680208 0.048317 0.148958
15 0.722957 0.643229 0.042067 0.114583
15 0.685216 0.699740 0.044952 0.142187
15 0.981851 0.775000 0.036298 0.105208
15 0.982332 0.884375 0.035337 0.109375
15 0.973558 0.980469 0.052885 0.039062
15 0.938341 0.958073 0.071394 0.078646
15 0.891587 0.929948 0.066346 0.105729
15 0.857332 0.980469 0.054567 0.039062
15 0.825962 0.922656 0.058173 0.099479
15 0.872476 0.811979 0.056971 0.129167
15 0.816346 0.828646 0.065865 0.095833
15 0.779928 0.883073 0.055529 0.117188
15 0.776803 0.966667 0.044471 0.066667
15 0.729567 0.947917 0.050000 0.104167
15 0.689543 0.944531 0.029087 0.110937
15 0.641346 0.962500 0.075481 0.075000
15 0.630649 0.821615 0.067548 0.114062
15 0.691947 0.820052 0.051202 0.084896
15 0.751442 0.816406 0.050962 0.117188
15 0.820433 0.742708 0.055769 0.084375
15 0.724038 0.736458 0.045673 0.061458
15 0.646154 0.669792 0.035096 0.111458
15 0.613942 0.669010 0.041346 0.133854
15 0.609495 0.559896 0.053606 0.100000
15 0.575481 0.978385 0.054327 0.043229
15 0.529928 0.937500 0.048317 0.105208
15 0.556010 0.759375 0.042308 0.127083
15 0.517308 0.778125 0.032692 0.086458
15 0.494231 0.837500 0.039904 0.083333
15 0.477885 0.932552 0.066827 0.119271
15 0.452284 0.845573 0.043029 0.138021
15 0.506370 0.709115 0.066587 0.147396
15 0.562981 0.646094 0.052885 0.104688
15 0.520072 0.587500 0.056010 0.088542
15 0.471995 0.645833 0.040144 0.155208
15 0.517188 0.496615 0.032933 0.098437
15 0.571755 0.495573 0.049279 0.146354
15 0.600962 0.300000 0.044231 0.132292
15 0.573197 0.368490 0.055529 0.100521
15 0.532933 0.404167 0.035577 0.133333
15 0.495312 0.383333 0.043990 0.069792
15 0.485096 0.452083 0.043269 0.075000
15 0.471514 0.533073 0.047356 0.095312
15 0.433413 0.538542 0.034615 0.089583
15 0.437500 0.409375 0.053365 0.159375
15 0.458413 0.331250 0.041346 0.121875
15 0.455769 0.249479 0.039904 0.075000
15 0.509135 0.278125 0.062500 0.136458
15 0.558293 0.244271 0.039663 0.137500
15 0.600841 0.190365 0.049760 0.080729
15 0.585697 0.107552 0.063702 0.093229
15 0.621514 0.076823 0.044471 0.116146
15 0.566466 0.031771 0.055529 0.060417
15 0.515144 0.057031 0.044231 0.102604
15 0.534856 0.156510 0.064423 0.121354
15 0.474038 0.189062 0.060096 0.054167
15 0.420793 0.182552 0.041106 0.126562
15 0.464543 0.110156 0.082452 0.100521
15 0.392788 0.163281 0.047596 0.098437
15 0.366827 0.252865 0.041346 0.098437
15 0.407933 0.295052 0.058654 0.147396
15 0.371274 0.351823 0.040144 0.088021
15 0.327404 0.313542 0.041827 0.090625
15 0.307091 0.199219 0.064183 0.131771
15 0.348558 0.153646 0.050481 0.131250
15 0.287139 0.281771 0.033413 0.129167
15 0.236058 0.246094 0.062981 0.082812
15 0.267308 0.159896 0.040385 0.162500
15 0.225000 0.160938 0.044712 0.089583
15 0.231971 0.080990 0.054808 0.078646
15 0.277284 0.044271 0.035817 0.087500
15 0.316827 0.044010 0.047115 0.086979
15 0.360697 0.048958 0.031010 0.096875
15 0.381130 0.015104 0.018029 0.029167
15 0.241226 0.017188 0.028606 0.033333
15 0.206971 0.044792 0.040385 0.088542
15 0.174038 0.030208 0.032212 0.059375
15 0.160697 0.086979 0.082933 0.116667
15 0.109135 0.047917 0.053365 0.094792
15 0.069832 0.042969 0.045433 0.084896
15 0.030409 0.020313 0.039183 0.039583
15 0.138341 0.187500 0.040144 0.116667
15 0.167909 0.240104 0.064663 0.122917
15 0.133534 0.326042 0.053606 0.106250
15 0.084615 0.261458 0.069231 0.103125
15 0.087740 0.158594 0.055769 0.106771
15 0.225721 0.327083 0.059615 0.088542
15 0.240625 0.432292 0.047115 0.161458
15 0.286058 0.450000 0.045192 0.112500
15 0.344832 0.427865 0.068510 0.119271
15 0.393389 0.435156 0.038702 0.092188
15 0.403365 0.557292 0.050481 0.148958
15 0.441226 0.653646 0.055529 0.120833
15 0.394952 0.643229 0.038462 0.062500
15 0.356010 0.537500 0.050962 0.120833
15 0.329207 0.615625 0.051202 0.090625
15 0.301923 0.522396 0.048077 0.162500
15 0.260937 0.561198 0.047356 0.102604
15 0.202764 0.547917 0.073317 0.123958
15 0.209615 0.639844 0.051923 0.082812
15 0.156490 0.633854 0.046154 0.141667
15 0.153846 0.513542 0.046154 0.118750
15 0.273558 0.684375 0.081250 0.106250
15 0.428726 0.980469 0.045913 0.039062
15 0.383654 0.941667 0.055288 0.084375
15 0.334014 0.962500 0.037260 0.075000
15 0.300361 0.939323 0.041106 0.078646
15 0.326923 0.823958 0.063942 0.126042
15 0.375000 0.850260 0.057692 0.132812
15 0.414423 0.849479 0.023558 0.114583
15 0.425962 0.737500 0.050481 0.113542
15 0.377885 0.698958 0.061538 0.076042
15 0.337260 0.732552 0.061538 0.093229
15 0.268630 0.841406 0.047356 0.113021
15 0.243389 0.921615 0.069471 0.114062
15 0.231971 0.828646 0.053846 0.114583
15 0.189423 0.853125 0.051923 0.167708
15 0.152284 0.863281 0.035817 0.119271
15 0.205048 0.740104 0.058173 0.065625
15 0.176923 0.953906 0.055769 0.092188
15 0.127885 0.960417 0.042308 0.079167
15 0.119712 0.858333 0.036058 0.129167
15 0.148197 0.763542 0.053606 0.078125
15 0.097476 0.753385 0.049279 0.106771
15 0.058654 0.780729 0.034615 0.139583
15 0.022115 0.822917 0.043750 0.079167
15 0.016106 0.896875 0.031731 0.088542
15 0.082572 0.911458 0.047837 0.157292
15 0.065385 0.983333 0.042788 0.033333
15 0.039784 0.932552 0.035817 0.109896
15 0.011659 0.966406 0.022837 0.067187
15 0.017428 0.744531 0.034375 0.077604
15 0.016827 0.669271 0.033173 0.087500
15 0.035216 0.576042 0.069952 0.117708
15 0.090144 0.567708 0.060577 0.114583
15 0.102163 0.657813 0.058654 0.079167
15 0.118510 0.468750 0.036538 0.163542
15 0.069231 0.419271 0.047596 0.137500
15 0.065625 0.499740 0.078846 0.083854
15 0.015865 0.463542 0.031250 0.097917
15 0.032332 0.400000 0.027644 0.086458
15 0.019952 0.340104 0.039423 0.141667
15 0.029928 0.228906 0.059375 0.079687
15 0.034856 0.130990 0.063462 0.113021
