15 0.980048 0.053906 0.037981 0.091146
15 0.942788 0.038021 0.052404 0.075000
15 0.927644 0.124740 0.073077 0.099479
15 0.885096 0.208333 0.086538 0.081250
15 0.933654 0.255990 0.042788 0.129688
15 0.969832 0.263281 0.040144 0.147396
15 0.949760 0.352865 0.070673 0.076563
15 0.879808 0.302604 0.070673 0.086458
15 0.896394 0.382031 0.049038 0.110937
15 0.945433 0.434896 0.053365 0.083333
15 0.918630 0.489323 0.049760 0.108854
15 0.869591 0.473177 0.046875 0.090104
15 0.842428 0.390625 0.047837 0.101042
15 0.855529 0.137760 0.044231 0.113021
15 0.814063 0.146354 0.055529 0.118750
15 0.789303 0.092708 0.034856 0.064583
15 0.766346 0.172396 0.048558 0.113542
15 0.769712 0.277344 0.062981 0.098437
15 0.809856 0.234375 0.044712 0.059375
15 0.853365 0.029167 0.039904 0.057292
15 0.806130 0.033333 0.052163 0.065625
15 0.761538 0.014583 0.033654 0.028125
15 0.715625 0.095312 0.066827 0.095833
15 0.706130 0.022396 0.036298 0.043750
15 0.831130 0.518490 0.036298 0.083854
15 0.802524 0.438021 0.036779 0.105208
15 0.783654 0.517708 0.050481 0.105208
15 0.865144 0.551562 0.052885 0.070833
15 0.913582 0.565885 0.050240 0.133854
15 0.957452 0.607812 0.058173 0.104167
15 0.655409 0.091927 0.050240 0.081771
15 0.662139 0.022396 0.044471 0.043750
15 0.607572 0.039062 0.060337 0.077083
15 0.597716 0.116927 0.065144 0.092188
15 0.640986 0.167448 0.052163 0.109896
15 0.680529 0.201563 0.051442 0.102083
15 0.662380 0.301042 0.054567 0.092708
15 0.624279 0.264844 0.037981 0.069271
15 0.580409 0.221094 0.072356 0.124479
15 0.524159 0.264323 0.040625 0.086979
15 0.500601 0.202604 0.041587 0.058333
15 0.545433 0.156250 0.035096 0.081250
15 0.552885 0.071615 0.050000 0.122396
15 0.497837 0.125521 0.052885 0.071875
15 0.504447 0.052604 0.050721 0.077083
15 0.522115 0.015885 0.048558 0.030729
15 0.468510 0.039062 0.026923 0.077083
15 0.437260 0.048958 0.045192 0.096875
15 0.432212 0.104167 0.059135 0.073958
15 0.390144 0.033854 0.042308 0.066667
15 0.458894 0.173958 0.052404 0.114583
15 0.480409 0.274740 0.040144 0.098437
15 0.519832 0.351823 0.031010 0.090104
15 0.556130 0.320573 0.056490 0.083854
15 0.589183 0.333854 0.028846 0.075000
15 0.618029 0.369271 0.043750 0.131250
15 0.645312 0.408594 0.018029 0.076563
15 0.570072 0.420833 0.044952 0.084375
15 0.607091 0.460156 0.055048 0.054688
15 0.680048 0.366146 0.046154 0.082292
15 0.713221 0.387240 0.033173 0.105729
15 0.751923 0.379688 0.049519 0.122917
15 0.743029 0.472656 0.036538 0.109896
15 0.711298 0.558594 0.053846 0.132812
15 0.695793 0.468750 0.046394 0.073958
15 0.655769 0.490365 0.030288 0.100521
15 0.614904 0.517448 0.054327 0.118229
15 0.585216 0.533333 0.027163 0.104167
15 0.551803 0.504167 0.039663 0.086458
15 0.532091 0.585156 0.041587 0.119271
15 0.571034 0.617708 0.028606 0.082292
15 0.603365 0.617969 0.052885 0.085938
15 0.668029 0.623177 0.063462 0.140104
15 0.673918 0.575781 0.036779 0.075521
15 0.744952 0.602865 0.039904 0.097396
15 0.707812 0.665365 0.023317 0.076563
15 0.815986 0.629948 0.052644 0.098437
15 0.793510 0.669010 0.039904 0.074479
15 0.862380 0.646354 0.035817 0.142708
15 0.881731 0.653385 0.034615 0.114062
15 0.906490 0.680990 0.039423 0.100521
15 0.951923 0.714583 0.045673 0.116667
15 0.919952 0.765625 0.048077 0.098958
15 0.962740 0.815885 0.033654 0.113021
15 0.946394 0.865365 0.043269 0.100521
15 0.908654 0.867448 0.045673 0.093229
15 0.869351 0.790625 0.054087 0.115625
15 0.852404 0.736979 0.048558 0.125000
15 0.822115 0.771875 0.038462 0.125000
15 0.767909 0.724479 0.061298 0.076042
15 0.787380 0.808333 0.049279 0.128125
15 0.800601 0.874479 0.060337 0.065625
15 0.858173 0.891667 0.062500 0.086458
15 0.953005 0.961198 0.044952 0.077604
15 0.909976 0.959375 0.046394 0.081250
15 0.859014 0.967448 0.045913 0.065104
15 0.819351 0.964844 0.040625 0.070312
15 0.767067 0.959375 0.052404 0.081250
15 0.750481 0.917188 0.035096 0.133333
15 0.711538 0.932292 0.056731 0.086458
15 0.726562 0.988542 0.025721 0.022917
15 0.736058 0.843750 0.042788 0.108333
15 0.694712 0.843229 0.039904 0.084375
15 0.700361 0.768490 0.049279 0.092188
15 0.722716 0.730469 0.023317 0.067187
15 0.669111 0.709896 0.039183 0.072917
15 0.663822 0.795833 0.030529 0.103125
15 0.634856 0.842187 0.050962 0.116667
15 0.676923 0.952604 0.054327 0.094792
15 0.667308 0.888542 0.024519 0.052083
15 0.633774 0.948438 0.039183 0.103125
15 0.601322 0.921875 0.036779 0.123958
15 0.582091 0.950781 0.030529 0.098437
15 0.544832 0.951562 0.040625 0.083333
15 0.553486 0.888802 0.035337 0.067187
15 0.591587 0.827344 0.048558 0.088021
15 0.557933 0.802604 0.037019 0.133333
15 0.533413 0.786979 0.030288 0.136458
15 0.509615 0.890625 0.050000 0.075000
15 0.518389 0.977083 0.042548 0.045833
15 0.489303 0.964323 0.044471 0.063021
15 0.458413 0.975260 0.034615 0.049479
15 0.421154 0.970052 0.032692 0.059896
15 0.425000 0.901823 0.059615 0.111979
15 0.468990 0.902083 0.031731 0.067708
15 0.484976 0.807292 0.033894 0.148958
15 0.512740 0.777083 0.027885 0.100000
15 0.495793 0.726302 0.053125 0.051562
15 0.537981 0.687500 0.033654 0.087500
15 0.581851 0.722656 0.048317 0.117188
15 0.624279 0.743750 0.048077 0.084375
15 0.625721 0.658073 0.051923 0.082812
15 0.499880 0.662240 0.036779 0.070312
15 0.452885 0.723958 0.065385 0.111458
15 0.440986 0.742448 0.023798 0.119271
15 0.450841 0.833594 0.023317 0.063021
15 0.383293 0.965625 0.033413 0.068750
15 0.348678 0.979167 0.033894 0.041667
15 0.325962 0.939063 0.038462 0.087500
15 0.293029 0.925000 0.037500 0.094792
15 0.260817 0.950000 0.057692 0.100000
15 0.210938 0.953385 0.051202 0.093229
15 0.196154 0.939323 0.061058 0.121354
15 0.364904 0.908854 0.041346 0.081250
15 0.393870 0.882292 0.027644 0.086458
15 0.409976 0.809896 0.051202 0.062500
15 0.373798 0.790104 0.024038 0.075000
15 0.351322 0.825260 0.047356 0.088021
15 0.321755 0.850781 0.033413 0.084896
15 0.320673 0.745833 0.043269 0.107292
15 0.292788 0.794792 0.048558 0.153125
15 0.251683 0.839323 0.048077 0.153646
15 0.406130 0.745573 0.048798 0.113021
15 0.384014 0.698958 0.070433 0.118750
15 0.347356 0.733073 0.034615 0.092188
15 0.339663 0.644531 0.048077 0.069271
15 0.298678 0.692448 0.033894 0.080729
15 0.270192 0.656510 0.060096 0.078646
15 0.252404 0.720573 0.054808 0.078646
15 0.164062 0.945052 0.023798 0.056771
15 0.130769 0.967448 0.046635 0.065104
15 0.095312 0.939063 0.036298 0.072917
15 0.088101 0.980990 0.043510 0.038021
15 0.058534 0.938802 0.040625 0.094271
15 0.019231 0.935417 0.037981 0.104167
15 0.030048 0.819010 0.042308 0.141146
15 0.062019 0.821354 0.041346 0.135417
15 0.099399 0.799219 0.055048 0.102604
15 0.108774 0.877083 0.045433 0.111458
15 0.145553 0.883854 0.035817 0.097917
15 0.190865 0.844792 0.068750 0.123958
15 0.198558 0.738281 0.074519 0.089063
15 0.191106 0.664062 0.034615 0.075000
15 0.219591 0.635677 0.043029 0.082812
15 0.140745 0.776563 0.045433 0.102083
15 0.148197 0.685417 0.026683 0.071875
15 0.115505 0.678385 0.061298 0.109896
15 0.072596 0.660417 0.037019 0.125000
15 0.110096 0.596094 0.037019 0.071354
15 0.167788 0.620833 0.052404 0.071875
15 0.203365 0.548958 0.045673 0.111458
15 0.244111 0.569010 0.040625 0.086979
15 0.276923 0.577083 0.045673 0.113542
15 0.293149 0.517969 0.031010 0.122396
15 0.352885 0.564844 0.064904 0.083854
15 0.320553 0.554688 0.019952 0.085417
15 0.423197 0.586458 0.073317 0.094792
15 0.377404 0.591146 0.025481 0.083333
15 0.432332 0.652865 0.039663 0.056771
15 0.035577 0.664844 0.037981 0.133854
15 0.008413 0.692969 0.016346 0.109896
15 0.022716 0.776823 0.044952 0.108854
15 0.024760 0.528646 0.049038 0.129167
15 0.064423 0.538281 0.034135 0.147396
15 0.087380 0.495312 0.027163 0.129167
15 0.102284 0.450260 0.052644 0.092188
15 0.140986 0.545833 0.039183 0.148958
15 0.123678 0.510677 0.037260 0.104688
15 0.181010 0.514062 0.035577 0.081250
15 0.165745 0.415885 0.048798 0.122396
15 0.105288 0.373437 0.056250 0.129167
15 0.063221 0.403646 0.038462 0.143750
15 0.021755 0.388281 0.043029 0.151562
15 0.097115 0.252865 0.051442 0.151562
15 0.142067 0.269271 0.041346 0.110417
15 0.177764 0.309635 0.059375 0.106771
15 0.237260 0.290885 0.060577 0.093229
15 0.276322 0.323177 0.058413 0.061979
15 0.286659 0.382292 0.044471 0.080208
15 0.250120 0.460156 0.055529 0.132812
15 0.327043 0.450521 0.061779 0.058333
15 0.321995 0.391927 0.048317 0.092188
15 0.357452 0.497135 0.044231 0.055729
15 0.410216 0.498958 0.066106 0.065625
15 0.381250 0.413281 0.033173 0.090104
15 0.417187 0.415885 0.048317 0.081771
15 0.365024 0.354167 0.037740 0.125000
15 0.339904 0.272656 0.033654 0.120313
15 0.303966 0.273698 0.042548 0.106771
15 0.270192 0.200781 0.040865 0.094271
15 0.225721 0.207292 0.046154 0.110417
15 0.188942 0.215104 0.038942 0.097917
15 0.145673 0.194531 0.041346 0.076563
15 0.152163 0.108333 0.054808 0.096875
15 0.201322 0.151302 0.024279 0.059896
15 0.222596 0.100000 0.059135 0.087500
15 0.260337 0.127083 0.045192 0.095833
15 0.310096 0.140625 0.049519 0.121875
15 0.352404 0.181250 0.037500 0.088542
15 0.379808 0.227344 0.046154 0.157812
15 0.403606 0.301823 0.038462 0.117188
15 0.428005 0.357552 0.043990 0.065104
15 0.436058 0.277604 0.047115 0.114583
15 0.417308 0.186198 0.040865 0.106771
15 0.361659 0.102344 0.081010 0.091146
15 0.349519 0.042188 0.037500 0.062500
15 0.290865 0.056250 0.070673 0.076042
15 0.247476 0.029687 0.078125 0.058333
15 0.316707 0.009375 0.039663 0.017708
15 0.474159 0.382292 0.061779 0.132292
15 0.448678 0.469792 0.020433 0.061458
15 0.474880 0.466146 0.028606 0.047917
15 0.500120 0.424219 0.026683 0.072396
15 0.527404 0.460938 0.041346 0.108333
15 0.491346 0.511458 0.036538 0.084375
15 0.455769 0.533333 0.046635 0.082292
15 0.466346 0.616927 0.036538 0.096354
15 0.503486 0.597917 0.041106 0.096875
