15 0.963021 0.031490 0.073958 0.060096
15 0.908333 0.084976 0.131250 0.053606
15 0.960417 0.123558 0.079167 0.104327
15 0.833854 0.139423 0.195833 0.051442
15 0.756250 0.093389 0.166667 0.047356
15 0.690885 0.132212 0.058854 0.037981
15 0.648698 0.167909 0.100521 0.056010
15 0.753906 0.187981 0.121354 0.054327
15 0.901563 0.198437 0.186458 0.061298
15 0.577865 0.124639 0.183854 0.065625
15 0.434115 0.165024 0.098437 0.032933
15 0.572135 0.198678 0.168229 0.091106
15 0.702865 0.250601 0.123438 0.070913
15 0.781510 0.234135 0.083854 0.044231
15 0.866406 0.256731 0.193229 0.054327
15 0.888542 0.018149 0.070833 0.035817
15 0.787240 0.010096 0.100521 0.019712
15 0.829688 0.047356 0.137500 0.052885
15 0.707292 0.039062 0.107292 0.053606
15 0.610677 0.071034 0.102604 0.050240
15 0.492969 0.085577 0.105729 0.064423
15 0.378646 0.110817 0.125000 0.043269
15 0.319531 0.152404 0.132812 0.047115
15 0.382552 0.046514 0.113021 0.077163
15 0.480990 0.021274 0.142187 0.042067
15 0.611719 0.019231 0.118229 0.037981
15 0.257812 0.022115 0.146875 0.043750
15 0.212760 0.059736 0.108854 0.068029
15 0.121354 0.057332 0.071875 0.044952
15 0.095312 0.015625 0.100000 0.030769
15 0.041406 0.062861 0.081771 0.076683
15 0.042448 0.128726 0.083854 0.048798
15 0.175260 0.131611 0.170313 0.076683
15 0.071615 0.179327 0.126562 0.051923
15 0.185156 0.192428 0.134896 0.053125
15 0.200781 0.232572 0.097396 0.063221
15 0.324479 0.199639 0.137500 0.045913
15 0.316406 0.249399 0.178646 0.056490
15 0.449479 0.226562 0.106250 0.093990
15 0.484896 0.302885 0.126042 0.074519
15 0.599740 0.278365 0.178646 0.076923
15 0.439844 0.137260 0.075521 0.029327
15 0.121354 0.245913 0.104167 0.055288
15 0.042708 0.259135 0.084375 0.087019
15 0.313021 0.300481 0.222917 0.051923
15 0.378385 0.368870 0.123438 0.090144
15 0.525000 0.375601 0.171875 0.050240
15 0.654427 0.340385 0.143229 0.060577
15 0.821094 0.306731 0.156771 0.080769
15 0.948698 0.317909 0.102604 0.057452
15 0.879427 0.367308 0.158854 0.065385
15 0.930469 0.392308 0.129688 0.080769
15 0.816667 0.426563 0.131250 0.058894
15 0.931250 0.457692 0.135417 0.058173
15 0.831771 0.481611 0.114583 0.048317
15 0.738021 0.450240 0.113542 0.062981
15 0.708333 0.394471 0.161458 0.049038
15 0.595313 0.428726 0.115625 0.081490
15 0.446094 0.432332 0.179688 0.050240
15 0.278385 0.349760 0.068229 0.037019
15 0.152865 0.321635 0.182812 0.052404
15 0.100260 0.314423 0.153646 0.077404
15 0.036458 0.412981 0.071875 0.060577
15 0.050521 0.378365 0.066667 0.027404
15 0.206250 0.385457 0.210417 0.068510
15 0.107813 0.433534 0.078125 0.058413
15 0.221875 0.448558 0.183333 0.054327
15 0.023698 0.461899 0.046354 0.039663
15 0.086979 0.506010 0.172917 0.087981
15 0.047135 0.586899 0.093229 0.062740
15 0.171094 0.570312 0.165104 0.067548
15 0.238021 0.510697 0.106250 0.063702
15 0.333333 0.502284 0.126042 0.062260
15 0.462240 0.509736 0.135937 0.075721
15 0.520312 0.491106 0.064583 0.056731
15 0.645833 0.506130 0.170833 0.076202
15 0.751823 0.525841 0.074479 0.068029
15 0.897396 0.532813 0.204167 0.082933
15 0.768490 0.602284 0.148438 0.080048
15 0.864323 0.626803 0.135937 0.067067
15 0.935677 0.601923 0.128646 0.049519
15 0.628385 0.602644 0.202604 0.076923
15 0.559635 0.562380 0.128646 0.044471
15 0.423698 0.576562 0.142187 0.066106
15 0.321875 0.564784 0.137500 0.055048
15 0.242188 0.622356 0.175000 0.058654
15 0.446615 0.627885 0.171354 0.071154
15 0.112240 0.654087 0.089063 0.070192
15 0.032031 0.650361 0.063021 0.057933
15 0.044010 0.703606 0.086979 0.047115
15 0.050521 0.767308 0.100000 0.094231
15 0.113281 0.792428 0.131771 0.058413
15 0.198437 0.746995 0.116667 0.056971
15 0.226302 0.690865 0.134896 0.064423
15 0.326562 0.708774 0.091667 0.049279
15 0.407813 0.696034 0.155208 0.063702
15 0.552604 0.678005 0.141667 0.078125
15 0.657813 0.658413 0.103125 0.046154
15 0.807292 0.684014 0.208333 0.082452
15 0.932813 0.667188 0.130208 0.063702
15 0.963802 0.721995 0.070312 0.078606
15 0.795833 0.745072 0.110417 0.041587
15 0.685417 0.718029 0.126042 0.066346
15 0.853906 0.789543 0.181771 0.073798
15 0.624479 0.790625 0.200000 0.076923
15 0.495573 0.742909 0.152604 0.046875
15 0.340885 0.765505 0.159896 0.064183
15 0.214583 0.816707 0.067708 0.064663
15 0.314844 0.842428 0.151562 0.097837
15 0.436198 0.848197 0.124479 0.074279
15 0.487240 0.801683 0.095312 0.061538
15 0.558594 0.860096 0.144271 0.050000
15 0.687760 0.827163 0.136979 0.080288
15 0.126042 0.864062 0.168750 0.052644
15 0.130729 0.899519 0.153125 0.037019
15 0.037760 0.915385 0.074479 0.063462
15 0.020052 0.850841 0.039062 0.056971
15 0.967969 0.837019 0.064062 0.068269
15 0.750521 0.889423 0.132292 0.071635
15 0.633854 0.908293 0.154167 0.069952
15 0.484896 0.929688 0.139583 0.104567
15 0.303125 0.898798 0.182292 0.058173
15 0.338021 0.956370 0.157292 0.068510
15 0.206250 0.945192 0.129167 0.062981
15 0.093229 0.959976 0.126042 0.063702
15 0.171615 0.985096 0.096354 0.029808
15 0.268229 0.990144 0.089583 0.019712
15 0.585156 0.968630 0.152604 0.062740
15 0.731771 0.974279 0.171875 0.051442
15 0.439063 0.982332 0.120833 0.035337
