15 0.931611 0.021615 0.050240 0.042188
15 0.926562 0.087240 0.042067 0.100521
15 0.901442 0.133594 0.043269 0.098437
15 0.886538 0.057292 0.035577 0.096875
15 0.854808 0.161458 0.050000 0.109375
15 0.830769 0.105469 0.050000 0.104688
15 0.849639 0.043229 0.053606 0.083333
15 0.798438 0.024740 0.054567 0.048438
15 0.778245 0.060677 0.034375 0.081771
15 0.808654 0.155208 0.039423 0.120833
15 0.785096 0.250260 0.059135 0.077604
15 0.840385 0.263281 0.057212 0.079687
15 0.889784 0.222135 0.043510 0.092188
15 0.922115 0.222396 0.038942 0.109375
15 0.938462 0.182292 0.036538 0.079167
15 0.938702 0.334115 0.043269 0.117188
15 0.896875 0.325000 0.045192 0.096875
15 0.866587 0.351302 0.019231 0.077604
15 0.840986 0.353906 0.032452 0.127604
15 0.807692 0.366146 0.039904 0.116667
15 0.856611 0.441146 0.053606 0.078125
15 0.916226 0.404167 0.073798 0.072917
15 0.914543 0.473438 0.064183 0.073958
15 0.893510 0.528906 0.043750 0.134896
15 0.935457 0.541406 0.048317 0.059896
15 0.940865 0.603125 0.042788 0.069792
15 0.905288 0.614844 0.041346 0.122396
15 0.854327 0.546094 0.054808 0.082812
15 0.833413 0.480729 0.043269 0.059375
15 0.797115 0.535677 0.055769 0.076563
15 0.778245 0.441146 0.057452 0.126042
15 0.759976 0.344010 0.043029 0.092188
15 0.740385 0.286719 0.033173 0.144271
15 0.722596 0.230729 0.041346 0.110417
15 0.770433 0.188021 0.051442 0.108333
15 0.754207 0.115104 0.060337 0.069792
15 0.727644 0.028646 0.066346 0.056250
15 0.696995 0.058073 0.032933 0.055729
15 0.714543 0.126823 0.026683 0.068229
15 0.691947 0.147656 0.049760 0.081771
15 0.686418 0.232031 0.038221 0.106771
15 0.708894 0.314063 0.043750 0.086458
15 0.723317 0.406510 0.045192 0.143229
15 0.747476 0.514062 0.034856 0.057292
15 0.735216 0.565365 0.050240 0.106771
15 0.759976 0.669531 0.047356 0.106771
15 0.797957 0.632552 0.053606 0.107813
15 0.841707 0.641406 0.040144 0.107813
15 0.869832 0.714323 0.054087 0.104688
15 0.926442 0.703906 0.045673 0.097396
15 0.964904 0.666667 0.042308 0.148958
15 0.931370 0.820052 0.052163 0.119271
15 0.899399 0.905729 0.073798 0.111458
15 0.892428 0.977083 0.070913 0.045833
15 0.832933 0.960677 0.043269 0.078646
15 0.796034 0.986719 0.038221 0.026562
15 0.801803 0.895833 0.044952 0.133333
15 0.835457 0.835677 0.040625 0.097396
15 0.775361 0.811979 0.049279 0.084375
15 0.730769 0.839844 0.039904 0.105729
15 0.754687 0.740885 0.041106 0.083854
15 0.723678 0.722396 0.025240 0.063542
15 0.708053 0.757031 0.043990 0.136979
15 0.675000 0.763542 0.025962 0.102083
15 0.648678 0.777604 0.021394 0.064583
15 0.651803 0.684635 0.030529 0.136979
15 0.675481 0.657031 0.040865 0.093229
15 0.706010 0.602083 0.035577 0.064583
15 0.665986 0.554167 0.050240 0.085417
15 0.631010 0.617708 0.033654 0.080208
15 0.621635 0.735677 0.035577 0.126562
15 0.615385 0.845313 0.045673 0.088542
15 0.671274 0.865104 0.068029 0.082292
15 0.671274 0.946354 0.058413 0.107292
15 0.700841 0.957812 0.045913 0.084375
15 0.619952 0.920312 0.043269 0.067708
15 0.609615 0.975521 0.058654 0.048958
15 0.563462 0.982031 0.028365 0.035937
15 0.532572 0.979948 0.029567 0.040104
15 0.566346 0.933073 0.052885 0.058854
15 0.572476 0.873437 0.054087 0.107292
15 0.534014 0.886979 0.030529 0.083333
15 0.511899 0.937500 0.039183 0.067708
15 0.477284 0.950000 0.048317 0.096875
15 0.496274 0.868750 0.044471 0.059375
15 0.470192 0.805469 0.037500 0.095312
15 0.522236 0.804427 0.062260 0.073438
15 0.581611 0.781771 0.035817 0.108333
15 0.594832 0.708333 0.021875 0.060417
15 0.564303 0.670312 0.039183 0.063542
15 0.544471 0.724479 0.056250 0.073958
15 0.501563 0.747135 0.032933 0.082812
15 0.460817 0.717187 0.050962 0.095833
15 0.425361 0.704167 0.042067 0.107292
15 0.412620 0.787500 0.042548 0.089583
15 0.442188 0.866146 0.041106 0.119792
15 0.408293 0.878125 0.023798 0.075000
15 0.388822 0.852865 0.030048 0.095312
15 0.414303 0.954427 0.039183 0.091146
15 0.443750 0.967187 0.023077 0.065625
15 0.387139 0.961458 0.019952 0.077083
15 0.371875 0.948438 0.033654 0.084375
15 0.334856 0.932813 0.037981 0.134375
15 0.356250 0.841406 0.035096 0.165104
15 0.311899 0.836458 0.045433 0.115625
15 0.305048 0.921615 0.027404 0.081771
15 0.272476 0.949219 0.048798 0.101562
15 0.261298 0.897396 0.045673 0.083333
15 0.236659 0.949479 0.022837 0.083333
15 0.214543 0.970052 0.033413 0.059896
15 0.208894 0.883333 0.048077 0.100000
15 0.254808 0.810937 0.039423 0.109375
15 0.284976 0.757552 0.049760 0.058854
15 0.339543 0.718750 0.043510 0.089583
15 0.374639 0.672135 0.059375 0.075521
15 0.381731 0.738802 0.041346 0.049479
15 0.382091 0.793229 0.022837 0.065625
15 0.413822 0.598958 0.029567 0.141667
15 0.437500 0.607812 0.031250 0.098958
15 0.470192 0.607031 0.032212 0.082812
15 0.489663 0.656771 0.064423 0.061458
15 0.538101 0.628906 0.032452 0.094271
15 0.562620 0.584375 0.024760 0.093750
15 0.589904 0.548438 0.044231 0.106250
15 0.625240 0.532031 0.026923 0.076563
15 0.591346 0.479167 0.043750 0.046875
15 0.540505 0.527604 0.059375 0.093750
15 0.496274 0.561198 0.035337 0.098437
15 0.531010 0.458073 0.037019 0.071354
15 0.571995 0.427083 0.042548 0.086458
15 0.609856 0.419010 0.028846 0.064062
15 0.645913 0.469792 0.044712 0.111458
15 0.452524 0.525781 0.048317 0.064062
15 0.417308 0.479948 0.033654 0.084896
15 0.387981 0.500781 0.046635 0.115104
15 0.372716 0.597396 0.048798 0.079167
15 0.334014 0.580990 0.031010 0.096354
15 0.309255 0.678646 0.039183 0.163542
15 0.246755 0.726042 0.048798 0.070833
15 0.240144 0.651823 0.037981 0.113021
15 0.265024 0.604948 0.042548 0.090104
15 0.282212 0.698438 0.013942 0.045833
15 0.303125 0.545052 0.050000 0.116146
15 0.252644 0.537240 0.067308 0.085938
15 0.191707 0.630990 0.041106 0.095312
15 0.206731 0.724219 0.029808 0.096354
15 0.218389 0.801302 0.034375 0.069271
15 0.176442 0.784115 0.051923 0.143229
15 0.167668 0.843229 0.031490 0.066667
15 0.672837 0.332031 0.050000 0.092188
15 0.629928 0.344531 0.035817 0.110937
15 0.597957 0.300781 0.032452 0.103646
15 0.586659 0.347656 0.035817 0.081771
15 0.544591 0.348958 0.048317 0.087500
15 0.526563 0.383854 0.040625 0.089583
15 0.500120 0.458854 0.032933 0.100000
15 0.468269 0.417448 0.037019 0.134896
15 0.442188 0.421094 0.041106 0.124479
15 0.393870 0.382812 0.033894 0.076042
15 0.359135 0.412760 0.030288 0.081771
15 0.346154 0.496094 0.033173 0.105729
15 0.320312 0.445833 0.021394 0.084375
15 0.296154 0.436198 0.033654 0.133854
15 0.279567 0.473438 0.019231 0.059375
15 0.333534 0.364583 0.034856 0.092708
15 0.370433 0.328125 0.035096 0.066667
15 0.407572 0.313281 0.043510 0.078646
15 0.431010 0.302865 0.050481 0.110937
15 0.470072 0.315365 0.029567 0.065104
15 0.508173 0.302865 0.048077 0.073438
15 0.552524 0.296875 0.040144 0.057292
15 0.586178 0.230729 0.046394 0.086458
15 0.632933 0.227083 0.044712 0.129167
15 0.657452 0.196354 0.027404 0.115625
15 0.617548 0.140625 0.048077 0.093750
15 0.577644 0.123958 0.042788 0.114583
15 0.555649 0.212240 0.030529 0.132812
15 0.531851 0.206771 0.026683 0.140625
15 0.513822 0.188542 0.026202 0.083333
15 0.485457 0.225260 0.037260 0.158854
15 0.452885 0.252865 0.022596 0.059896
15 0.452764 0.129427 0.061779 0.121354
15 0.444952 0.196875 0.034135 0.058333
15 0.411058 0.228906 0.052885 0.053646
15 0.357812 0.243229 0.043990 0.090625
15 0.326562 0.273958 0.036298 0.083333
15 0.300962 0.204687 0.043269 0.127083
15 0.326683 0.164062 0.026923 0.093750
15 0.354687 0.158594 0.032452 0.088021
15 0.405649 0.164323 0.037740 0.097396
15 0.502284 0.133333 0.054567 0.038542
15 0.536178 0.091927 0.031971 0.079687
15 0.501442 0.076302 0.035096 0.069271
15 0.663341 0.112500 0.040625 0.069792
15 0.660937 0.037760 0.056490 0.074479
15 0.617067 0.061458 0.056731 0.072917
15 0.599519 0.024219 0.049519 0.047396
15 0.560937 0.036979 0.039183 0.072917
15 0.531971 0.023177 0.044231 0.045312
15 0.505048 0.025521 0.038462 0.050000
15 0.466707 0.036458 0.031971 0.060417
15 0.432332 0.063021 0.041106 0.064583
15 0.422356 0.020313 0.072115 0.039583
15 0.377644 0.023438 0.025962 0.045833
15 0.341346 0.073958 0.041827 0.076042
15 0.381731 0.106510 0.058173 0.108854
15 0.275481 0.089844 0.054327 0.074479
15 0.339904 0.024479 0.050481 0.047917
15 0.299038 0.331250 0.035096 0.096875
15 0.267308 0.371354 0.055288 0.116667
15 0.244952 0.462500 0.053846 0.080208
15 0.217188 0.391146 0.052163 0.127083
15 0.199399 0.477083 0.033894 0.083333
15 0.206130 0.538802 0.031490 0.076563
15 0.280529 0.030729 0.044231 0.060417
15 0.243510 0.029427 0.025962 0.050521
15 0.225120 0.061979 0.040144 0.087500
15 0.205048 0.105208 0.042308 0.056250
15 0.259375 0.154948 0.054808 0.076563
15 0.247236 0.209635 0.025240 0.048438
15 0.263221 0.253906 0.041346 0.129688
15 0.202404 0.241146 0.068750 0.116667
15 0.201803 0.361458 0.061779 0.136458
15 0.175000 0.370312 0.018750 0.058333
15 0.154808 0.310417 0.029327 0.091667
15 0.183173 0.322917 0.022115 0.038542
15 0.207452 0.164323 0.073077 0.079687
15 0.146755 0.218490 0.043029 0.083854
15 0.112981 0.227865 0.060577 0.105729
15 0.072236 0.262240 0.042548 0.136979
15 0.127404 0.312760 0.068269 0.109896
15 0.109615 0.377344 0.039904 0.071354
15 0.066827 0.380990 0.031731 0.082812
15 0.038341 0.282813 0.036298 0.100000
15 0.027163 0.214323 0.053846 0.107813
15 0.123438 0.108854 0.060337 0.108333
15 0.148918 0.028646 0.031010 0.056250
15 0.174639 0.065625 0.050721 0.077083
15 0.156490 0.132292 0.033654 0.077083
15 0.200962 0.103906 0.040385 0.054688
15 0.206611 0.023177 0.036298 0.045312
15 0.112740 0.031510 0.025962 0.046354
15 0.082452 0.098698 0.030769 0.102604
15 0.046154 0.113021 0.038942 0.125000
15 0.013341 0.139063 0.025240 0.085417
15 0.007812 0.063802 0.015144 0.073438
15 0.031250 0.020833 0.049038 0.040625
15 0.072957 0.029167 0.032933 0.057292
15 0.010216 0.294531 0.019952 0.048438
15 0.021755 0.367969 0.043029 0.102604
15 0.142187 0.421615 0.047837 0.093229
15 0.163341 0.479167 0.038702 0.094792
15 0.132692 0.513542 0.037981 0.072917
15 0.169231 0.550781 0.037019 0.064062
15 0.147476 0.611719 0.046875 0.122396
15 0.112260 0.613802 0.031731 0.106771
15 0.089063 0.542448 0.057933 0.076563
15 0.093269 0.457813 0.046154 0.100000
15 0.045913 0.478385 0.050962 0.119271
15 0.019351 0.551823 0.038221 0.134896
15 0.066346 0.600000 0.056250 0.111458
15 0.045312 0.671615 0.043990 0.101562
15 0.013582 0.651563 0.026683 0.066667
15 0.015625 0.715885 0.030769 0.056771
15 0.068750 0.741406 0.038942 0.095312
15 0.110577 0.726302 0.064904 0.090104
15 0.144351 0.695833 0.034856 0.065625
15 0.123558 0.826042 0.050962 0.101042
15 0.064904 0.839844 0.049519 0.104688
15 0.024639 0.792188 0.048798 0.110417
15 0.014423 0.868490 0.028365 0.036979
15 0.102043 0.872656 0.025240 0.057813
15 0.132452 0.902083 0.027885 0.066667
15 0.168510 0.936719 0.048077 0.126562
15 0.132692 0.964323 0.029327 0.071354
15 0.092548 0.947917 0.044231 0.082292
15 0.052284 0.946094 0.050721 0.107813
15 0.018389 0.932552 0.036298 0.115104
