15 0.981250 0.033053 0.037500 0.044952
15 0.858073 0.059736 0.122396 0.041587
15 0.746094 0.029087 0.122396 0.056250
15 0.629427 0.030529 0.134896 0.031250
15 0.612760 0.057572 0.107813 0.030048
15 0.736458 0.070673 0.115625 0.046154
15 0.805990 0.106851 0.116146 0.052644
15 0.916667 0.114303 0.129167 0.066106
15 0.970052 0.094832 0.059896 0.030529
15 0.941667 0.166827 0.096875 0.050000
15 0.833594 0.166346 0.104688 0.059135
15 0.702344 0.118149 0.106771 0.045913
15 0.615365 0.088702 0.136979 0.034135
15 0.569792 0.114663 0.054167 0.022115
15 0.629687 0.146995 0.136458 0.047356
15 0.738802 0.190264 0.085938 0.074279
15 0.819010 0.208053 0.064062 0.049760
15 0.875260 0.230409 0.092188 0.074279
15 0.959375 0.199279 0.073958 0.025000
15 0.948698 0.236659 0.097396 0.043510
15 0.933854 0.273918 0.107292 0.043029
15 0.789583 0.266346 0.068750 0.059135
15 0.723437 0.272115 0.083333 0.084615
15 0.662760 0.252644 0.044271 0.033654
15 0.631250 0.216346 0.115625 0.068269
15 0.461979 0.203365 0.139583 0.061058
15 0.517448 0.138942 0.094271 0.073558
15 0.415365 0.155409 0.107813 0.041587
15 0.384375 0.131370 0.156250 0.041587
15 0.463021 0.101322 0.105208 0.031490
15 0.370312 0.089904 0.112500 0.045673
15 0.425521 0.051803 0.084375 0.063702
15 0.511979 0.056490 0.083333 0.084135
15 0.322656 0.060096 0.113021 0.065865
15 0.263281 0.113101 0.090104 0.041106
15 0.219531 0.159255 0.110937 0.054087
15 0.306771 0.165144 0.118750 0.048077
15 0.370833 0.211418 0.066667 0.053125
15 0.284115 0.222115 0.122396 0.060577
15 0.276823 0.269952 0.058854 0.048077
15 0.332292 0.290505 0.082292 0.068029
15 0.448958 0.282212 0.161458 0.063462
15 0.569792 0.275481 0.108333 0.050000
15 0.609375 0.313822 0.125000 0.068510
15 0.199219 0.068630 0.148438 0.065144
15 0.175000 0.127764 0.100000 0.040144
15 0.119792 0.155529 0.106250 0.052404
15 0.048438 0.141707 0.077083 0.043029
15 0.073177 0.080649 0.117188 0.056971
15 0.025260 0.044351 0.049479 0.056490
15 0.167708 0.031250 0.105208 0.049519
15 0.256510 0.030048 0.091146 0.037981
15 0.059115 0.188822 0.117188 0.044952
15 0.159375 0.207452 0.125000 0.036058
15 0.051302 0.228846 0.101562 0.040865
15 0.020573 0.261178 0.038021 0.024760
15 0.101562 0.263702 0.079167 0.040385
15 0.194531 0.245673 0.121354 0.048558
15 0.247656 0.299880 0.078646 0.066106
15 0.154688 0.300240 0.105208 0.057692
15 0.042188 0.307091 0.083333 0.055048
15 0.153385 0.337740 0.121354 0.036538
15 0.393490 0.330288 0.172396 0.037500
15 0.546094 0.357812 0.113021 0.054567
15 0.659896 0.368389 0.106250 0.038702
15 0.740365 0.324279 0.136979 0.053365
15 0.830208 0.344231 0.102083 0.060577
15 0.889583 0.311058 0.101042 0.048077
15 0.978125 0.315024 0.043750 0.044952
15 0.943490 0.351562 0.113021 0.057933
15 0.921094 0.408413 0.111979 0.060577
15 0.897656 0.459255 0.108854 0.058894
15 0.806250 0.453726 0.080208 0.037260
15 0.815104 0.405168 0.097917 0.056971
15 0.740104 0.372837 0.080208 0.030769
15 0.706510 0.405889 0.113021 0.040625
15 0.600781 0.406851 0.114062 0.040625
15 0.566146 0.448197 0.103125 0.033894
15 0.679167 0.457332 0.157292 0.043029
15 0.760156 0.475721 0.088021 0.037981
15 0.847135 0.490745 0.083854 0.039183
15 0.959635 0.490024 0.080729 0.051683
15 0.920573 0.521755 0.089063 0.030048
15 0.959375 0.552404 0.071875 0.034135
15 0.860677 0.546635 0.106771 0.054808
15 0.765885 0.514784 0.111979 0.026202
15 0.688802 0.533654 0.083854 0.036538
15 0.748958 0.550962 0.102083 0.025000
15 0.692708 0.579087 0.080208 0.046635
15 0.780729 0.581250 0.103125 0.035577
15 0.619792 0.509615 0.110417 0.034615
15 0.558594 0.536899 0.081771 0.038221
15 0.606250 0.580889 0.085417 0.043990
15 0.537240 0.490505 0.110937 0.044471
15 0.435937 0.524519 0.151042 0.045673
15 0.445312 0.550481 0.104167 0.023077
15 0.501563 0.575481 0.138542 0.049038
15 0.398438 0.579087 0.102083 0.036538
15 0.325260 0.531250 0.079687 0.059135
15 0.277083 0.590264 0.110417 0.051683
15 0.252604 0.520072 0.079167 0.063702
15 0.375781 0.372596 0.091146 0.039904
15 0.429427 0.399279 0.105729 0.047596
15 0.484896 0.436418 0.125000 0.050721
15 0.453906 0.476322 0.089063 0.031010
15 0.395573 0.505649 0.068229 0.031490
15 0.375000 0.442668 0.077083 0.068029
15 0.311198 0.465264 0.140104 0.040144
15 0.184115 0.465986 0.096354 0.032452
15 0.178646 0.509856 0.133333 0.058173
15 0.191667 0.579447 0.105208 0.081010
15 0.057292 0.550240 0.113542 0.036538
15 0.040104 0.516106 0.079167 0.031731
15 0.090885 0.468990 0.105729 0.058654
15 0.032292 0.446274 0.063542 0.051202
15 0.044792 0.425721 0.088542 0.033173
15 0.133333 0.422716 0.098958 0.042067
15 0.213542 0.428966 0.085417 0.039663
15 0.270833 0.409736 0.105208 0.040144
15 0.267708 0.365865 0.109375 0.050481
15 0.149479 0.385216 0.129167 0.041106
15 0.061719 0.373558 0.120313 0.074038
15 0.014063 0.354207 0.027083 0.030529
15 0.121354 0.553846 0.072917 0.025962
15 0.043229 0.592187 0.085417 0.038702
15 0.022135 0.635577 0.043229 0.050000
15 0.107813 0.625240 0.130208 0.050481
15 0.187240 0.662260 0.114062 0.037500
15 0.308854 0.618029 0.122917 0.033173
15 0.421875 0.616827 0.085417 0.036538
15 0.507292 0.638822 0.129167 0.069471
15 0.615104 0.658534 0.109375 0.056971
15 0.728906 0.658534 0.114062 0.030048
15 0.750521 0.628245 0.153125 0.046394
15 0.869271 0.602163 0.110417 0.075481
15 0.953385 0.594712 0.083854 0.051442
15 0.935417 0.652764 0.078125 0.056490
15 0.953646 0.702644 0.092708 0.037019
15 0.933333 0.732692 0.080208 0.024038
15 0.973177 0.754207 0.053646 0.056010
15 0.899740 0.770192 0.121354 0.050000
15 0.814063 0.749880 0.084375 0.051683
15 0.715365 0.745913 0.117188 0.060577
15 0.649479 0.725601 0.079167 0.077163
15 0.734896 0.698558 0.088542 0.048077
15 0.838021 0.691707 0.126042 0.078125
15 0.530469 0.685817 0.163021 0.036538
15 0.553125 0.717428 0.131250 0.040625
15 0.455469 0.716587 0.072396 0.050962
15 0.370052 0.735457 0.145313 0.064663
15 0.372917 0.696034 0.122917 0.053125
15 0.294531 0.690385 0.089063 0.039423
15 0.231771 0.709495 0.098958 0.042548
15 0.392969 0.651803 0.095312 0.038702
15 0.288021 0.651563 0.130208 0.031971
15 0.084375 0.659495 0.094792 0.020913
15 0.028646 0.678005 0.056250 0.029087
15 0.025781 0.729087 0.035937 0.026923
15 0.092188 0.746034 0.098958 0.050240
15 0.048438 0.764663 0.075000 0.037019
15 0.125260 0.783053 0.077604 0.064183
15 0.197917 0.758654 0.065625 0.054808
15 0.261979 0.764423 0.114583 0.059135
15 0.363802 0.783654 0.075521 0.041827
15 0.113542 0.694471 0.151042 0.049519
15 0.454688 0.775841 0.087500 0.028606
15 0.521094 0.754567 0.177604 0.045192
15 0.696875 0.790986 0.123958 0.033894
15 0.602344 0.801442 0.096354 0.029327
15 0.515365 0.798678 0.080729 0.040625
15 0.425521 0.808413 0.091667 0.034615
15 0.332552 0.811659 0.094271 0.020913
15 0.234896 0.807332 0.115625 0.038221
15 0.169271 0.832452 0.056250 0.043269
15 0.080990 0.821514 0.069271 0.055048
15 0.029427 0.804087 0.055729 0.061058
15 0.021875 0.856611 0.042708 0.031971
15 0.068750 0.868990 0.047917 0.032692
15 0.135156 0.866346 0.071354 0.050000
15 0.273438 0.885697 0.158333 0.028125
15 0.173437 0.881611 0.041667 0.050240
15 0.140625 0.918389 0.098958 0.056490
15 0.052604 0.901563 0.101042 0.049279
15 0.248177 0.847356 0.091146 0.049519
15 0.333594 0.841947 0.148438 0.043510
15 0.366406 0.878486 0.076563 0.031490
15 0.434375 0.876683 0.076042 0.032212
15 0.424219 0.851322 0.083854 0.041587
15 0.499219 0.840505 0.123438 0.047837
15 0.581510 0.832812 0.104688 0.041587
15 0.636719 0.847837 0.142187 0.068750
15 0.517708 0.883293 0.093750 0.038221
15 0.554948 0.907212 0.076563 0.037500
15 0.652604 0.901082 0.104167 0.056971
15 0.726302 0.863462 0.120313 0.057692
15 0.807292 0.813341 0.122917 0.086779
15 0.893750 0.848678 0.089583 0.073317
15 0.958594 0.870433 0.082812 0.058173
15 0.875781 0.908173 0.118229 0.056250
15 0.776563 0.888942 0.123958 0.035096
15 0.764062 0.930649 0.112500 0.047837
15 0.948438 0.957091 0.103125 0.049760
15 0.852344 0.960337 0.092188 0.045673
15 0.920573 0.988341 0.104688 0.023317
15 0.710417 0.972716 0.153125 0.051202
15 0.610677 0.947115 0.124479 0.047596
15 0.551562 0.975601 0.083333 0.048798
15 0.471094 0.989062 0.091146 0.021875
15 0.479687 0.946875 0.126042 0.038942
15 0.455990 0.912620 0.151562 0.030048
15 0.366927 0.940625 0.111979 0.057692
15 0.380729 0.975841 0.115625 0.025240
15 0.354687 0.992548 0.132292 0.014904
15 0.229948 0.991466 0.091146 0.017067
15 0.255208 0.964303 0.131250 0.043990
15 0.143490 0.974279 0.118229 0.051442
15 0.078385 0.955409 0.088021 0.046875
15 0.030208 0.978005 0.059375 0.043990
15 0.029948 0.937260 0.058854 0.042788
