15 0.983654 0.026042 0.032692 0.047917
15 0.922115 0.047135 0.085096 0.090104
15 0.868149 0.017708 0.046394 0.034375
15 0.813221 0.050260 0.051923 0.099479
15 0.811779 0.148698 0.059615 0.144271
15 0.854808 0.169531 0.049519 0.097396
15 0.890745 0.253385 0.062260 0.115104
15 0.961418 0.314583 0.059856 0.115625
15 0.922356 0.364583 0.032692 0.125000
15 0.962500 0.422917 0.050481 0.130208
15 0.914183 0.502344 0.048077 0.074479
15 0.883173 0.435937 0.053365 0.097917
15 0.854567 0.503906 0.063462 0.095312
15 0.949159 0.591146 0.072837 0.147917
15 0.834135 0.389323 0.044712 0.128646
15 0.821034 0.296875 0.049760 0.164583
15 0.809255 0.225260 0.043029 0.075521
15 0.770673 0.359375 0.054327 0.157292
15 0.770192 0.486458 0.055288 0.093750
15 0.717308 0.414062 0.046154 0.114583
15 0.733534 0.291146 0.057933 0.112500
15 0.730168 0.158594 0.041106 0.145313
15 0.772957 0.173698 0.034375 0.169271
15 0.759615 0.044792 0.057692 0.088542
15 0.701082 0.044531 0.055529 0.080729
15 0.682332 0.206510 0.064663 0.182812
15 0.668630 0.338021 0.056490 0.108333
15 0.692548 0.500781 0.050000 0.144271
15 0.733774 0.543750 0.044471 0.117708
15 0.803125 0.564844 0.055769 0.124479
15 0.645312 0.501042 0.042548 0.155208
15 0.607692 0.513021 0.030288 0.100000
15 0.607692 0.394271 0.042308 0.116667
15 0.618510 0.290885 0.067308 0.090104
15 0.570673 0.324479 0.033654 0.125000
15 0.625962 0.184115 0.067308 0.148438
15 0.584856 0.220052 0.032692 0.102604
15 0.559736 0.184896 0.047837 0.095833
15 0.589784 0.117448 0.035337 0.081771
15 0.625962 0.043229 0.079327 0.085417
15 0.683534 0.609896 0.067548 0.108333
15 0.660817 0.698177 0.050962 0.113021
15 0.625120 0.652604 0.032452 0.089583
15 0.594832 0.565885 0.049279 0.068229
15 0.562139 0.465625 0.043029 0.132292
15 0.651322 0.798958 0.048798 0.144792
15 0.701683 0.777083 0.051923 0.180208
15 0.762380 0.755990 0.050240 0.125521
15 0.803365 0.708594 0.047596 0.096354
15 0.844231 0.655469 0.034135 0.068229
15 0.867308 0.605469 0.067308 0.102604
15 0.867548 0.713802 0.058654 0.131771
15 0.820192 0.783333 0.044231 0.095833
15 0.784375 0.862500 0.039423 0.126042
15 0.837740 0.871875 0.050962 0.130208
15 0.910817 0.775260 0.075962 0.145313
15 0.973197 0.779948 0.053606 0.127604
15 0.904327 0.920312 0.068750 0.147917
15 0.816106 0.954427 0.070192 0.067187
15 0.806731 0.979948 0.037981 0.040104
15 0.741947 0.918750 0.048798 0.079167
15 0.735337 0.860417 0.048077 0.096875
15 0.684736 0.886458 0.049760 0.098958
15 0.705048 0.961198 0.048077 0.077604
15 0.757212 0.978906 0.045673 0.042188
15 0.659495 0.955208 0.034856 0.089583
15 0.619351 0.961458 0.045913 0.069792
15 0.612380 0.869010 0.059375 0.121354
15 0.587981 0.957292 0.021635 0.080208
15 0.562260 0.925260 0.035577 0.149479
15 0.520192 0.923698 0.051442 0.114062
15 0.573438 0.805208 0.041106 0.111458
15 0.608173 0.767188 0.033654 0.075000
15 0.587380 0.696875 0.046394 0.122917
15 0.549880 0.680208 0.043990 0.077083
15 0.539543 0.715104 0.029087 0.056250
15 0.550120 0.604427 0.065625 0.071354
15 0.531250 0.519792 0.066346 0.093750
15 0.503846 0.604427 0.038462 0.096354
15 0.508654 0.816927 0.079327 0.148438
15 0.493870 0.983073 0.030048 0.033854
15 0.450481 0.978385 0.041827 0.043229
15 0.454327 0.874479 0.052885 0.159375
15 0.406851 0.948438 0.064183 0.103125
15 0.369231 0.921094 0.034615 0.085938
15 0.356250 0.973698 0.030288 0.052604
15 0.365024 0.850781 0.046394 0.065104
15 0.407933 0.784896 0.040865 0.157292
15 0.451923 0.796875 0.035096 0.069792
15 0.488341 0.715365 0.078606 0.122396
15 0.421875 0.670052 0.043269 0.168229
15 0.460216 0.559896 0.047356 0.111458
15 0.482572 0.461198 0.025240 0.110937
15 0.513702 0.425000 0.052885 0.095833
15 0.518990 0.354427 0.049038 0.070312
15 0.536058 0.260417 0.028365 0.111458
15 0.498558 0.232031 0.045192 0.101562
15 0.470913 0.351823 0.045192 0.142187
15 0.430529 0.344531 0.054808 0.122396
15 0.395913 0.335417 0.028846 0.098958
15 0.396755 0.423698 0.049279 0.089063
15 0.438462 0.460938 0.033173 0.075000
15 0.407933 0.567969 0.057692 0.180729
15 0.362500 0.539323 0.046635 0.121354
15 0.317067 0.556771 0.036538 0.104167
15 0.341106 0.645312 0.068269 0.089583
15 0.348317 0.440365 0.043269 0.109896
15 0.365986 0.336979 0.046875 0.116667
15 0.353245 0.241146 0.071875 0.068750
15 0.440385 0.214583 0.056250 0.136458
15 0.553846 0.086719 0.055769 0.127604
15 0.546154 0.026042 0.029327 0.039583
15 0.507812 0.051042 0.041106 0.092708
15 0.496875 0.130469 0.057692 0.126562
15 0.443750 0.070573 0.066827 0.138021
15 0.390264 0.142708 0.055529 0.148958
15 0.355529 0.062500 0.055769 0.107292
15 0.309014 0.089844 0.046875 0.088021
15 0.338942 0.156771 0.055288 0.104167
15 0.297596 0.227865 0.027404 0.064062
15 0.311899 0.328125 0.079567 0.143750
15 0.284856 0.447135 0.072115 0.089063
15 0.262861 0.371615 0.041106 0.077604
15 0.258654 0.297135 0.031250 0.065104
15 0.241466 0.238542 0.050240 0.102083
15 0.221034 0.319792 0.044471 0.078125
15 0.228005 0.413281 0.040144 0.101562
15 0.192067 0.407552 0.032692 0.106771
15 0.228966 0.140625 0.046394 0.105208
15 0.279447 0.125781 0.041587 0.144271
15 0.262861 0.041667 0.028125 0.082292
15 0.228486 0.041927 0.037740 0.082812
15 0.188101 0.073958 0.041587 0.106250
15 0.144471 0.100000 0.042308 0.113542
15 0.169351 0.184375 0.057452 0.106250
15 0.196755 0.228125 0.042067 0.093750
15 0.158774 0.304427 0.057452 0.132812
15 0.160817 0.476823 0.048077 0.128646
15 0.220192 0.512500 0.066827 0.096875
15 0.271394 0.584115 0.063462 0.130729
15 0.215505 0.610938 0.038702 0.075000
15 0.164423 0.574740 0.041827 0.075521
15 0.166466 0.663021 0.054087 0.172917
15 0.384976 0.723958 0.019952 0.090625
15 0.343750 0.761719 0.063942 0.159896
15 0.330649 0.906250 0.037740 0.105208
15 0.329327 0.985156 0.025481 0.029687
15 0.303005 0.896615 0.020913 0.040104
15 0.280048 0.956510 0.064423 0.086979
15 0.222716 0.939844 0.044952 0.120313
15 0.267668 0.868229 0.053125 0.087500
15 0.286298 0.764583 0.069231 0.140625
15 0.242428 0.739062 0.050240 0.122917
15 0.221755 0.812240 0.027644 0.078646
15 0.179688 0.802604 0.053606 0.100000
15 0.141587 0.908854 0.055769 0.122917
15 0.206731 0.693750 0.030288 0.101042
15 0.266106 0.671875 0.065385 0.056250
15 0.117788 0.804948 0.072115 0.135937
15 0.107452 0.689583 0.052885 0.140625
15 0.055288 0.731510 0.053365 0.166146
15 0.025962 0.867188 0.051442 0.095833
15 0.008293 0.750521 0.016106 0.081250
15 0.022837 0.641667 0.045192 0.134375
15 0.071875 0.603125 0.061538 0.081250
15 0.113942 0.553906 0.058654 0.107813
15 0.068750 0.520052 0.040865 0.076563
15 0.103846 0.451562 0.056250 0.091667
15 0.151082 0.400000 0.046394 0.063542
15 0.085216 0.336979 0.077644 0.150000
15 0.042067 0.460417 0.048077 0.144792
15 0.012139 0.484635 0.023798 0.077604
15 0.027524 0.400260 0.054567 0.103646
15 0.036659 0.276302 0.047837 0.139063
15 0.113221 0.229167 0.070192 0.155208
15 0.101082 0.113802 0.044471 0.081771
15 0.052163 0.104427 0.046154 0.183854
15 0.024519 0.164844 0.047596 0.107813
15 0.019471 0.052344 0.038462 0.103646
15 0.026683 0.966927 0.050000 0.066146
