0 0.425214 0.045433 0.056410 0.042308
0 0.485684 0.052043 0.054274 0.041587
0 0.480556 0.111298 0.094444 0.025000
0 0.299145 0.154567 0.087179 0.039904
0 0.330556 0.196034 0.074786 0.040144
0 0.308333 0.242308 0.058547 0.045673
0 0.379915 0.228606 0.084615 0.047596
0 0.314744 0.302404 0.064530 0.053846
0 0.690385 0.019712 0.095299 0.024038
0 0.799786 0.027284 0.079915 0.032452
0 0.849359 0.016947 0.062821 0.031490
0 0.809829 0.054928 0.077778 0.040625
0 0.793376 0.091466 0.068803 0.037260
0 0.856624 0.105889 0.061111 0.033894
0 0.860897 0.139063 0.062821 0.040144
0 0.795940 0.132452 0.063675 0.048558
0 0.734402 0.121755 0.054274 0.056490
0 0.767094 0.214062 0.079487 0.035337
0 0.853846 0.196514 0.062393 0.043029
0 0.797863 0.339423 0.043590 0.043750
0 0.729487 0.368389 0.086325 0.039663
0 0.660897 0.336298 0.064530 0.048077
0 0.602350 0.338462 0.055128 0.041827
0 0.611111 0.376563 0.081197 0.032452
0 0.665385 0.417187 0.082051 0.037260
0 0.303632 0.418750 0.069658 0.048077
0 0.292094 0.467548 0.054274 0.047596
0 0.318803 0.506010 0.093162 0.050000
0 0.390385 0.469832 0.065385 0.034375
0 0.512393 0.449880 0.089744 0.028125
0 0.483120 0.472957 0.066239 0.032933
0 0.603205 0.496755 0.070513 0.034375
0 0.687179 0.517788 0.083761 0.038462
0 0.886538 0.516587 0.073932 0.040865
0 0.810256 0.555168 0.080342 0.034375
0 0.417735 0.567187 0.054274 0.035817
0 0.309188 0.579087 0.068803 0.047115
0 0.297436 0.621274 0.047009 0.043029
0 0.354060 0.625000 0.074786 0.044712
0 0.300427 0.660337 0.046154 0.034615
0 0.348932 0.703606 0.073077 0.046635
0 0.429060 0.709135 0.048718 0.046154
0 0.505342 0.694111 0.056838 0.057452
0 0.514957 0.745913 0.072650 0.026442
0 0.385897 0.740505 0.098291 0.032452
0 0.304487 0.737620 0.061111 0.042067
0 0.294444 0.769712 0.056410 0.028846
0 0.357692 0.780769 0.073504 0.050000
0 0.429487 0.792788 0.084615 0.038942
0 0.476709 0.768029 0.068803 0.048077
0 0.486752 0.813341 0.085470 0.032933
0 0.563889 0.779327 0.114103 0.039423
0 0.559402 0.817308 0.051282 0.032692
0 0.594231 0.847716 0.060256 0.041587
0 0.650641 0.850000 0.049145 0.044231
0 0.694658 0.883534 0.068803 0.054567
0 0.515598 0.916827 0.071368 0.045673
0 0.871368 0.947957 0.087179 0.057933
