15 0.961719 0.109280 0.076563 0.127282
15 0.935937 0.035243 0.120833 0.059331
15 0.823438 0.044118 0.121875 0.087221
15 0.710156 0.072769 0.131771 0.138438
15 0.811458 0.196755 0.161458 0.139959
15 0.902865 0.326826 0.111979 0.104970
15 0.774740 0.310598 0.199479 0.115112
15 0.812760 0.401876 0.164062 0.079615
15 0.871875 0.486055 0.125000 0.163793
15 0.965625 0.381339 0.068750 0.155172
15 0.970052 0.520538 0.059896 0.192191
15 0.924479 0.629310 0.123958 0.137931
15 0.921094 0.789554 0.150521 0.154158
15 0.820833 0.938387 0.136458 0.111055
15 0.952865 0.979209 0.094271 0.041582
15 0.783594 0.819219 0.148438 0.140467
15 0.708333 0.920385 0.137500 0.102434
15 0.656771 0.974391 0.138542 0.051217
15 0.561979 0.959939 0.088542 0.080122
15 0.475521 0.889452 0.088542 0.196755
15 0.620313 0.844067 0.180208 0.146552
15 0.665885 0.718813 0.134896 0.091785
15 0.687240 0.611055 0.128646 0.166329
15 0.795312 0.613590 0.116667 0.136917
15 0.375781 0.886156 0.095312 0.146552
15 0.375781 0.975406 0.110937 0.049189
15 0.254427 0.966278 0.109896 0.067444
15 0.164583 0.881846 0.138542 0.141988
15 0.296875 0.852688 0.105208 0.144523
15 0.402083 0.745943 0.134375 0.114604
15 0.368750 0.670892 0.111458 0.140974
15 0.228646 0.753043 0.155208 0.102434
15 0.087240 0.920892 0.084896 0.153144
15 0.027604 0.862323 0.054167 0.144523
15 0.069531 0.720588 0.090104 0.108519
15 0.107031 0.573276 0.149479 0.207404
15 0.231250 0.627789 0.152083 0.197769
15 0.307031 0.574797 0.113021 0.128296
15 0.417448 0.548682 0.107813 0.101420
15 0.373698 0.439402 0.201563 0.159736
15 0.544010 0.543103 0.129688 0.164300
15 0.748958 0.496197 0.122917 0.095842
15 0.655729 0.452333 0.118750 0.155172
15 0.561979 0.305020 0.159375 0.143509
15 0.656771 0.300963 0.085417 0.124239
15 0.047917 0.365112 0.094792 0.153144
15 0.517708 0.403905 0.133333 0.127282
15 0.185156 0.429767 0.128646 0.138438
15 0.254167 0.305274 0.102083 0.197769
15 0.404948 0.284483 0.146354 0.152130
15 0.330469 0.169878 0.159896 0.120690
15 0.220312 0.093813 0.116667 0.136917
15 0.150260 0.186866 0.127604 0.110041
15 0.048438 0.191176 0.093750 0.168357
15 0.095052 0.052738 0.129688 0.104462
15 0.319271 0.052738 0.121875 0.104462
15 0.448958 0.104462 0.090625 0.150101
15 0.512760 0.125507 0.067187 0.129310
15 0.611979 0.162018 0.119792 0.144523
15 0.573177 0.038286 0.095312 0.075558
15 0.017448 0.628296 0.031771 0.168357
15 0.046875 0.497211 0.092708 0.109026
15 0.531510 0.723377 0.131771 0.192191
15 0.820312 0.710953 0.131250 0.106491
