15 0.862760 0.033894 0.116146 0.062019
15 0.967969 0.062620 0.064062 0.056971
15 0.982292 0.114663 0.035417 0.044712
15 0.899219 0.099159 0.118229 0.057933
15 0.779427 0.084615 0.071354 0.066346
15 0.758073 0.146154 0.115104 0.051442
15 0.700260 0.093630 0.115104 0.075240
15 0.669271 0.051082 0.083333 0.040144
15 0.691146 0.027404 0.110417 0.052404
15 0.798177 0.011899 0.074479 0.023317
15 0.748698 0.004567 0.036979 0.008654
15 0.567448 0.033053 0.098437 0.065625
15 0.481510 0.011058 0.075521 0.021154
15 0.481771 0.051082 0.065625 0.046394
15 0.472135 0.096394 0.102604 0.038942
15 0.580729 0.086178 0.142708 0.079567
15 0.587240 0.121995 0.094271 0.032452
15 0.475000 0.131370 0.076042 0.039663
15 0.394531 0.049399 0.125521 0.045433
15 0.379948 0.014063 0.121354 0.027163
15 0.304427 0.038221 0.064062 0.039904
15 0.324740 0.093269 0.135937 0.061058
15 0.272656 0.140264 0.135937 0.044952
15 0.417187 0.152284 0.105208 0.064663
15 0.504687 0.171875 0.087500 0.039904
15 0.612500 0.163462 0.138542 0.073558
15 0.707292 0.187861 0.114583 0.028606
15 0.858073 0.159976 0.128646 0.063221
15 0.954948 0.229567 0.090104 0.079808
15 0.828385 0.222596 0.120313 0.062500
15 0.711719 0.229567 0.141146 0.069712
15 0.598437 0.233173 0.105208 0.058654
15 0.510938 0.233654 0.102083 0.056250
15 0.421875 0.216466 0.094792 0.063221
15 0.311719 0.203365 0.120313 0.063462
15 0.423177 0.277163 0.110937 0.057212
15 0.508594 0.293990 0.093229 0.054327
15 0.603906 0.291226 0.094271 0.081010
15 0.691927 0.284375 0.084896 0.039423
15 0.810677 0.273077 0.154688 0.054808
15 0.884635 0.304327 0.069271 0.055288
15 0.956510 0.307812 0.086979 0.057452
15 0.790625 0.321514 0.144792 0.043029
15 0.321094 0.266106 0.080729 0.064423
15 0.489323 0.336298 0.130729 0.039904
15 0.364583 0.341587 0.104167 0.052404
15 0.402604 0.386178 0.088542 0.051683
15 0.504427 0.375841 0.111979 0.059856
15 0.647396 0.350841 0.165625 0.059856
15 0.719531 0.303245 0.090104 0.034375
15 0.891146 0.362861 0.118750 0.050721
15 0.772656 0.369832 0.110937 0.070433
15 0.686979 0.391106 0.046875 0.029327
15 0.615104 0.401442 0.110417 0.084615
15 0.981250 0.389303 0.037500 0.049760
15 0.948958 0.401322 0.015625 0.020433
15 0.879427 0.411178 0.102604 0.050240
15 0.965885 0.434736 0.048438 0.037740
15 0.990104 0.444351 0.019792 0.031490
15 0.805208 0.425120 0.072917 0.060817
15 0.684375 0.441106 0.150000 0.063942
15 0.520052 0.459255 0.170313 0.053125
15 0.535937 0.421274 0.054167 0.031971
15 0.397135 0.434856 0.173437 0.056250
15 0.467969 0.467548 0.099479 0.041346
15 0.539844 0.503966 0.106771 0.036298
15 0.432552 0.502644 0.100521 0.053365
15 0.643229 0.489063 0.091667 0.031971
15 0.716146 0.488582 0.052083 0.033894
15 0.804948 0.485337 0.120313 0.068269
15 0.909635 0.466947 0.105729 0.059856
15 0.982552 0.476562 0.027604 0.038702
15 0.360938 0.524038 0.073958 0.041827
15 0.404948 0.559615 0.075521 0.044231
15 0.495312 0.544591 0.077083 0.037740
15 0.471615 0.585697 0.091146 0.053125
15 0.388802 0.613101 0.066146 0.067548
15 0.304688 0.614062 0.120833 0.043029
15 0.305990 0.566466 0.107813 0.050721
15 0.272656 0.513462 0.101562 0.060577
15 0.283854 0.467909 0.135417 0.028125
15 0.628125 0.520793 0.139583 0.029567
15 0.599740 0.563341 0.119271 0.049279
15 0.694010 0.550601 0.098437 0.043029
15 0.795833 0.532212 0.119792 0.024519
15 0.921615 0.514543 0.127604 0.042067
15 0.911198 0.562740 0.146354 0.057692
15 0.797656 0.560337 0.077604 0.039904
15 0.749740 0.596034 0.057813 0.045433
15 0.683854 0.596514 0.086458 0.040144
15 0.575260 0.614904 0.126562 0.073558
15 0.676302 0.640745 0.110937 0.048317
15 0.848177 0.615986 0.135937 0.062740
15 0.776302 0.653726 0.082812 0.049760
15 0.297396 0.646514 0.120833 0.024760
15 0.543490 0.664303 0.091146 0.053125
15 0.639844 0.683894 0.102604 0.049519
15 0.715104 0.679688 0.046875 0.033413
15 0.846354 0.679808 0.062500 0.033654
15 0.934635 0.659375 0.125521 0.068269
15 0.760156 0.704688 0.111979 0.049279
15 0.904167 0.719111 0.175000 0.056010
15 0.791927 0.743029 0.150521 0.032692
15 0.639062 0.733654 0.137500 0.048077
15 0.552344 0.715024 0.085938 0.048317
15 0.451042 0.685817 0.109375 0.055288
15 0.401042 0.674760 0.045833 0.039904
15 0.338802 0.681250 0.078646 0.062981
15 0.369010 0.714063 0.095312 0.026683
15 0.471875 0.744111 0.117708 0.057452
15 0.394271 0.765144 0.069792 0.065385
15 0.265885 0.730288 0.132812 0.060096
15 0.252865 0.678606 0.093229 0.037019
15 0.550260 0.769712 0.063021 0.045192
15 0.469271 0.796394 0.078125 0.050962
15 0.393229 0.808894 0.072917 0.030288
15 0.288021 0.784135 0.126042 0.099519
15 0.640625 0.780769 0.135417 0.062981
15 0.725260 0.778125 0.044271 0.047115
15 0.809635 0.783774 0.080729 0.056490
15 0.926302 0.772356 0.132812 0.050000
15 0.692969 0.819111 0.109896 0.029567
15 0.608333 0.833293 0.056250 0.039183
15 0.536979 0.820913 0.087500 0.053846
15 0.478125 0.847236 0.073958 0.054567
15 0.570833 0.868269 0.121875 0.039423
15 0.394792 0.852644 0.093750 0.057692
15 0.788542 0.829567 0.082292 0.052885
15 0.897396 0.824760 0.132292 0.066827
15 0.984896 0.755529 0.030208 0.036058
15 0.984375 0.690865 0.031250 0.027404
15 0.975260 0.591947 0.049479 0.058894
15 0.980729 0.822716 0.038542 0.044952
15 0.845313 0.857332 0.065625 0.039663
15 0.782552 0.893389 0.107813 0.046394
15 0.923958 0.887260 0.152083 0.055769
15 0.857031 0.941106 0.107813 0.062981
15 0.957552 0.931370 0.084896 0.053606
15 0.753125 0.947957 0.126042 0.077644
15 0.642448 0.943269 0.100521 0.064904
15 0.535156 0.933173 0.111979 0.067788
15 0.432812 0.906611 0.090625 0.059856
15 0.345052 0.918750 0.082812 0.074519
15 0.970573 0.976683 0.058854 0.040385
15 0.847396 0.984135 0.153125 0.031731
15 0.710938 0.988822 0.093750 0.022356
15 0.595313 0.993510 0.057292 0.012981
15 0.472917 0.976683 0.134375 0.046635
15 0.348177 0.984736 0.109896 0.030529
15 0.274479 0.911899 0.163542 0.059856
15 0.196354 0.931851 0.056250 0.031490
15 0.222656 0.866106 0.074479 0.038942
15 0.314844 0.862981 0.142187 0.049038
15 0.192969 0.826562 0.066146 0.056010
15 0.193229 0.778365 0.106250 0.035096
15 0.126042 0.966226 0.198958 0.067548
15 0.041667 0.918389 0.082292 0.054567
15 0.113802 0.894351 0.134896 0.066106
15 0.098958 0.826803 0.127083 0.079087
15 0.024479 0.852284 0.047917 0.075721
15 0.041146 0.772596 0.081250 0.070673
15 0.138021 0.742428 0.106250 0.057933
15 0.106771 0.686538 0.156250 0.036058
15 0.040625 0.719952 0.075000 0.033654
15 0.032813 0.660937 0.064583 0.044471
15 0.143490 0.653846 0.082812 0.025000
15 0.192448 0.633293 0.106771 0.044471
15 0.142187 0.610096 0.056250 0.033173
15 0.058854 0.598317 0.116667 0.058173
15 0.079427 0.642308 0.081771 0.033173
15 0.086979 0.559495 0.092708 0.060337
15 0.214323 0.588702 0.092188 0.035577
15 0.179427 0.545192 0.125521 0.048077
15 0.013542 0.548438 0.026042 0.037260
15 0.053125 0.509255 0.105208 0.035817
15 0.147396 0.478125 0.121875 0.040865
15 0.039062 0.464062 0.077083 0.071875
15 0.133594 0.428365 0.088021 0.059135
15 0.248177 0.429928 0.118229 0.043990
15 0.230208 0.400962 0.146875 0.031250
15 0.103646 0.363942 0.108333 0.058173
15 0.037760 0.401562 0.066146 0.055048
15 0.277865 0.315986 0.086979 0.062740
15 0.171615 0.319471 0.126562 0.054327
15 0.043229 0.330048 0.085417 0.064423
15 0.031510 0.264543 0.061979 0.043029
15 0.114844 0.262260 0.114062 0.079808
15 0.225000 0.254087 0.091667 0.075481
15 0.244792 0.200361 0.045833 0.063702
15 0.172656 0.186779 0.107813 0.062500
15 0.073698 0.179808 0.081771 0.060577
15 0.019792 0.224159 0.038542 0.039663
15 0.014323 0.171995 0.027604 0.052644
15 0.064844 0.131971 0.101562 0.038462
15 0.140365 0.123678 0.065104 0.052163
15 0.195573 0.106971 0.082812 0.063462
15 0.073177 0.086538 0.140104 0.048558
15 0.202083 0.062981 0.114583 0.034135
15 0.187760 0.025601 0.163021 0.050721
15 0.080469 0.032091 0.094271 0.031010
15 0.028385 0.046154 0.055729 0.032212
15 0.036198 0.009856 0.071354 0.019231
15 0.134375 0.004207 0.061458 0.007933
