15 0.811000 0.053804 0.042000 0.051087
15 0.838500 0.055978 0.027500 0.043478
15 0.796625 0.097554 0.022250 0.040761
15 0.778125 0.127989 0.035250 0.051630
15 0.838250 0.136413 0.051500 0.056522
15 0.856000 0.110598 0.030000 0.047283
15 0.828625 0.094293 0.028750 0.023370
15 0.879750 0.141576 0.030000 0.057065
15 0.903875 0.193478 0.029250 0.094565
15 0.861500 0.184511 0.024500 0.042935
15 0.868125 0.225815 0.043750 0.037500
15 0.829375 0.199457 0.038250 0.070652
15 0.802000 0.168207 0.020500 0.059239
15 0.776875 0.185326 0.034250 0.033696
15 0.743375 0.170380 0.026750 0.040761
15 0.738250 0.132065 0.036500 0.039130
15 0.751875 0.097283 0.028750 0.041304
15 0.768375 0.069293 0.029250 0.059239
15 0.741250 0.063315 0.025000 0.052717
15 0.767250 0.212772 0.046000 0.051630
15 0.734875 0.221196 0.021750 0.034783
15 0.801375 0.223641 0.023750 0.032065
15 0.845250 0.247826 0.026500 0.027174
15 0.882250 0.267663 0.038000 0.050543
15 0.852125 0.289130 0.025750 0.050000
15 0.913750 0.286413 0.026500 0.046739
15 0.939375 0.280163 0.030750 0.052717
15 0.953000 0.331793 0.032500 0.060326
15 0.896750 0.317663 0.044000 0.052717
15 0.935500 0.364130 0.030000 0.050000
15 0.969625 0.385054 0.037250 0.033152
15 0.909750 0.381250 0.045500 0.076630
15 0.871750 0.340761 0.035500 0.050000
15 0.834375 0.333967 0.031750 0.048370
15 0.817000 0.282609 0.044000 0.055435
15 0.809750 0.247283 0.036000 0.030435
15 0.780875 0.279348 0.027250 0.046739
15 0.739375 0.274185 0.036250 0.066848
15 0.765250 0.256250 0.022000 0.029891
15 0.705375 0.272554 0.025750 0.061413
15 0.702375 0.220109 0.027250 0.044565
15 0.720500 0.194565 0.018000 0.055435
15 0.676125 0.177174 0.026250 0.061957
15 0.685125 0.138587 0.027750 0.041304
15 0.711375 0.144837 0.018750 0.047283
15 0.715750 0.102717 0.018000 0.035870
15 0.698500 0.071196 0.032000 0.046739
15 0.693750 0.087772 0.019500 0.059239
15 0.672375 0.098098 0.020750 0.040761
15 0.658625 0.117120 0.024750 0.046196
15 0.652750 0.079348 0.014000 0.032609
15 0.632125 0.069565 0.029250 0.055435
15 0.870500 0.390217 0.035000 0.063043
15 0.835125 0.373641 0.030750 0.047283
15 0.802000 0.330163 0.028500 0.063587
15 0.778750 0.353533 0.033000 0.067935
15 0.813750 0.389130 0.038000 0.045652
15 0.762750 0.308696 0.028000 0.034783
15 0.741750 0.343750 0.037500 0.059239
15 0.756875 0.385598 0.030250 0.034239
15 0.718000 0.381250 0.039000 0.059239
15 0.699375 0.334239 0.026750 0.045652
15 0.686625 0.379076 0.024250 0.033152
15 0.664250 0.355435 0.037000 0.053261
15 0.668125 0.296467 0.028750 0.052717
15 0.678000 0.239674 0.034500 0.045652
15 0.645125 0.272283 0.032250 0.089130
15 0.645250 0.202989 0.030500 0.038587
15 0.650000 0.176630 0.028500 0.018478
15 0.610750 0.218478 0.034500 0.067391
15 0.640375 0.141576 0.036750 0.040761
15 0.612000 0.121739 0.020000 0.026087
15 0.601125 0.085326 0.028750 0.035870
15 0.579625 0.242935 0.040250 0.050000
15 0.578875 0.284783 0.039750 0.042391
15 0.589500 0.326902 0.020000 0.044022
15 0.616375 0.308152 0.028750 0.081522
15 0.637000 0.322283 0.015000 0.065217
15 0.633250 0.385870 0.031000 0.048913
15 0.602875 0.379620 0.029250 0.054891
15 0.567250 0.373913 0.032500 0.043478
15 0.561000 0.324728 0.034500 0.044022
15 0.537625 0.270380 0.039250 0.058152
15 0.516500 0.222011 0.024000 0.057065
15 0.542750 0.233967 0.024500 0.046196
15 0.556375 0.190217 0.035250 0.050000
15 0.583000 0.191576 0.025000 0.061413
15 0.602500 0.158967 0.047000 0.049457
15 0.537250 0.169837 0.028500 0.078804
15 0.565875 0.144293 0.026250 0.036413
15 0.571375 0.101359 0.025750 0.045109
15 0.592625 0.058152 0.026750 0.040217
15 0.564000 0.069837 0.036500 0.034239
15 0.530000 0.104620 0.036500 0.073370
15 0.533000 0.039402 0.027000 0.054891
15 0.506875 0.065489 0.028250 0.064674
15 0.496875 0.036413 0.041250 0.040217
15 0.479500 0.090489 0.030500 0.054891
15 0.499625 0.139402 0.030750 0.041848
15 0.463500 0.151630 0.033500 0.031522
15 0.489625 0.212500 0.027250 0.092391
15 0.512375 0.177989 0.023250 0.034239
15 0.503875 0.279620 0.025250 0.058152
15 0.522750 0.316033 0.037500 0.040761
15 0.478125 0.284239 0.031750 0.053261
15 0.469000 0.253261 0.015000 0.036957
15 0.456500 0.207065 0.029500 0.043478
15 0.442875 0.230707 0.038250 0.079891
15 0.469000 0.177717 0.011000 0.026087
15 0.442750 0.110054 0.032000 0.046196
15 0.485750 0.333696 0.025000 0.043478
15 0.456125 0.348098 0.033250 0.070109
15 0.447500 0.317935 0.027500 0.041304
15 0.426875 0.285326 0.039250 0.053261
15 0.417250 0.238315 0.015500 0.064674
15 0.394625 0.242120 0.030750 0.060326
15 0.383125 0.257609 0.033750 0.038043
15 0.387875 0.296196 0.036750 0.052174
15 0.417875 0.345380 0.035750 0.065761
15 0.471875 0.371739 0.026750 0.060870
15 0.520625 0.370380 0.033750 0.058152
15 0.493625 0.407609 0.027750 0.055435
15 0.546000 0.367391 0.017500 0.034783
15 0.546375 0.411685 0.018250 0.063587
15 0.429750 0.176359 0.020500 0.055978
15 0.433375 0.135054 0.022250 0.017935
15 0.444375 0.164946 0.014250 0.034239
15 0.409125 0.159511 0.026250 0.072283
15 0.395250 0.207065 0.033500 0.026087
15 0.381500 0.174185 0.029000 0.040761
15 0.412375 0.096739 0.027250 0.060870
15 0.408750 0.046467 0.024500 0.061413
15 0.455125 0.035054 0.044750 0.069022
15 0.389375 0.082880 0.024250 0.046196
15 0.378125 0.102446 0.034750 0.029891
15 0.374750 0.138315 0.040000 0.047283
15 0.343125 0.125000 0.027250 0.050000
15 0.334875 0.148641 0.027750 0.035326
15 0.362875 0.225815 0.020750 0.037500
15 0.343625 0.197011 0.046250 0.069022
15 0.344875 0.253261 0.045250 0.033696
15 0.352500 0.297283 0.030500 0.052174
15 0.373875 0.334239 0.028250 0.048913
15 0.405875 0.387228 0.035750 0.072283
15 0.454625 0.411413 0.047250 0.039130
15 0.447250 0.448098 0.053000 0.057065
15 0.497250 0.470924 0.035500 0.073370
15 0.532375 0.457337 0.035250 0.098370
15 0.575500 0.460054 0.048000 0.049457
15 0.580625 0.414674 0.052750 0.045652
15 0.377875 0.427989 0.045250 0.113587
15 0.361375 0.374457 0.033750 0.034783
15 0.343625 0.353533 0.032250 0.044022
15 0.338750 0.454620 0.035500 0.061413
15 0.376000 0.535054 0.035000 0.046196
15 0.419875 0.532609 0.055250 0.083696
15 0.462000 0.516033 0.033500 0.096196
15 0.418500 0.470109 0.035000 0.042391
15 0.346000 0.515217 0.030000 0.040217
15 0.309500 0.216304 0.023500 0.043478
15 0.303750 0.266033 0.033000 0.063587
15 0.317250 0.300000 0.040000 0.057609
15 0.310500 0.354620 0.031000 0.063587
15 0.328250 0.395652 0.045000 0.048913
15 0.267125 0.312772 0.033250 0.089674
15 0.246000 0.257337 0.047000 0.052717
15 0.274125 0.201902 0.035750 0.064674
15 0.304750 0.175272 0.036500 0.055978
15 0.280000 0.119293 0.028500 0.058152
15 0.311375 0.083424 0.031250 0.073370
15 0.311750 0.138315 0.035500 0.036413
15 0.363625 0.051087 0.027250 0.068478
15 0.348125 0.076359 0.031250 0.059239
15 0.330500 0.042935 0.024500 0.025000
15 0.285375 0.059239 0.021750 0.039130
15 0.244500 0.089402 0.042500 0.053804
15 0.249875 0.142663 0.039750 0.040761
15 0.232750 0.169565 0.042000 0.030435
15 0.229375 0.207065 0.043250 0.038043
15 0.198750 0.240489 0.043000 0.059239
15 0.216000 0.320652 0.059500 0.086957
15 0.163750 0.313315 0.045000 0.073370
15 0.163000 0.265217 0.048500 0.039130
15 0.172625 0.223370 0.016250 0.042391
15 0.186250 0.172826 0.045000 0.048913
15 0.207750 0.137500 0.039000 0.048913
15 0.153750 0.126087 0.051500 0.048913
15 0.155125 0.094565 0.037250 0.047826
15 0.159500 0.066033 0.038500 0.038587
15 0.196250 0.061141 0.051500 0.060326
15 0.233625 0.051359 0.034750 0.034239
15 0.263750 0.048913 0.021000 0.029348
15 0.151250 0.177446 0.023000 0.060326
15 0.121375 0.151630 0.033250 0.034783
15 0.118875 0.196739 0.051250 0.060870
15 0.126125 0.240489 0.045750 0.045109
15 0.111000 0.282880 0.048500 0.048370
15 0.136625 0.344293 0.046250 0.074457
15 0.097750 0.311141 0.046000 0.052717
15 0.272125 0.380978 0.044250 0.038043
15 0.256125 0.417120 0.045250 0.076630
15 0.294500 0.441848 0.040500 0.061957
15 0.242625 0.463859 0.048250 0.048370
15 0.212375 0.426087 0.053250 0.094565
15 0.211375 0.381522 0.034750 0.033696
15 0.179125 0.388587 0.028250 0.055435
15 0.140375 0.400543 0.048250 0.053261
15 0.168250 0.460054 0.042500 0.085326
15 0.053250 0.351630 0.039500 0.048913
15 0.067375 0.382337 0.063750 0.073370
15 0.095250 0.401359 0.033000 0.072283
15 0.054500 0.452717 0.049000 0.060870
15 0.123375 0.466848 0.052750 0.079348
15 0.109125 0.521196 0.076750 0.073913
15 0.048750 0.504620 0.052000 0.054891
15 0.016375 0.502174 0.032250 0.078261
15 0.035250 0.572554 0.054500 0.083152
15 0.095375 0.583424 0.060750 0.053804
15 0.166125 0.560326 0.068250 0.076087
15 0.197375 0.501087 0.055250 0.061957
15 0.262500 0.509511 0.046500 0.072283
15 0.307000 0.489674 0.046000 0.091304
15 0.270875 0.580707 0.031250 0.066848
15 0.228125 0.588043 0.039750 0.075000
15 0.218250 0.562228 0.039000 0.058152
15 0.174500 0.634511 0.065500 0.103804
15 0.122875 0.633967 0.045250 0.078804
15 0.060625 0.636685 0.061750 0.077717
15 0.016250 0.664402 0.032000 0.091848
15 0.011125 0.736957 0.020750 0.071739
15 0.058375 0.715489 0.055750 0.083152
15 0.109750 0.714946 0.052000 0.078804
15 0.195125 0.685054 0.051750 0.082065
15 0.228625 0.714130 0.046750 0.086957
15 0.255125 0.635870 0.079750 0.076087
15 0.142625 0.759239 0.088750 0.091304
15 0.089500 0.817663 0.045500 0.092935
15 0.038375 0.813587 0.044750 0.108696
15 0.070000 0.922011 0.068500 0.155978
15 0.026875 0.963587 0.053250 0.072826
15 0.013000 0.858152 0.025000 0.151087
15 0.197375 0.855435 0.066750 0.168478
15 0.181875 0.983152 0.048750 0.033696
15 0.236250 0.959783 0.056500 0.076087
15 0.262625 0.866848 0.062250 0.115217
15 0.260375 0.779076 0.072250 0.080978
15 0.309375 0.843207 0.042750 0.096196
15 0.318125 0.948370 0.050750 0.101087
15 0.344625 0.739946 0.051750 0.078804
15 0.286875 0.713859 0.063250 0.088587
15 0.339250 0.663043 0.041500 0.057609
15 0.308500 0.574728 0.040000 0.095109
15 0.341625 0.586141 0.030750 0.083152
15 0.381375 0.577717 0.047750 0.058696
15 0.387000 0.663587 0.061500 0.104348
15 0.399125 0.741304 0.045750 0.061957
15 0.360750 0.800543 0.063500 0.080435
15 0.412000 0.811957 0.035500 0.092391
15 0.370250 0.880707 0.060000 0.115761
15 0.426625 0.657337 0.024750 0.082065
15 0.458875 0.637772 0.055250 0.105978
15 0.476625 0.584239 0.035250 0.056522
15 0.492875 0.536413 0.027250 0.071739
15 0.522125 0.627174 0.042750 0.073913
15 0.451625 0.752446 0.043250 0.092935
15 0.456750 0.720652 0.063000 0.053261
15 0.488625 0.826359 0.025250 0.085326
15 0.455625 0.843207 0.049250 0.075543
15 0.435750 0.914402 0.056000 0.060326
15 0.408750 0.966033 0.078500 0.067935
15 0.458750 0.981793 0.021500 0.036413
15 0.497750 0.931793 0.057500 0.124457
15 0.527500 0.516576 0.029000 0.016848
15 0.535875 0.562500 0.056750 0.069565
15 0.562375 0.502989 0.024250 0.037500
15 0.564500 0.547826 0.022500 0.044565
15 0.594500 0.529620 0.047500 0.092935
15 0.581875 0.600272 0.038750 0.052717
15 0.574000 0.639130 0.039500 0.047826
15 0.581250 0.689402 0.055500 0.092935
15 0.561000 0.770380 0.032000 0.059239
15 0.514250 0.760598 0.046500 0.053804
15 0.524375 0.687500 0.070250 0.097826
15 0.532625 0.830978 0.052750 0.095652
15 0.593875 0.848913 0.063250 0.127174
15 0.602875 0.772283 0.029750 0.052174
15 0.632375 0.721196 0.047250 0.096739
15 0.623000 0.619565 0.043000 0.046739
15 0.634625 0.662228 0.055250 0.041848
15 0.686375 0.632065 0.090250 0.070652
15 0.686625 0.717663 0.059250 0.119022
15 0.643625 0.802174 0.044250 0.064130
15 0.553625 0.958152 0.057250 0.083696
15 0.599875 0.959239 0.037250 0.076087
15 0.638250 0.948098 0.049000 0.101630
15 0.691375 0.962772 0.085250 0.074457
15 0.706375 0.871739 0.088750 0.114130
15 0.642750 0.869565 0.036000 0.057609
15 0.717250 0.810598 0.031500 0.038587
15 0.749375 0.797554 0.052750 0.061413
15 0.727625 0.708424 0.028250 0.116848
15 0.773750 0.702174 0.069000 0.107609
15 0.760250 0.636685 0.033000 0.055978
15 0.624875 0.448098 0.030250 0.054891
15 0.611375 0.483152 0.035250 0.054348
15 0.655625 0.475815 0.041750 0.053804
15 0.673625 0.416848 0.064750 0.045652
15 0.711875 0.454348 0.029750 0.029348
15 0.692875 0.464402 0.018250 0.013587
15 0.692750 0.509783 0.053500 0.068478
15 0.735750 0.506793 0.033000 0.066848
15 0.711000 0.553533 0.057000 0.033152
15 0.706625 0.588043 0.050750 0.039130
15 0.761000 0.588315 0.064500 0.046196
15 0.770500 0.555978 0.042000 0.043478
15 0.773375 0.492120 0.047750 0.054891
15 0.749750 0.429348 0.039500 0.083696
15 0.781125 0.438587 0.023750 0.058696
15 0.811625 0.468750 0.040250 0.077717
15 0.820000 0.429620 0.040500 0.041848
15 0.860875 0.424457 0.040250 0.059783
15 0.851500 0.494837 0.035500 0.077717
15 0.817250 0.526630 0.038500 0.042391
15 0.821500 0.570924 0.055500 0.040761
15 0.804125 0.654891 0.042250 0.080435
15 0.829625 0.622011 0.061250 0.067935
15 0.818125 0.785326 0.057750 0.125000
15 0.852625 0.716576 0.047750 0.087500
15 0.786000 0.877174 0.072000 0.076087
15 0.791875 0.933424 0.042250 0.069022
15 0.749750 0.940489 0.032500 0.085326
15 0.771250 0.982880 0.041000 0.034239
15 0.830375 0.982337 0.043750 0.035326
15 0.847375 0.960870 0.039750 0.046739
15 0.887500 0.970652 0.048000 0.058696
15 0.863875 0.887772 0.069250 0.084239
15 0.874875 0.784239 0.060250 0.091304
15 0.935000 0.813859 0.050000 0.142935
15 0.946875 0.963315 0.056250 0.073370
15 0.980625 0.953261 0.038750 0.053261
15 0.946625 0.891848 0.044750 0.064130
15 0.985250 0.874728 0.029500 0.069022
15 0.989250 0.780435 0.021500 0.075000
15 0.968750 0.795380 0.016000 0.058152
15 0.933125 0.720652 0.048750 0.041304
15 0.894250 0.668207 0.047000 0.091848
15 0.876375 0.581522 0.050750 0.073913
15 0.930375 0.586685 0.046250 0.129891
15 0.971750 0.655435 0.056500 0.085870
15 0.980750 0.573098 0.038500 0.065761
15 0.957250 0.524185 0.047500 0.059239
15 0.982125 0.486413 0.035750 0.052174
15 0.995625 0.520652 0.007750 0.034783
15 0.916875 0.458424 0.030750 0.061413
15 0.895375 0.472826 0.053750 0.043478
15 0.889750 0.512228 0.035000 0.061413
15 0.949375 0.437228 0.035250 0.080978
15 0.984375 0.427717 0.031250 0.057609
