15 0.632552 0.019111 0.086979 0.037260
15 0.686458 0.048077 0.095833 0.038942
15 0.713021 0.084736 0.086458 0.041106
15 0.679427 0.118510 0.061979 0.027404
15 0.607552 0.127284 0.069271 0.043990
15 0.599479 0.077885 0.090625 0.035577
15 0.489063 0.135457 0.090625 0.046394
15 0.558854 0.180288 0.065625 0.057212
15 0.609375 0.203245 0.051042 0.055048
15 0.502865 0.211779 0.060937 0.044712
15 0.626302 0.250962 0.079687 0.039423
15 0.776823 0.230649 0.127604 0.059375
15 0.813542 0.194591 0.091667 0.038702
15 0.852604 0.162019 0.095833 0.042308
15 0.880990 0.114183 0.095312 0.053365
15 0.904687 0.209495 0.100000 0.050240
15 0.881771 0.253486 0.086458 0.049279
15 0.835938 0.284856 0.071875 0.032692
15 0.919531 0.298678 0.075521 0.037740
15 0.917188 0.337981 0.072917 0.035096
15 0.917708 0.383534 0.071875 0.056010
15 0.874219 0.408894 0.081771 0.036058
15 0.857031 0.354327 0.067187 0.053846
15 0.790104 0.385817 0.077083 0.036538
15 0.763281 0.346514 0.100521 0.034856
15 0.697656 0.312500 0.093229 0.042308
15 0.732292 0.275000 0.100000 0.036058
15 0.657813 0.337380 0.088542 0.043990
15 0.641146 0.369471 0.102083 0.029327
15 0.614583 0.398077 0.117708 0.025962
15 0.778906 0.424038 0.094271 0.042308
15 0.898958 0.443510 0.091667 0.033173
15 0.400000 0.094471 0.060417 0.053846
15 0.344271 0.055288 0.103125 0.047596
15 0.096094 0.060096 0.082812 0.067308
15 0.106771 0.131130 0.077083 0.049279
15 0.089844 0.181370 0.082812 0.049279
15 0.106250 0.331611 0.065625 0.058894
15 0.297656 0.334014 0.079687 0.043029
15 0.364583 0.312861 0.086458 0.046394
15 0.428646 0.344591 0.065625 0.049279
15 0.515625 0.370673 0.078125 0.035096
15 0.386458 0.401202 0.104167 0.040385
15 0.427604 0.440144 0.098958 0.031731
15 0.484375 0.463341 0.072917 0.031010
15 0.347135 0.460817 0.080729 0.046154
15 0.096094 0.433173 0.075521 0.058173
15 0.497656 0.414904 0.075521 0.041827
15 0.569010 0.421635 0.080729 0.037019
15 0.652604 0.437740 0.091667 0.049038
15 0.908073 0.484014 0.115104 0.041587
15 0.548438 0.493510 0.125000 0.035577
15 0.432552 0.512620 0.110937 0.047356
15 0.147917 0.546154 0.062500 0.037500
15 0.893229 0.529207 0.092708 0.041106
15 0.926042 0.564423 0.082292 0.030288
15 0.917448 0.590625 0.092188 0.043750
15 0.807031 0.610697 0.076563 0.056490
15 0.633594 0.572596 0.127604 0.046635
15 0.600521 0.532332 0.113542 0.042548
15 0.523958 0.570553 0.081250 0.045433
15 0.594271 0.616707 0.090625 0.049279
15 0.435937 0.592909 0.086458 0.053125
15 0.326042 0.579327 0.095833 0.050481
15 0.239323 0.587861 0.089063 0.055048
15 0.686198 0.655889 0.080729 0.063221
15 0.717187 0.699880 0.100000 0.046394
15 0.919531 0.662260 0.096354 0.041827
15 0.924740 0.705889 0.109896 0.043029
15 0.869271 0.739423 0.096875 0.030288
15 0.803646 0.709856 0.113542 0.041827
15 0.764323 0.750361 0.101562 0.041587
15 0.951042 0.752163 0.057292 0.050481
15 0.934635 0.794832 0.098437 0.048798
15 0.878646 0.828846 0.104167 0.036058
15 0.846615 0.791226 0.090104 0.055048
15 0.770573 0.810937 0.045312 0.055529
15 0.702865 0.810096 0.066146 0.050000
15 0.615104 0.764784 0.098958 0.040144
15 0.571354 0.792308 0.102083 0.041346
15 0.635417 0.824399 0.095833 0.039183
15 0.652865 0.858413 0.082812 0.032692
15 0.740365 0.858173 0.080729 0.050000
15 0.809896 0.873798 0.095833 0.039904
15 0.886979 0.866106 0.069792 0.031731
15 0.547917 0.839784 0.122917 0.044952
15 0.668750 0.896875 0.098958 0.040385
15 0.740104 0.902644 0.052083 0.041827
15 0.690104 0.939063 0.072917 0.036298
15 0.593229 0.935817 0.087500 0.056250
15 0.115104 0.728365 0.090625 0.048558
