15 0.871034 0.123438 0.063702 0.084375
15 0.730409 0.118229 0.076202 0.085417
15 0.655168 0.126302 0.046394 0.108854
15 0.641827 0.072917 0.064423 0.071875
15 0.606250 0.230729 0.048077 0.114583
15 0.585817 0.127604 0.043269 0.104167
15 0.557091 0.255729 0.046875 0.069792
15 0.524279 0.321875 0.044231 0.096875
15 0.510216 0.392969 0.035337 0.060937
15 0.497837 0.453125 0.048077 0.146875
15 0.628005 0.750000 0.056010 0.092708
15 0.527043 0.746094 0.054087 0.107813
15 0.527764 0.647135 0.049279 0.088021
15 0.419591 0.471094 0.035817 0.129688
15 0.444231 0.394531 0.057212 0.069271
15 0.477764 0.304427 0.055048 0.108854
15 0.447356 0.300781 0.025962 0.129688
15 0.471154 0.185156 0.052404 0.125521
15 0.523438 0.216406 0.050240 0.108854
15 0.513101 0.122917 0.059375 0.134375
15 0.411899 0.090625 0.060817 0.084375
15 0.425000 0.167969 0.048558 0.097396
15 0.400721 0.276562 0.049038 0.157292
15 0.360577 0.809115 0.049038 0.113021
15 0.322115 0.835677 0.056731 0.152604
15 0.372356 0.480208 0.053365 0.136458
15 0.332212 0.520573 0.053365 0.120313
15 0.265865 0.492969 0.067788 0.095312
15 0.306130 0.095573 0.056490 0.077604
15 0.253125 0.115365 0.056731 0.128646
15 0.206731 0.107813 0.043750 0.125000
15 0.162740 0.128646 0.033654 0.113542
15 0.124159 0.156771 0.047356 0.103125
15 0.128486 0.247135 0.075240 0.084896
15 0.113341 0.751302 0.059856 0.122396
15 0.063942 0.290885 0.062500 0.077604
15 0.017428 0.313021 0.034375 0.105208
15 0.030048 0.230208 0.059615 0.083333
15 0.061178 0.188021 0.065625 0.080208
15 0.100361 0.119271 0.036298 0.122917
15 0.075000 0.110677 0.030288 0.070312
15 0.028486 0.108854 0.056490 0.094792
