15 0.960938 0.038221 0.072917 0.057692
15 0.958854 0.180288 0.082292 0.087981
15 0.791667 0.198678 0.209375 0.086779
15 0.711979 0.110457 0.143750 0.098798
15 0.585156 0.074880 0.172396 0.071394
15 0.733594 0.045553 0.133854 0.090625
15 0.830469 0.009495 0.065104 0.018510
15 0.596354 0.021154 0.139583 0.041827
15 0.477083 0.008413 0.096875 0.016346
15 0.370833 0.048558 0.243750 0.057692
15 0.371615 0.010697 0.105729 0.020913
15 0.218490 0.021394 0.197396 0.039423
15 0.312240 0.096274 0.195312 0.090144
15 0.086719 0.048678 0.172396 0.077163
15 0.045312 0.006130 0.089583 0.011779
15 0.072656 0.132212 0.144271 0.056250
15 0.119531 0.184856 0.220312 0.098558
15 0.304427 0.192067 0.163021 0.099519
15 0.384635 0.236659 0.150521 0.080048
15 0.518750 0.253726 0.154167 0.095433
15 0.644010 0.261418 0.133854 0.081490
15 0.748177 0.286058 0.133854 0.073077
15 0.890365 0.274399 0.139063 0.070913
15 0.975521 0.322957 0.048958 0.075721
15 0.798958 0.345673 0.191667 0.050962
15 0.563802 0.321995 0.126562 0.051683
15 0.371094 0.307452 0.088021 0.051442
15 0.219792 0.323558 0.222917 0.053365
15 0.063542 0.291947 0.126042 0.081971
15 0.051823 0.352764 0.102604 0.038221
15 0.428906 0.356130 0.191146 0.068510
15 0.602344 0.371514 0.128646 0.054087
15 0.305208 0.390865 0.118750 0.080769
15 0.203125 0.411899 0.140625 0.074760
15 0.075000 0.409135 0.148958 0.072596
15 0.773177 0.400481 0.142187 0.057692
15 0.887500 0.386298 0.134375 0.060096
15 0.967708 0.390986 0.064583 0.061298
15 0.920052 0.431370 0.128646 0.038221
15 0.948438 0.461418 0.103125 0.034856
15 0.917188 0.491707 0.095833 0.048798
15 0.990365 0.506851 0.019271 0.043510
15 0.730469 0.448077 0.154688 0.046635
15 0.601302 0.428486 0.126562 0.067067
15 0.452083 0.419832 0.163542 0.070913
15 0.221354 0.465385 0.163542 0.032692
15 0.080469 0.473798 0.156771 0.066827
15 0.060417 0.505769 0.116667 0.048077
15 0.196354 0.513462 0.136458 0.053365
15 0.345833 0.477284 0.177083 0.054567
15 0.531771 0.462380 0.085417 0.050721
15 0.476042 0.510096 0.189583 0.084135
15 0.311458 0.537500 0.163542 0.066827
15 0.100000 0.559255 0.155208 0.074760
15 0.560417 0.554688 0.093750 0.041106
15 0.672396 0.498197 0.189583 0.076202
15 0.789323 0.542909 0.100521 0.118029
15 0.844010 0.489904 0.053646 0.050962
15 0.899219 0.545072 0.201563 0.057933
15 0.964583 0.596394 0.070833 0.041827
15 0.684375 0.568510 0.225000 0.072115
15 0.482031 0.574038 0.168229 0.097115
15 0.362240 0.603846 0.113021 0.071154
15 0.261719 0.591947 0.079687 0.048798
15 0.165104 0.603486 0.098958 0.095913
15 0.058073 0.667428 0.115104 0.064183
15 0.042188 0.605649 0.083333 0.068990
15 0.589844 0.626322 0.070312 0.042548
15 0.699219 0.638942 0.159896 0.084135
15 0.810156 0.607692 0.076563 0.042788
15 0.919531 0.627644 0.103646 0.070192
15 0.990365 0.649399 0.019271 0.046875
15 0.820312 0.668870 0.113542 0.092548
15 0.659375 0.692187 0.054167 0.030048
15 0.533854 0.663702 0.160417 0.090865
15 0.432552 0.657813 0.069271 0.081490
15 0.325521 0.655769 0.133333 0.058173
15 0.185417 0.668269 0.120833 0.088462
15 0.120052 0.711178 0.113021 0.066106
15 0.300000 0.702764 0.127083 0.048798
15 0.033854 0.722476 0.066667 0.045433
15 0.421094 0.713702 0.111979 0.038942
15 0.327604 0.762380 0.088542 0.074279
15 0.181771 0.760457 0.184375 0.045433
15 0.044792 0.766226 0.088542 0.045913
15 0.074740 0.806851 0.148438 0.082452
15 0.242188 0.815264 0.111458 0.084856
15 0.143490 0.848317 0.108854 0.060096
15 0.344531 0.822115 0.078646 0.038942
15 0.341927 0.860938 0.135937 0.043029
15 0.198177 0.886659 0.098437 0.050721
15 0.066667 0.918269 0.132292 0.081731
15 0.024740 0.978606 0.048438 0.039904
15 0.125521 0.979087 0.148958 0.039904
15 0.227604 0.992067 0.081250 0.015865
15 0.217969 0.937500 0.085938 0.057212
15 0.294271 0.913462 0.145833 0.095673
15 0.397656 0.947837 0.161979 0.070673
15 0.275781 0.982812 0.125521 0.034375
15 0.393750 0.989663 0.107292 0.020673
15 0.501563 0.919111 0.065625 0.048798
15 0.453646 0.888942 0.120833 0.047596
15 0.532031 0.969111 0.164062 0.061779
15 0.671354 0.976442 0.102083 0.047115
15 0.422656 0.771875 0.171354 0.082212
15 0.445833 0.822957 0.106250 0.052644
15 0.525260 0.843389 0.181771 0.070913
15 0.572917 0.759856 0.156250 0.098077
15 0.709896 0.743149 0.114583 0.104087
15 0.792188 0.746635 0.085417 0.061058
15 0.909375 0.695793 0.181250 0.102163
15 0.919010 0.779447 0.161979 0.073798
15 0.857552 0.816226 0.152604 0.042067
15 0.714844 0.814423 0.207813 0.071154
15 0.688281 0.873317 0.093229 0.039423
15 0.773177 0.866587 0.086979 0.054327
15 0.911458 0.862861 0.177083 0.083894
15 0.601302 0.904808 0.119271 0.097596
15 0.705469 0.921995 0.134896 0.056971
15 0.782031 0.946034 0.105729 0.053606
15 0.888021 0.918029 0.189583 0.041827
15 0.987760 0.942067 0.024479 0.049038
15 0.891406 0.967909 0.170313 0.045913
15 0.780729 0.986418 0.110417 0.027163
15 0.970052 0.984976 0.059896 0.030048
