15 0.869792 0.032813 0.146875 0.065144
15 0.975000 0.041346 0.050000 0.062500
15 0.885677 0.078966 0.127604 0.057452
15 0.917188 0.118389 0.162500 0.073798
15 0.772135 0.112740 0.094271 0.084615
15 0.703906 0.035937 0.163021 0.071394
15 0.643229 0.105529 0.148958 0.101442
15 0.655208 0.188221 0.153125 0.065865
15 0.555208 0.152284 0.142708 0.078606
15 0.499219 0.085697 0.129688 0.062740
15 0.475000 0.026322 0.172917 0.052163
15 0.341146 0.068149 0.145833 0.070433
15 0.297396 0.019111 0.148958 0.037740
15 0.383073 0.150361 0.194271 0.080529
15 0.503906 0.216587 0.124479 0.056250
15 0.366146 0.217428 0.141667 0.062260
15 0.686719 0.264183 0.168229 0.087981
15 0.882031 0.275361 0.206771 0.063221
15 0.826823 0.184615 0.172396 0.064423
15 0.807292 0.227163 0.108333 0.033173
15 0.938021 0.198798 0.123958 0.079327
15 0.978646 0.289784 0.042708 0.036779
15 0.249740 0.247957 0.146354 0.071394
15 0.539323 0.287260 0.179688 0.087019
15 0.359375 0.300841 0.151042 0.114663
15 0.257812 0.315024 0.041667 0.052644
15 0.442708 0.297957 0.038542 0.078606
15 0.538542 0.341466 0.150000 0.058894
15 0.685677 0.354327 0.159896 0.087019
15 0.882812 0.338582 0.219792 0.073798
15 0.966406 0.375240 0.067187 0.052885
15 0.951042 0.409736 0.097917 0.061298
15 0.782031 0.408774 0.225521 0.055048
15 0.594792 0.412260 0.137500 0.078365
15 0.473177 0.409736 0.105729 0.102163
15 0.334896 0.376563 0.213542 0.068990
15 0.351042 0.446274 0.157292 0.067067
15 0.852083 0.447115 0.194792 0.057212
15 0.955469 0.479808 0.089063 0.060577
15 0.782813 0.486659 0.129167 0.044952
15 0.642448 0.487019 0.148438 0.073558
15 0.512760 0.484495 0.119271 0.074279
15 0.363021 0.517188 0.173958 0.083413
15 0.262760 0.457692 0.126562 0.079808
15 0.909635 0.528125 0.149479 0.070192
15 0.879167 0.589063 0.144792 0.073798
15 0.748177 0.591707 0.118229 0.047837
15 0.708073 0.542067 0.176563 0.073077
15 0.553646 0.547716 0.112500 0.054567
15 0.438281 0.552644 0.105729 0.066346
15 0.339062 0.594351 0.117708 0.071394
15 0.509375 0.608774 0.208333 0.074760
15 0.392969 0.664183 0.136979 0.060096
15 0.278125 0.647236 0.108333 0.059856
15 0.567969 0.669471 0.190104 0.050481
15 0.694792 0.630409 0.167708 0.047356
15 0.740625 0.684014 0.147917 0.061298
15 0.857552 0.645553 0.131771 0.056490
15 0.967448 0.622716 0.065104 0.072837
15 0.984896 0.687139 0.030208 0.052644
15 0.877865 0.717668 0.142187 0.092548
15 0.766667 0.752885 0.239583 0.056731
15 0.925781 0.787981 0.142187 0.063942
15 0.884896 0.842909 0.188542 0.057452
15 0.982812 0.878846 0.034375 0.030769
15 0.921615 0.912260 0.148438 0.070192
15 0.781771 0.879687 0.139583 0.081490
15 0.822396 0.950120 0.142708 0.053125
15 0.979167 0.982212 0.041667 0.035577
15 0.901563 0.976923 0.118750 0.046154
15 0.798438 0.988702 0.107292 0.022596
15 0.667188 0.935096 0.155208 0.081731
15 0.594792 0.972356 0.150000 0.055288
15 0.710156 0.984375 0.073438 0.028365
15 0.610417 0.862139 0.190625 0.073798
15 0.516667 0.915385 0.111458 0.052404
15 0.439063 0.962740 0.147917 0.074519
15 0.291667 0.978606 0.184375 0.042308
15 0.342969 0.919351 0.094271 0.071394
15 0.440885 0.871635 0.142187 0.089904
15 0.533594 0.810697 0.126562 0.077644
15 0.406771 0.792188 0.126042 0.061779
15 0.243229 0.899159 0.130208 0.066106
15 0.261198 0.946034 0.103646 0.022356
15 0.106250 0.947356 0.186458 0.056250
15 0.035156 0.914663 0.069271 0.056731
15 0.089063 0.877885 0.117708 0.081731
15 0.142448 0.867668 0.114062 0.055048
15 0.305990 0.839663 0.134896 0.073558
15 0.227604 0.803486 0.128125 0.094952
15 0.101562 0.808774 0.116667 0.059856
15 0.018490 0.809736 0.035937 0.075240
15 0.012240 0.869832 0.023438 0.031971
15 0.590104 0.756611 0.098958 0.103606
15 0.460156 0.727043 0.156771 0.074279
15 0.319531 0.760577 0.123438 0.069231
15 0.136979 0.757091 0.144792 0.098317
15 0.278646 0.706971 0.169792 0.063462
15 0.024479 0.765144 0.047917 0.022115
15 0.056510 0.721875 0.102604 0.061058
15 0.121615 0.663341 0.150521 0.074279
15 0.030469 0.666707 0.059896 0.061779
15 0.177865 0.618029 0.121354 0.075000
15 0.255208 0.584856 0.053125 0.049519
15 0.063802 0.600601 0.093229 0.073798
15 0.016927 0.599038 0.032813 0.050000
15 0.018490 0.551322 0.035937 0.039663
15 0.165885 0.539183 0.223438 0.077404
15 0.084375 0.492067 0.167708 0.080769
15 0.144531 0.456611 0.124479 0.064663
15 0.078125 0.409375 0.155208 0.074038
15 0.051823 0.364183 0.102604 0.049519
15 0.183594 0.357452 0.149479 0.077885
15 0.056510 0.286298 0.111979 0.105288
15 0.180208 0.281250 0.118750 0.072115
15 0.080208 0.205769 0.156250 0.069231
15 0.221615 0.191587 0.138021 0.050481
15 0.108594 0.100601 0.143229 0.074760
15 0.118490 0.151923 0.146354 0.051442
15 0.251563 0.113341 0.155208 0.101202
15 0.025260 0.145072 0.049479 0.050240
15 0.009896 0.104808 0.018750 0.050000
15 0.154688 0.049519 0.176042 0.041346
15 0.170833 0.013942 0.103125 0.025962
15 0.049740 0.040385 0.098437 0.074519
