15 0.331771 0.290264 0.097917 0.040625
15 0.478646 0.282091 0.093750 0.021875
15 0.681250 0.288462 0.110417 0.034615
15 0.925521 0.289062 0.086458 0.043990
15 0.827083 0.328966 0.133333 0.028606
15 0.745313 0.360337 0.070833 0.036538
15 0.498437 0.323077 0.120833 0.029808
15 0.209115 0.316346 0.101562 0.036538
15 0.309115 0.329567 0.095312 0.037981
15 0.383854 0.344832 0.100000 0.035817
15 0.439844 0.362019 0.079687 0.035096
15 0.364063 0.393510 0.086458 0.059135
15 0.125260 0.353846 0.078646 0.053846
15 0.196615 0.359255 0.071354 0.057452
15 0.237240 0.396034 0.076563 0.044471
15 0.293490 0.408894 0.065104 0.041346
15 0.150260 0.409014 0.088021 0.038702
15 0.131771 0.455288 0.083333 0.056250
15 0.192969 0.469952 0.101562 0.034135
15 0.302083 0.440986 0.081250 0.035817
15 0.272917 0.483413 0.063542 0.039904
15 0.345052 0.462019 0.078646 0.026442
15 0.337500 0.491106 0.096875 0.034135
15 0.414844 0.478245 0.066146 0.038702
15 0.512240 0.406611 0.123438 0.030529
15 0.505990 0.436178 0.107813 0.035817
15 0.516146 0.479327 0.097917 0.044712
15 0.582031 0.463822 0.065104 0.033413
15 0.604948 0.443269 0.074479 0.047596
15 0.657031 0.397596 0.100521 0.037019
15 0.683073 0.436779 0.101562 0.037019
15 0.773438 0.411058 0.081250 0.045192
15 0.787240 0.451202 0.096354 0.042308
15 0.717448 0.476683 0.078646 0.039423
15 0.639323 0.495192 0.077604 0.044712
15 0.565625 0.521034 0.052083 0.052644
15 0.648698 0.517668 0.124479 0.033413
15 0.784635 0.505529 0.131771 0.032212
15 0.889583 0.475841 0.092708 0.046875
15 0.471615 0.508053 0.100521 0.030529
15 0.148177 0.512500 0.073438 0.056731
15 0.206771 0.501683 0.104167 0.032692
15 0.225260 0.536538 0.100521 0.034615
15 0.298177 0.519591 0.071354 0.035817
15 0.382812 0.519471 0.097917 0.032212
15 0.419531 0.538341 0.067187 0.027644
15 0.302604 0.554688 0.080208 0.035817
15 0.366146 0.562861 0.082292 0.048798
15 0.469271 0.576322 0.115625 0.041587
15 0.497656 0.544712 0.076563 0.042788
15 0.572656 0.564904 0.078646 0.048077
15 0.658854 0.555649 0.086458 0.041106
15 0.603646 0.597837 0.077083 0.032692
15 0.672917 0.595793 0.096875 0.041587
15 0.769531 0.582572 0.076563 0.033894
15 0.267708 0.584014 0.070833 0.039183
15 0.190365 0.570793 0.101562 0.057452
15 0.122135 0.605649 0.077604 0.060337
15 0.200781 0.613582 0.095312 0.028125
15 0.285938 0.623918 0.069792 0.038221
15 0.342448 0.605168 0.083854 0.048798
15 0.416927 0.603606 0.067187 0.043269
15 0.460156 0.636538 0.074479 0.042308
15 0.517969 0.622115 0.099479 0.042788
15 0.608073 0.632692 0.071354 0.046154
15 0.671094 0.632452 0.059896 0.042308
15 0.719271 0.664062 0.090625 0.044471
15 0.766146 0.628846 0.110417 0.048077
15 0.839323 0.639423 0.068229 0.026923
15 0.858333 0.670793 0.109375 0.031010
15 0.896354 0.696514 0.116667 0.035817
15 0.690625 0.689904 0.063542 0.045673
15 0.628385 0.676562 0.066146 0.054567
15 0.519271 0.660457 0.088542 0.032933
15 0.541406 0.691106 0.102604 0.048077
15 0.402344 0.666947 0.089063 0.054087
15 0.339583 0.682813 0.097917 0.052644
15 0.237240 0.648197 0.068229 0.035337
15 0.155208 0.645793 0.097917 0.030529
15 0.169010 0.676683 0.072396 0.040385
15 0.111458 0.688702 0.081250 0.048077
15 0.101823 0.733173 0.090104 0.053846
15 0.152865 0.733774 0.044271 0.032933
15 0.198698 0.715144 0.072396 0.029327
15 0.246875 0.683894 0.092708 0.039904
15 0.241667 0.733774 0.077083 0.049279
15 0.181250 0.761418 0.091667 0.030529
15 0.210677 0.794471 0.078646 0.042788
15 0.270833 0.777284 0.087500 0.038702
15 0.331771 0.761659 0.092708 0.033413
15 0.328125 0.724519 0.080208 0.039904
15 0.402865 0.729447 0.067187 0.066106
15 0.473438 0.714784 0.086458 0.052163
15 0.420833 0.776923 0.062500 0.040385
15 0.474740 0.766106 0.083854 0.058654
15 0.542708 0.756971 0.062500 0.034615
15 0.583333 0.729087 0.115625 0.037500
15 0.643490 0.749639 0.101562 0.060817
15 0.747917 0.752524 0.093750 0.043510
15 0.760677 0.795072 0.106771 0.052163
15 0.832552 0.776322 0.113021 0.038221
15 0.281510 0.822356 0.089063 0.051442
15 0.353906 0.791226 0.083854 0.030529
15 0.369792 0.815264 0.097917 0.042067
15 0.335677 0.857572 0.082812 0.038702
15 0.419531 0.823798 0.079687 0.054327
15 0.355729 0.884495 0.052083 0.049279
15 0.438542 0.868990 0.120833 0.034615
15 0.490625 0.824399 0.077083 0.062740
15 0.449219 0.907452 0.134896 0.039904
15 0.573698 0.894231 0.101562 0.040385
15 0.567708 0.812380 0.086458 0.068029
15 0.641146 0.831971 0.098958 0.037019
15 0.616927 0.864303 0.114062 0.047356
15 0.719271 0.882091 0.092708 0.063221
15 0.664062 0.909736 0.098958 0.033894
15 0.563021 0.931971 0.126042 0.037500
15 0.488802 0.933534 0.071354 0.025240
15 0.463281 0.957692 0.106771 0.058654
15 0.203646 0.940144 0.041667 0.026923
15 0.271615 0.995072 0.024479 0.009856
15 0.519010 0.989183 0.080729 0.021635
15 0.577865 0.973317 0.106771 0.035577
15 0.642969 0.943630 0.082812 0.030529
15 0.657031 0.982452 0.090104 0.035096
15 0.729688 0.954327 0.092708 0.058654
15 0.939583 0.875120 0.073958 0.055048
15 0.938281 0.950962 0.089063 0.069712
