15 0.401562 0.072837 0.046875 0.018750
15 0.492188 0.096755 0.029167 0.009856
15 0.626563 0.130048 0.062500 0.021635
15 0.719271 0.263582 0.064583 0.025721
15 0.636198 0.271274 0.075521 0.021394
15 0.583594 0.284976 0.051562 0.014663
15 0.495312 0.295553 0.035417 0.008413
15 0.344792 0.347356 0.076042 0.027885
15 0.335938 0.382933 0.057292 0.024519
15 0.393490 0.407332 0.069271 0.032452
15 0.467969 0.458173 0.054688 0.026442
15 0.490365 0.503726 0.045312 0.030048
15 0.538542 0.540505 0.067708 0.032452
15 0.584115 0.564784 0.070312 0.021875
15 0.596875 0.587981 0.068750 0.032212
15 0.661719 0.648678 0.065104 0.034856
15 0.719792 0.686899 0.057292 0.034375
15 0.677865 0.792548 0.078646 0.030769
15 0.620313 0.810577 0.053125 0.026923
15 0.588542 0.832452 0.058333 0.023558
15 0.530469 0.849279 0.080729 0.020192
15 0.459115 0.854928 0.054688 0.028125
15 0.417708 0.891106 0.056250 0.031250
15 0.307292 0.892428 0.059375 0.025721
15 0.318490 0.926082 0.054688 0.030048
