15 0.220875 0.008152 0.031250 0.015217
15 0.230875 0.025272 0.021250 0.035326
15 0.211750 0.058152 0.042000 0.061957
15 0.246875 0.077717 0.034250 0.083696
15 0.222875 0.110054 0.040250 0.045109
15 0.184250 0.113587 0.040000 0.056522
15 0.168500 0.080707 0.035000 0.077717
15 0.160000 0.154076 0.033000 0.037500
15 0.192250 0.167935 0.032000 0.044565
15 0.230375 0.149728 0.027750 0.053804
15 0.266750 0.165217 0.046500 0.066304
15 0.311125 0.166848 0.040750 0.041304
15 0.321000 0.194293 0.029500 0.035326
15 0.290375 0.217120 0.031250 0.044022
15 0.300875 0.117120 0.030250 0.047283
15 0.273875 0.105978 0.028750 0.048913
15 0.297000 0.064946 0.033000 0.061413
15 0.324375 0.092935 0.023750 0.058696
15 0.363500 0.125543 0.050000 0.065217
15 0.329125 0.140217 0.024250 0.027174
15 0.351125 0.076630 0.026750 0.055435
15 0.325000 0.050000 0.027500 0.033696
15 0.335125 0.035598 0.031250 0.035326
15 0.289875 0.025272 0.041250 0.039674
15 0.266625 0.048641 0.032250 0.065761
15 0.324750 0.012228 0.026000 0.023370
15 0.370875 0.021467 0.052250 0.041848
15 0.384750 0.087500 0.031000 0.030435
15 0.375125 0.060054 0.023750 0.038587
15 0.416875 0.066848 0.030250 0.043478
15 0.419875 0.106250 0.032250 0.038587
15 0.449625 0.080435 0.037750 0.058696
15 0.399125 0.125815 0.023250 0.052717
15 0.423000 0.149457 0.032500 0.046739
15 0.453250 0.150543 0.027000 0.063043
15 0.444750 0.191304 0.029500 0.032609
15 0.400625 0.179076 0.024250 0.042935
15 0.368375 0.179620 0.038250 0.073370
15 0.415000 0.216576 0.037500 0.064674
15 0.451500 0.229620 0.040000 0.050543
15 0.390625 0.234239 0.047750 0.046739
15 0.341625 0.235326 0.034750 0.083696
15 0.314125 0.248641 0.023750 0.050543
15 0.288375 0.246739 0.021250 0.032609
15 0.256250 0.226087 0.039500 0.044565
15 0.251375 0.256793 0.051750 0.050543
15 0.231375 0.204076 0.026750 0.033152
15 0.199250 0.201359 0.038000 0.035326
15 0.196000 0.242120 0.056000 0.044022
15 0.178875 0.279348 0.057750 0.064130
15 0.142250 0.252446 0.037500 0.039674
15 0.152125 0.206250 0.046250 0.058152
15 0.483625 0.031250 0.040750 0.061413
15 0.451875 0.021467 0.017750 0.041848
15 0.420375 0.025815 0.037250 0.050543
15 0.480375 0.066033 0.029250 0.040761
15 0.490875 0.102717 0.020750 0.046739
15 0.479750 0.122554 0.023500 0.054891
15 0.516625 0.140217 0.029750 0.080435
15 0.528125 0.097554 0.033250 0.050543
15 0.526375 0.064674 0.045250 0.035870
15 0.581000 0.063043 0.041500 0.052174
15 0.611250 0.033696 0.027000 0.065217
15 0.643875 0.043207 0.037750 0.067935
15 0.513375 0.017663 0.019750 0.034239
15 0.571250 0.114402 0.040500 0.069022
15 0.547750 0.163859 0.024500 0.047283
15 0.578500 0.167391 0.035000 0.034783
15 0.612625 0.151902 0.035750 0.077717
15 0.670625 0.169837 0.040250 0.094022
15 0.685875 0.086413 0.039750 0.050000
15 0.706250 0.167935 0.034000 0.083696
15 0.778250 0.147554 0.051000 0.067935
15 0.819250 0.146196 0.027000 0.065217
15 0.842000 0.170652 0.042000 0.061957
15 0.865625 0.214674 0.039250 0.056522
15 0.838875 0.231522 0.038750 0.067391
15 0.869125 0.273641 0.064250 0.066848
15 0.709375 0.278804 0.029750 0.070652
15 0.652375 0.225815 0.037750 0.074457
15 0.588125 0.203533 0.036250 0.044022
15 0.596500 0.245652 0.031500 0.047826
15 0.573750 0.271196 0.029500 0.051087
15 0.563500 0.229620 0.014500 0.048370
15 0.540750 0.263043 0.032500 0.081522
15 0.528125 0.238043 0.015250 0.038043
15 0.550625 0.200000 0.031250 0.035870
15 0.503750 0.204891 0.037500 0.052174
15 0.488750 0.176359 0.039500 0.042935
15 0.480500 0.225543 0.029000 0.050000
15 0.503625 0.260326 0.030750 0.056522
15 0.475250 0.295109 0.028000 0.040217
15 0.442625 0.267935 0.031250 0.077174
15 0.558875 0.323098 0.049250 0.065761
15 0.607250 0.308967 0.051000 0.065761
15 0.627750 0.283152 0.039000 0.051087
15 0.652125 0.333424 0.024250 0.064674
15 0.619500 0.368478 0.059500 0.053261
15 0.576125 0.384511 0.024750 0.077717
15 0.544125 0.374185 0.052250 0.074457
15 0.504625 0.370924 0.032250 0.058152
15 0.508000 0.316848 0.044000 0.054348
15 0.456750 0.329891 0.047000 0.054348
15 0.465750 0.380163 0.046000 0.065761
15 0.416750 0.313859 0.041000 0.063587
15 0.398000 0.285870 0.050500 0.051087
15 0.411750 0.372554 0.052500 0.066848
15 0.458500 0.411413 0.043000 0.035870
15 0.480500 0.450000 0.050000 0.083696
15 0.506500 0.430163 0.035500 0.067935
15 0.544375 0.471196 0.039750 0.073913
15 0.563000 0.444837 0.028000 0.052717
15 0.944750 0.444293 0.052500 0.121196
15 0.899250 0.461957 0.038500 0.079348
15 0.936750 0.513859 0.055500 0.085326
15 0.875250 0.521467 0.049000 0.079891
15 0.819000 0.392120 0.047000 0.050543
15 0.806250 0.440761 0.053000 0.067391
15 0.764625 0.386957 0.060250 0.057609
15 0.759500 0.444837 0.042000 0.083152
15 0.803000 0.515761 0.060000 0.080435
15 0.770375 0.547011 0.054750 0.092935
15 0.717250 0.499457 0.044500 0.051087
15 0.716250 0.441304 0.039000 0.067391
15 0.694375 0.394022 0.020750 0.069565
15 0.665625 0.397554 0.033750 0.061413
15 0.679625 0.458424 0.033250 0.055978
15 0.668250 0.499457 0.035000 0.067391
15 0.647125 0.453804 0.024750 0.048913
15 0.603625 0.417120 0.040750 0.032065
15 0.606500 0.466304 0.050000 0.078261
15 0.632375 0.515217 0.027250 0.067391
15 0.591750 0.529076 0.041500 0.076630
15 0.634625 0.572283 0.058250 0.058696
15 0.691625 0.562772 0.057750 0.091848
15 0.732000 0.552989 0.028500 0.044022
15 0.753375 0.612772 0.045250 0.095109
15 0.716625 0.649728 0.036750 0.078804
15 0.672250 0.650272 0.048000 0.074457
15 0.627750 0.617663 0.034500 0.070109
15 0.587250 0.638587 0.055500 0.071739
15 0.570000 0.582337 0.064000 0.050543
15 0.548500 0.544293 0.040500 0.050543
15 0.506375 0.547826 0.057750 0.084783
15 0.475875 0.509783 0.032250 0.045652
15 0.453500 0.560870 0.039000 0.057609
15 0.460750 0.609239 0.030000 0.057609
15 0.497125 0.629891 0.060750 0.100000
15 0.538750 0.629076 0.023500 0.061413
15 0.542500 0.687228 0.026500 0.049457
15 0.580625 0.711141 0.057750 0.076630
15 0.624375 0.686413 0.028750 0.065217
15 0.634625 0.756793 0.030750 0.079891
15 0.667125 0.726630 0.045750 0.080435
15 0.718625 0.734239 0.055750 0.067391
15 0.475250 0.722554 0.041500 0.071196
15 0.432625 0.638587 0.047750 0.082609
15 0.442875 0.474457 0.037750 0.105435
15 0.413125 0.549185 0.043250 0.094022
15 0.398750 0.491848 0.039000 0.102174
15 0.382500 0.465217 0.034500 0.048913
15 0.397750 0.419022 0.050500 0.056522
15 0.388125 0.656250 0.049250 0.115761
15 0.429125 0.729348 0.043250 0.106522
15 0.372375 0.324728 0.044250 0.029891
15 0.361000 0.384511 0.049500 0.082065
15 0.331875 0.345924 0.022750 0.050543
15 0.338875 0.304348 0.039750 0.045652
15 0.291750 0.289402 0.057000 0.055978
15 0.290250 0.346467 0.058500 0.096196
15 0.312375 0.419022 0.048250 0.061957
15 0.260000 0.405707 0.035500 0.054891
15 0.247250 0.346196 0.022500 0.055435
15 0.237375 0.289402 0.026750 0.054891
15 0.208625 0.313315 0.060750 0.060326
15 0.212875 0.388043 0.047750 0.097826
15 0.174000 0.366033 0.051500 0.075543
15 0.225750 0.443207 0.036500 0.089674
15 0.235750 0.515489 0.038500 0.067935
15 0.274375 0.472826 0.056250 0.069565
15 0.311125 0.506250 0.044750 0.072283
15 0.275125 0.551902 0.032750 0.094022
15 0.341500 0.464402 0.046500 0.053804
15 0.358500 0.518750 0.044500 0.070109
15 0.336375 0.579891 0.059250 0.036957
15 0.306875 0.632880 0.040250 0.066848
15 0.348625 0.620652 0.027750 0.057609
15 0.379750 0.561141 0.019500 0.039674
15 0.069375 0.209239 0.054250 0.072826
15 0.095375 0.265489 0.043750 0.051630
15 0.120125 0.300543 0.050750 0.073913
15 0.072000 0.298913 0.040500 0.082609
15 0.044625 0.279076 0.034250 0.086413
15 0.084500 0.364946 0.044000 0.062500
15 0.134750 0.338587 0.048000 0.061957
15 0.101875 0.413315 0.044250 0.100543
15 0.131500 0.420109 0.054000 0.088043
15 0.050000 0.415489 0.053000 0.125543
15 0.164125 0.460870 0.062250 0.076087
15 0.182125 0.523641 0.054750 0.076630
15 0.131000 0.550272 0.048500 0.079891
15 0.094500 0.500000 0.074500 0.069565
15 0.158625 0.618750 0.051750 0.111413
15 0.099625 0.652174 0.058750 0.110870
15 0.065375 0.583967 0.068750 0.100543
15 0.039500 0.684511 0.054500 0.094022
15 0.204500 0.610326 0.038000 0.134783
15 0.239250 0.627446 0.056500 0.136413
15 0.261000 0.569565 0.027500 0.073913
15 0.262000 0.834239 0.066000 0.111957
15 0.200750 0.772011 0.053000 0.114674
15 0.134875 0.758967 0.059750 0.160326
15 0.055125 0.788587 0.098750 0.113043
15 0.006125 0.752717 0.011750 0.090217
15 0.072750 0.875272 0.092500 0.103804
15 0.172625 0.924728 0.075750 0.127717
15 0.315125 0.817663 0.054250 0.120109
15 0.345250 0.906793 0.081500 0.149457
15 0.404250 0.808424 0.070000 0.120109
15 0.342250 0.709511 0.043500 0.105978
15 0.479000 0.804891 0.057500 0.067391
15 0.427750 0.915489 0.074000 0.114674
15 0.491375 0.874457 0.056250 0.083696
15 0.481125 0.958152 0.075250 0.083696
15 0.537750 0.855163 0.047000 0.080978
15 0.532750 0.758696 0.058000 0.119565
15 0.593500 0.783424 0.043000 0.083152
15 0.621750 0.882337 0.073000 0.125543
15 0.580125 0.945924 0.109250 0.108152
15 0.676125 0.934783 0.055250 0.130435
15 0.671000 0.822011 0.060000 0.099457
15 0.734250 0.903533 0.055500 0.139674
15 0.713625 0.800272 0.040250 0.063587
15 0.772375 0.801359 0.052250 0.124457
15 0.787125 0.923913 0.042750 0.145652
15 0.838500 0.958967 0.048000 0.082065
15 0.879250 0.886141 0.060500 0.114674
15 0.821250 0.847011 0.041500 0.120109
15 0.820625 0.752717 0.056750 0.091304
15 0.782000 0.680707 0.049500 0.103804
15 0.847875 0.699185 0.066250 0.133152
15 0.887625 0.825272 0.072750 0.096196
15 0.833000 0.600543 0.069000 0.066304
15 0.885375 0.617120 0.040750 0.103804
15 0.929000 0.624185 0.048500 0.133152
15 0.903375 0.698641 0.060750 0.071196
15 0.917625 0.778804 0.071750 0.090217
15 0.975500 0.675543 0.049000 0.106522
15 0.975375 0.769837 0.049250 0.090761
15 0.969625 0.872283 0.060750 0.113043
15 0.945000 0.951902 0.080500 0.096196
