15 0.451250 0.389946 0.041500 0.086413
15 0.409875 0.393207 0.038250 0.086413
15 0.438750 0.457065 0.049000 0.038043
15 0.490750 0.502446 0.048000 0.083152
15 0.463250 0.528261 0.061500 0.100000
15 0.422750 0.523098 0.030000 0.120109
15 0.408750 0.594022 0.058000 0.091304
15 0.454000 0.625000 0.043500 0.065217
15 0.499750 0.642120 0.037500 0.135326
15 0.517125 0.701359 0.048250 0.129891
15 0.445125 0.718750 0.071750 0.097283
15 0.366375 0.663859 0.060750 0.075543
15 0.373750 0.565217 0.047500 0.106522
15 0.352125 0.502989 0.044750 0.097283
15 0.373750 0.410054 0.044500 0.113587
15 0.338625 0.397011 0.024250 0.076630
15 0.337125 0.461413 0.030750 0.064130
15 0.329250 0.566848 0.023000 0.102174
15 0.292000 0.536957 0.038000 0.077174
15 0.307375 0.449457 0.039750 0.085870
15 0.269375 0.442120 0.035250 0.095109
15 0.250000 0.525000 0.039000 0.084783
15 0.224375 0.496739 0.039250 0.127174
15 0.187000 0.585870 0.051500 0.081522
15 0.224750 0.609511 0.028500 0.069022
15 0.259250 0.613859 0.044500 0.078804
15 0.297375 0.646739 0.040750 0.089130
15 0.319875 0.720380 0.051750 0.084239
15 0.379375 0.736957 0.062250 0.066304
15 0.362125 0.827446 0.084250 0.092935
15 0.293875 0.798641 0.041750 0.097283
15 0.256875 0.725272 0.043250 0.144022
15 0.221250 0.727174 0.041000 0.110870
15 0.192875 0.682065 0.057250 0.080435
15 0.231000 0.839402 0.059000 0.097283
15 0.290750 0.911957 0.071500 0.098913
15 0.388875 0.905163 0.044750 0.189674
15 0.329750 0.964674 0.073500 0.070652
15 0.453250 0.812772 0.070000 0.090761
15 0.501000 0.832880 0.056500 0.113587
15 0.445375 0.925543 0.059250 0.118478
15 0.067000 0.936685 0.045500 0.126630
15 0.104125 0.952174 0.040250 0.095652
15 0.135875 0.975815 0.055750 0.046196
15 0.092375 0.848641 0.026750 0.073370
15 0.987000 0.688043 0.026000 0.097826
15 0.948750 0.682065 0.048000 0.069565
15 0.969750 0.791304 0.049500 0.139130
15 0.952625 0.839402 0.040250 0.077717
15 0.912125 0.820380 0.043750 0.076630
15 0.924375 0.907337 0.030750 0.074457
15 0.970375 0.926087 0.059250 0.108696
15 0.948250 0.972826 0.067500 0.053261
15 0.890250 0.891576 0.033000 0.067935
15 0.872625 0.964674 0.055250 0.070652
15 0.851250 0.905435 0.035500 0.054348
15 0.819250 0.957880 0.049000 0.084239
15 0.752375 0.963315 0.074250 0.073370
15 0.780000 0.892391 0.037000 0.053261
15 0.737375 0.864402 0.039750 0.089674
15 0.785125 0.817120 0.046750 0.105978
15 0.830250 0.838587 0.039000 0.126087
15 0.866375 0.829891 0.032750 0.100000
15 0.888250 0.717935 0.043000 0.115217
15 0.931375 0.750543 0.032750 0.101087
15 0.849000 0.730978 0.062000 0.095652
15 0.790000 0.743207 0.056000 0.066848
15 0.740125 0.744837 0.037250 0.121196
15 0.809375 0.685870 0.023250 0.052174
15 0.853250 0.652717 0.023500 0.064130
15 0.915375 0.626902 0.042750 0.076630
15 0.873000 0.606250 0.037000 0.088587
15 0.822875 0.617935 0.033750 0.105435
15 0.799000 0.628261 0.054000 0.060870
15 0.785375 0.575272 0.035750 0.050543
15 0.742500 0.620109 0.057500 0.116304
15 0.763375 0.676902 0.040750 0.064674
15 0.914875 0.555435 0.047250 0.072826
15 0.862750 0.521739 0.052500 0.073913
15 0.835250 0.562772 0.030000 0.076630
15 0.806875 0.519837 0.040750 0.053804
15 0.756250 0.509511 0.039000 0.067935
15 0.730625 0.519837 0.050750 0.077717
15 0.805000 0.456793 0.040500 0.067935
15 0.701875 0.956522 0.052750 0.081522
15 0.699375 0.877717 0.028750 0.095652
15 0.646500 0.967935 0.051000 0.064130
15 0.660250 0.885326 0.045500 0.097826
15 0.670000 0.786685 0.052500 0.069022
15 0.710125 0.783152 0.039250 0.066304
15 0.703625 0.697554 0.036750 0.051630
15 0.673000 0.706793 0.032000 0.088587
15 0.643875 0.703261 0.020250 0.067391
15 0.629750 0.749185 0.026500 0.055978
15 0.603375 0.878261 0.065750 0.118478
15 0.588250 0.971467 0.067500 0.057065
15 0.612875 0.802989 0.025250 0.049457
15 0.652125 0.625815 0.025250 0.066848
15 0.688375 0.647283 0.043750 0.040217
15 0.691500 0.591576 0.041000 0.067935
15 0.652750 0.570652 0.013000 0.057609
15 0.667875 0.524185 0.034250 0.116848
15 0.698125 0.511957 0.022250 0.081522
15 0.762250 0.423913 0.041000 0.117391
15 0.726750 0.425000 0.035500 0.105435
15 0.694250 0.380978 0.033000 0.093478
15 0.660375 0.425815 0.040750 0.089674
15 0.659875 0.364130 0.039750 0.035870
15 0.666625 0.311413 0.030750 0.055435
15 0.629500 0.333696 0.024000 0.094565
15 0.642750 0.312772 0.015000 0.041848
15 0.691875 0.282065 0.046250 0.077174
15 0.743000 0.292935 0.037500 0.051087
15 0.721500 0.338587 0.030500 0.066304
15 0.761625 0.342120 0.042750 0.045109
15 0.775625 0.383696 0.032750 0.065217
15 0.802375 0.361141 0.034250 0.087500
15 0.840625 0.438587 0.036750 0.106522
15 0.852875 0.362772 0.052250 0.060326
15 0.881375 0.416848 0.053750 0.080435
15 0.893250 0.467935 0.056000 0.065217
15 0.923375 0.462772 0.025250 0.114674
15 0.898750 0.321196 0.051000 0.096739
15 0.882875 0.244293 0.045250 0.055978
15 0.812250 0.255435 0.027000 0.106522
15 0.786250 0.272011 0.036000 0.089674
15 0.754750 0.238859 0.033500 0.062500
15 0.722750 0.230978 0.028500 0.063043
15 0.780125 0.200272 0.028750 0.049457
15 0.783375 0.156250 0.048750 0.050543
15 0.815875 0.129620 0.039750 0.059239
15 0.912875 0.169837 0.051250 0.058152
15 0.881375 0.060326 0.043250 0.051087
15 0.831625 0.068207 0.027250 0.047283
15 0.863250 0.018207 0.045500 0.035326
15 0.770625 0.042120 0.047250 0.053804
15 0.800500 0.012772 0.035000 0.024457
15 0.728125 0.055707 0.039750 0.078804
15 0.734625 0.114946 0.030250 0.030978
15 0.758125 0.142391 0.023750 0.041304
15 0.731625 0.180435 0.042750 0.052174
15 0.719250 0.124457 0.055500 0.050000
15 0.683250 0.223913 0.041500 0.036957
15 0.694125 0.167120 0.034750 0.039674
15 0.656625 0.255435 0.021750 0.050000
15 0.663500 0.187500 0.024000 0.059783
15 0.628000 0.238043 0.035500 0.073913
15 0.616750 0.264946 0.029000 0.032065
15 0.650000 0.140489 0.046000 0.060326
15 0.618875 0.093207 0.042250 0.073370
15 0.635750 0.057609 0.042000 0.059783
15 0.658500 0.048370 0.026000 0.070652
15 0.582375 0.149185 0.030750 0.080978
15 0.561375 0.112228 0.023750 0.083152
15 0.695125 0.022554 0.041750 0.044022
15 0.536750 0.047283 0.043500 0.068478
15 0.517125 0.090489 0.032750 0.041848
15 0.489000 0.028261 0.038500 0.055435
15 0.477000 0.055163 0.028500 0.024457
15 0.446250 0.021739 0.028500 0.042391
15 0.548500 0.009511 0.023500 0.017935
15 0.406750 0.017663 0.040500 0.034239
15 0.357125 0.013043 0.039250 0.025000
15 0.308250 0.022554 0.027500 0.025543
15 0.292125 0.010326 0.023750 0.019565
15 0.234625 0.051630 0.042750 0.051087
