15 0.628125 0.010817 0.051042 0.018269
15 0.700521 0.021635 0.120833 0.031731
15 0.809115 0.023317 0.082812 0.045192
15 0.688281 0.055409 0.132812 0.040625
15 0.789844 0.064904 0.084896 0.046154
15 0.707552 0.095192 0.090104 0.047596
15 0.796875 0.098558 0.090625 0.028846
15 0.860938 0.079327 0.059375 0.047115
15 0.751042 0.131130 0.064583 0.035337
15 0.818490 0.133894 0.070312 0.044712
15 0.872656 0.125120 0.070312 0.046394
15 0.855208 0.168149 0.092708 0.036298
15 0.706510 0.166947 0.071354 0.061779
15 0.660156 0.180529 0.072396 0.048558
15 0.794531 0.198918 0.126562 0.051202
15 0.810156 0.237861 0.127604 0.035817
15 0.836719 0.267668 0.095312 0.042067
15 0.875000 0.300000 0.069792 0.053846
15 0.744531 0.271274 0.079687 0.042548
15 0.594792 0.205409 0.056250 0.036298
15 0.561198 0.171875 0.086979 0.045192
15 0.501302 0.114784 0.094271 0.031010
15 0.399219 0.102524 0.081771 0.041587
15 0.274219 0.105529 0.089063 0.045673
15 0.073177 0.129447 0.079687 0.061298
15 0.121094 0.147837 0.080729 0.049038
15 0.231510 0.150361 0.136979 0.040144
15 0.314844 0.173678 0.066146 0.068990
15 0.359896 0.188221 0.094792 0.050000
15 0.427865 0.147716 0.126562 0.038702
15 0.478385 0.182933 0.095312 0.052404
15 0.467448 0.227644 0.073438 0.050481
15 0.537500 0.233053 0.068750 0.052644
15 0.611198 0.238702 0.086979 0.046154
15 0.383854 0.236779 0.076042 0.043269
15 0.316927 0.228606 0.074479 0.044712
15 0.148438 0.194111 0.109375 0.039183
15 0.276042 0.252644 0.098958 0.043750
15 0.309375 0.286538 0.085417 0.049519
15 0.087760 0.292308 0.079687 0.046635
15 0.448177 0.280529 0.069271 0.044712
15 0.514583 0.287500 0.097917 0.038942
15 0.599740 0.279207 0.084896 0.034856
15 0.489063 0.336298 0.100000 0.042308
15 0.364583 0.334014 0.108333 0.037740
15 0.615365 0.322236 0.080729 0.036779
15 0.716927 0.309976 0.124479 0.035817
15 0.811198 0.325962 0.074479 0.050000
15 0.734635 0.344351 0.091146 0.042548
15 0.654948 0.362500 0.082812 0.050481
15 0.733073 0.379688 0.081771 0.036779
15 0.809635 0.383293 0.081771 0.058894
15 0.740104 0.418750 0.097917 0.044231
15 0.741667 0.450120 0.041667 0.027644
15 0.695833 0.457692 0.064583 0.031731
15 0.633073 0.395192 0.098437 0.044231
15 0.463021 0.399880 0.066667 0.065144
15 0.624740 0.444471 0.090104 0.039904
15 0.603385 0.482332 0.081771 0.035817
15 0.644271 0.488822 0.085417 0.042067
15 0.614844 0.526202 0.085938 0.046154
15 0.533854 0.516106 0.091667 0.044712
15 0.452344 0.495673 0.098437 0.048077
15 0.366667 0.485216 0.097917 0.042548
15 0.365885 0.517067 0.080729 0.027885
15 0.417708 0.556731 0.151042 0.049519
15 0.561979 0.559255 0.098958 0.045433
15 0.811719 0.498918 0.111979 0.031010
15 0.737500 0.544712 0.103125 0.044231
15 0.256510 0.543870 0.080729 0.041106
15 0.170313 0.537981 0.106250 0.025481
15 0.088802 0.567788 0.079687 0.046154
15 0.118229 0.593149 0.089583 0.043510
15 0.213802 0.599279 0.113021 0.031250
15 0.088281 0.643750 0.076563 0.048558
15 0.166146 0.649519 0.104167 0.054327
15 0.446615 0.615505 0.080729 0.059856
15 0.106510 0.730048 0.074479 0.066346
15 0.195312 0.733413 0.096875 0.041827
15 0.580469 0.671635 0.076563 0.038942
15 0.668750 0.651803 0.102083 0.033413
15 0.685677 0.619351 0.093229 0.040144
15 0.732292 0.591827 0.100000 0.049038
15 0.780469 0.638702 0.129688 0.051442
15 0.871615 0.610817 0.084896 0.054327
15 0.883594 0.665024 0.082812 0.038221
15 0.810156 0.676562 0.082812 0.030048
15 0.700000 0.692187 0.105208 0.042548
15 0.820312 0.715505 0.062500 0.043029
15 0.885156 0.704447 0.067187 0.040625
15 0.780729 0.747716 0.098958 0.036779
15 0.665104 0.746274 0.117708 0.038702
15 0.821094 0.766587 0.069271 0.048077
15 0.890885 0.771154 0.072396 0.050481
15 0.851042 0.801803 0.070833 0.035337
15 0.756510 0.806490 0.088021 0.047596
15 0.630469 0.781971 0.097396 0.040865
15 0.674740 0.827404 0.124479 0.049038
15 0.799479 0.864663 0.069792 0.044231
15 0.859896 0.841346 0.091667 0.043750
15 0.898177 0.883774 0.074479 0.054087
15 0.702344 0.878125 0.128646 0.050481
15 0.663542 0.896394 0.106250 0.047596
15 0.551823 0.825721 0.125521 0.043750
15 0.525781 0.863462 0.092188 0.039904
15 0.443750 0.869832 0.092708 0.036779
15 0.357292 0.822476 0.083333 0.043990
15 0.287240 0.850962 0.086979 0.054808
15 0.159635 0.829087 0.082812 0.046635
15 0.095573 0.822957 0.080729 0.048317
15 0.080208 0.874279 0.052083 0.050481
15 0.191146 0.855529 0.101042 0.041827
15 0.210677 0.879207 0.061979 0.031971
15 0.137240 0.908053 0.082812 0.058413
15 0.215365 0.922236 0.092188 0.056490
15 0.295052 0.955649 0.085938 0.043510
15 0.333854 0.921875 0.110417 0.046635
15 0.374219 0.957933 0.059896 0.028365
15 0.437500 0.932813 0.098958 0.053125
15 0.463542 0.975841 0.106250 0.035817
15 0.418750 0.990986 0.063542 0.018029
15 0.524740 0.945553 0.065104 0.043029
15 0.546615 0.897476 0.129688 0.039183
15 0.592187 0.926082 0.095833 0.034375
15 0.605990 0.947476 0.108854 0.032452
15 0.538542 0.989543 0.058333 0.018990
15 0.589583 0.977043 0.064583 0.029567
15 0.614323 0.996394 0.050521 0.007212
15 0.653385 0.976082 0.067187 0.039183
15 0.714844 0.974519 0.077604 0.044231
15 0.691927 0.996154 0.033854 0.007692
15 0.785156 0.941707 0.069271 0.054087
15 0.845833 0.981611 0.084375 0.036779
15 0.905729 0.953966 0.076042 0.056010
