15 0.977043 0.858854 0.045913 0.104167
15 0.845072 0.766927 0.054567 0.088021
15 0.916947 0.627083 0.060337 0.106250
15 0.952043 0.537240 0.039663 0.110937
15 0.988341 0.580469 0.023317 0.077604
15 0.865385 0.479687 0.028846 0.117708
15 0.895793 0.434635 0.048798 0.089063
15 0.995793 0.421615 0.008413 0.040104
15 0.984976 0.339583 0.030048 0.104167
15 0.962260 0.420312 0.048077 0.066667
15 0.917909 0.391927 0.032452 0.064062
15 0.953606 0.345313 0.039423 0.107292
15 0.948438 0.278646 0.050721 0.069792
15 0.970553 0.213281 0.041106 0.067187
15 0.993389 0.153125 0.013221 0.152083
15 0.961779 0.120313 0.041827 0.107292
15 0.934495 0.177344 0.034856 0.089063
15 0.913101 0.253125 0.045913 0.083333
15 0.888822 0.315104 0.041106 0.096875
15 0.890505 0.204687 0.043029 0.111458
15 0.899639 0.155729 0.038221 0.072917
15 0.914303 0.104427 0.063221 0.074479
15 0.857091 0.117448 0.037260 0.089063
15 0.847716 0.208073 0.052163 0.146354
15 0.815385 0.132812 0.033654 0.090625
15 0.808413 0.227865 0.026442 0.080729
15 0.817308 0.285938 0.039423 0.065625
15 0.847837 0.328125 0.043269 0.078125
15 0.830288 0.415885 0.037019 0.115104
15 0.804207 0.487240 0.048317 0.093229
15 0.766827 0.492448 0.038942 0.125521
15 0.740986 0.579688 0.046875 0.147917
15 0.728365 0.439844 0.040865 0.091146
15 0.768750 0.391406 0.046154 0.086979
15 0.771514 0.310937 0.047356 0.077083
15 0.806130 0.362240 0.037740 0.084896
15 0.773077 0.244010 0.047596 0.095312
15 0.766707 0.182292 0.048798 0.052083
15 0.773077 0.119010 0.052885 0.068229
15 0.718510 0.123177 0.045192 0.081771
15 0.723558 0.198698 0.040865 0.075521
15 0.729447 0.268490 0.038702 0.072396
15 0.726803 0.350260 0.045433 0.093229
15 0.680889 0.406250 0.054087 0.091667
15 0.685457 0.488542 0.059375 0.083333
15 0.642188 0.434896 0.047837 0.096875
15 0.651683 0.342708 0.030288 0.083333
15 0.654447 0.236198 0.058894 0.123438
15 0.625000 0.136719 0.055288 0.082812
15 0.676202 0.126302 0.041827 0.089063
15 0.603726 0.286458 0.047837 0.114583
15 0.617548 0.356250 0.038462 0.100000
15 0.619471 0.510417 0.045673 0.092708
15 0.591827 0.603906 0.067308 0.089063
15 0.577644 0.525260 0.068269 0.095312
15 0.526322 0.551302 0.045913 0.105729
15 0.506010 0.482031 0.059135 0.068229
15 0.562500 0.427604 0.064423 0.084375
15 0.513582 0.383073 0.031490 0.118229
15 0.477163 0.416406 0.041827 0.085938
15 0.471635 0.313802 0.052885 0.103646
15 0.433053 0.360938 0.048798 0.088542
15 0.406490 0.401302 0.049519 0.075521
15 0.396514 0.319271 0.047356 0.090625
15 0.351442 0.344792 0.038462 0.090625
15 0.360096 0.440365 0.052885 0.085938
15 0.373918 0.264583 0.062260 0.068750
15 0.392909 0.205990 0.046394 0.057813
15 0.353365 0.184635 0.035096 0.109896
15 0.314904 0.194792 0.057212 0.107292
15 0.321755 0.136979 0.055529 0.051042
15 0.276923 0.163021 0.037019 0.109375
15 0.271635 0.283594 0.040385 0.118229
15 0.313221 0.349219 0.045673 0.102604
15 0.320192 0.277865 0.048077 0.078646
15 0.294952 0.410156 0.056731 0.138021
15 0.302885 0.523698 0.039423 0.098437
15 0.357692 0.543490 0.064904 0.127604
15 0.435937 0.547135 0.047356 0.091146
15 0.262620 0.562760 0.048798 0.148438
15 0.246995 0.358594 0.045913 0.101562
15 0.210457 0.339323 0.043029 0.113021
15 0.183053 0.415625 0.043029 0.100000
15 0.181250 0.322656 0.033173 0.085938
15 0.227284 0.241667 0.060337 0.100000
15 0.215505 0.177865 0.053606 0.067187
15 0.236899 0.141406 0.056490 0.066146
15 0.161418 0.158073 0.061779 0.084896
15 0.177644 0.231771 0.072115 0.076042
15 0.140024 0.315104 0.057933 0.101042
15 0.095312 0.322917 0.043990 0.101042
15 0.091827 0.416406 0.041827 0.106771
15 0.145313 0.395833 0.040625 0.143750
15 0.120313 0.401302 0.021875 0.120313
15 0.056370 0.416927 0.036779 0.068229
15 0.064543 0.490104 0.061779 0.111458
15 0.034615 0.374479 0.063942 0.093750
15 0.010457 0.468490 0.020433 0.053646
15 0.029928 0.309375 0.041587 0.059375
15 0.067428 0.282031 0.032933 0.088021
15 0.110937 0.250521 0.053125 0.076042
15 0.081010 0.207813 0.042308 0.058333
15 0.052404 0.166667 0.046154 0.070833
15 0.028726 0.240365 0.045433 0.084896
15 0.007332 0.258854 0.014183 0.116667
