15 0.980168 0.909635 0.033413 0.173437
15 0.936899 0.690104 0.076202 0.186458
15 0.973077 0.708333 0.036058 0.173958
15 0.976082 0.540885 0.034856 0.131771
15 0.950601 0.472917 0.063221 0.122917
15 0.829928 0.938802 0.085337 0.122396
15 0.812981 0.817187 0.087500 0.122917
15 0.781370 0.977083 0.042067 0.045833
15 0.734495 0.963281 0.049760 0.073438
15 0.677524 0.932292 0.060817 0.133333
15 0.715144 0.859896 0.054808 0.122917
15 0.650240 0.849479 0.058654 0.116667
15 0.611779 0.948958 0.065385 0.102083
15 0.584375 0.839323 0.053365 0.160938
15 0.637019 0.748437 0.069712 0.152083
15 0.527644 0.918750 0.097596 0.162500
15 0.517548 0.756250 0.078846 0.170833
15 0.662740 0.674479 0.025000 0.059375
15 0.705529 0.638281 0.065865 0.163021
15 0.725240 0.770312 0.085577 0.101042
15 0.773317 0.660417 0.070673 0.190625
15 0.848678 0.658333 0.077644 0.160417
15 0.807332 0.530990 0.064183 0.154688
15 0.753365 0.503646 0.042788 0.109375
15 0.692909 0.552865 0.072837 0.140104
15 0.630409 0.569531 0.048317 0.184896
15 0.585096 0.706510 0.070192 0.091146
15 0.581731 0.578646 0.078846 0.157292
15 0.525841 0.595573 0.030048 0.142187
15 0.479087 0.608594 0.051442 0.115104
15 0.491106 0.460938 0.050481 0.196875
15 0.534495 0.411198 0.073798 0.138021
15 0.585938 0.446094 0.039183 0.117188
15 0.658293 0.439583 0.035817 0.130208
15 0.622716 0.370052 0.060817 0.121354
15 0.703846 0.400260 0.062981 0.142187
15 0.765986 0.382812 0.058894 0.190625
15 0.835697 0.367448 0.079567 0.186979
15 0.886178 0.495312 0.069471 0.163542
15 0.934495 0.357812 0.069952 0.108333
15 0.872115 0.278125 0.050962 0.212500
15 0.967067 0.248958 0.046154 0.146875
15 0.987620 0.390885 0.018510 0.117188
15 0.917788 0.207031 0.049038 0.149479
15 0.798558 0.238542 0.070673 0.115625
15 0.731130 0.257552 0.062740 0.143229
15 0.657332 0.255469 0.081010 0.147396
15 0.578486 0.301302 0.057933 0.117188
15 0.500721 0.298958 0.089423 0.101042
15 0.947837 0.088802 0.062019 0.131771
15 0.978245 0.062500 0.036298 0.114583
15 0.881731 0.082812 0.071154 0.143750
15 0.816106 0.121875 0.060096 0.122917
15 0.760457 0.122396 0.056010 0.127083
15 0.699760 0.096875 0.061058 0.171875
15 0.738822 0.030729 0.067548 0.056250
15 0.809856 0.027604 0.073558 0.054167
15 0.644351 0.087760 0.052163 0.171354
15 0.591947 0.071875 0.074279 0.125000
15 0.592909 0.194010 0.068029 0.085938
15 0.514784 0.167969 0.093510 0.152604
15 0.535216 0.040365 0.050240 0.079687
15 0.481130 0.073958 0.052644 0.145833
15 0.422957 0.065104 0.064663 0.117708
15 0.412139 0.214062 0.072837 0.155208
15 0.364543 0.053646 0.050240 0.106250
15 0.357091 0.183594 0.073317 0.150521
15 0.372115 0.306771 0.051442 0.106250
15 0.431130 0.338802 0.072837 0.097396
15 0.430409 0.457292 0.075721 0.154167
15 0.363341 0.432552 0.061298 0.117188
15 0.383413 0.552865 0.072115 0.138021
15 0.433894 0.591146 0.053365 0.089583
15 0.307692 0.571615 0.080288 0.123438
15 0.275240 0.498698 0.063462 0.093229
15 0.316346 0.350260 0.051442 0.197396
15 0.271514 0.336979 0.039183 0.208333
15 0.229087 0.418750 0.045192 0.101042
15 0.293149 0.148438 0.058413 0.164583
15 0.237500 0.188281 0.067308 0.195312
15 0.294111 0.030208 0.096875 0.059375
15 0.227163 0.019531 0.044712 0.038021
15 0.205769 0.083594 0.061538 0.106771
15 0.216587 0.530990 0.064904 0.111979
15 0.328245 0.703906 0.064663 0.130729
15 0.393389 0.714583 0.049279 0.175000
15 0.442428 0.721094 0.068510 0.161979
15 0.444712 0.907031 0.079808 0.169271
15 0.380048 0.950000 0.094712 0.094792
15 0.327524 0.901302 0.076683 0.125521
15 0.312380 0.986719 0.029567 0.026562
15 0.260577 0.974219 0.060096 0.051562
15 0.262981 0.864323 0.072115 0.157812
15 0.255048 0.671875 0.062981 0.201042
15 0.193269 0.944531 0.076923 0.110937
15 0.124760 0.919010 0.070673 0.120313
15 0.077043 0.970833 0.068510 0.058333
15 0.062981 0.875521 0.043269 0.114583
15 0.100841 0.823698 0.096394 0.068229
15 0.085457 0.715625 0.061298 0.135417
15 0.146514 0.744531 0.063702 0.083854
15 0.144231 0.642188 0.042788 0.100000
15 0.190024 0.626302 0.069952 0.183854
15 0.106010 0.585156 0.082692 0.113021
15 0.157812 0.451562 0.081010 0.166667
15 0.126202 0.386458 0.043750 0.106250
15 0.085697 0.488542 0.083413 0.084375
15 0.076923 0.353646 0.066827 0.141667
15 0.180409 0.201042 0.052163 0.171875
15 0.121514 0.229167 0.057452 0.179167
15 0.131611 0.079948 0.077644 0.108854
15 0.158894 0.015104 0.050481 0.029167
15 0.060577 0.064844 0.075481 0.106771
15 0.057091 0.191927 0.066106 0.153646
15 0.022236 0.924219 0.043990 0.151562
15 0.024760 0.748177 0.049038 0.171354
15 0.036659 0.608073 0.061298 0.146354
15 0.031490 0.464844 0.062500 0.108854
15 0.022236 0.321094 0.043990 0.183854
15 0.009736 0.118750 0.018990 0.116667
15 0.021394 0.027604 0.039904 0.051042
