15 0.122356 0.079948 0.054327 0.085938
15 0.169351 0.182812 0.030048 0.141667
15 0.202764 0.262760 0.042067 0.069271
15 0.249519 0.202083 0.038462 0.101042
15 0.290385 0.176302 0.046635 0.098437
15 0.315505 0.076302 0.046394 0.090104
15 0.336659 0.136198 0.040625 0.130729
15 0.375601 0.110417 0.040625 0.105208
15 0.409976 0.102604 0.043510 0.105208
15 0.411659 0.042969 0.036779 0.055729
15 0.449519 0.073958 0.038942 0.113542
15 0.487981 0.047396 0.031731 0.051042
15 0.492548 0.092188 0.053365 0.105208
15 0.440986 0.150000 0.043029 0.080208
15 0.393750 0.196615 0.049038 0.065104
15 0.380649 0.260417 0.041106 0.066667
15 0.340264 0.321354 0.030048 0.103125
15 0.300240 0.276562 0.059615 0.076042
15 0.218510 0.367448 0.033173 0.128646
15 0.169111 0.372135 0.040144 0.115104
15 0.124760 0.336719 0.035577 0.136979
15 0.365625 0.343750 0.045192 0.096875
15 0.405288 0.338542 0.028365 0.128125
15 0.418029 0.270833 0.034615 0.119792
15 0.442067 0.254167 0.031731 0.121875
15 0.476803 0.287500 0.032452 0.126042
15 0.471995 0.183073 0.031490 0.067187
15 0.503245 0.189062 0.032933 0.072917
15 0.515986 0.250781 0.039663 0.109896
15 0.533413 0.115365 0.028365 0.121354
15 0.567067 0.068490 0.038942 0.097396
15 0.606370 0.072656 0.037260 0.108854
15 0.649038 0.071615 0.055288 0.090104
15 0.572596 0.176042 0.041827 0.106250
15 0.564303 0.265104 0.055048 0.066667
15 0.613582 0.262240 0.034856 0.119271
15 0.589543 0.334896 0.061298 0.070833
15 0.533654 0.322135 0.035096 0.100521
15 0.496274 0.351823 0.031010 0.090104
15 0.459615 0.398698 0.039904 0.086979
15 0.340024 0.428906 0.043029 0.105729
15 0.367909 0.454688 0.035817 0.072917
15 0.412380 0.447917 0.036298 0.081250
15 0.435817 0.474479 0.058654 0.076042
15 0.500481 0.509635 0.043750 0.086979
15 0.537620 0.501563 0.041106 0.093750
15 0.546875 0.436979 0.062500 0.101042
15 0.617548 0.421354 0.037500 0.117708
15 0.641707 0.374479 0.031490 0.126042
15 0.680769 0.414062 0.061538 0.104167
15 0.690144 0.317708 0.032212 0.098958
15 0.680048 0.508333 0.047115 0.113542
15 0.643510 0.490625 0.029327 0.085417
15 0.649880 0.563281 0.049760 0.098437
15 0.686418 0.594271 0.031010 0.063542
15 0.661538 0.635156 0.039904 0.053646
15 0.618750 0.611719 0.052885 0.079687
15 0.604928 0.519271 0.036779 0.126042
15 0.535577 0.578125 0.048558 0.065625
15 0.494111 0.566146 0.031971 0.094792
15 0.457332 0.568229 0.041587 0.094792
15 0.411899 0.573698 0.035817 0.086979
15 0.394231 0.509115 0.048077 0.069271
15 0.279327 0.491406 0.033173 0.084896
15 0.243630 0.489063 0.050240 0.095833
15 0.198798 0.512760 0.042788 0.065104
15 0.153846 0.497656 0.045673 0.103646
15 0.122356 0.530208 0.030769 0.102083
15 0.128245 0.683594 0.041587 0.096354
15 0.228726 0.583333 0.055529 0.064583
15 0.237500 0.662760 0.042308 0.091146
15 0.343510 0.588021 0.043750 0.083333
15 0.355048 0.523698 0.032692 0.072396
15 0.379207 0.570312 0.030048 0.062500
15 0.386659 0.639583 0.040625 0.086458
15 0.335697 0.663021 0.060337 0.083333
15 0.440264 0.646615 0.035337 0.100521
15 0.477764 0.702604 0.034856 0.115625
15 0.500721 0.634115 0.051923 0.076563
15 0.541587 0.672396 0.037500 0.120833
15 0.560457 0.714323 0.040625 0.078646
15 0.595313 0.670052 0.042067 0.067187
15 0.639663 0.695052 0.046635 0.084896
15 0.689063 0.685156 0.053606 0.101562
15 0.730048 0.636198 0.044231 0.068229
15 0.719591 0.567708 0.032933 0.086458
15 0.732091 0.480208 0.049760 0.090625
15 0.750120 0.528906 0.026683 0.108854
15 0.783534 0.579427 0.050240 0.107813
15 0.783293 0.476823 0.056010 0.090104
15 0.837981 0.467187 0.043269 0.082292
15 0.909976 0.406250 0.050721 0.073958
15 0.827764 0.343229 0.040144 0.095833
15 0.787861 0.380729 0.051202 0.073958
15 0.782452 0.319271 0.057692 0.083333
15 0.725601 0.344271 0.040144 0.089583
15 0.836298 0.056250 0.052885 0.095833
15 0.875000 0.075781 0.034135 0.115104
15 0.767909 0.058594 0.065625 0.091146
15 0.723558 0.087500 0.046635 0.080208
15 0.695312 0.055729 0.041106 0.081250
15 0.732812 0.173698 0.040625 0.120313
15 0.779687 0.215365 0.039183 0.129688
15 0.837260 0.263281 0.058173 0.089063
15 0.975481 0.339323 0.049038 0.067187
15 0.970072 0.228906 0.042548 0.108854
15 0.992788 0.208854 0.014423 0.103125
15 0.989303 0.107031 0.021394 0.093229
15 0.964543 0.097656 0.040144 0.117188
15 0.978606 0.627344 0.042788 0.118229
15 0.897115 0.853646 0.043269 0.082292
15 0.647236 0.772917 0.035817 0.092708
15 0.614062 0.814323 0.027163 0.100521
15 0.610817 0.747135 0.039904 0.077604
15 0.578726 0.790625 0.044471 0.076042
15 0.587620 0.855729 0.040625 0.052083
15 0.578005 0.896615 0.051202 0.079687
15 0.539663 0.887760 0.038462 0.074479
15 0.522356 0.829948 0.037500 0.059896
15 0.543149 0.789323 0.036298 0.092188
15 0.510337 0.744792 0.029327 0.151042
15 0.478606 0.773698 0.032212 0.058854
15 0.448798 0.736198 0.038462 0.099479
15 0.417428 0.761458 0.034856 0.085417
15 0.385457 0.724479 0.027163 0.079167
15 0.410577 0.682292 0.033654 0.086458
15 0.355529 0.716146 0.034615 0.072917
15 0.332212 0.747135 0.033173 0.077604
15 0.376082 0.790104 0.050240 0.082292
15 0.406851 0.867708 0.055048 0.123958
15 0.449880 0.814063 0.035337 0.075000
15 0.487981 0.843229 0.035577 0.080208
15 0.497596 0.890104 0.041346 0.066667
15 0.451082 0.892448 0.056971 0.067187
15 0.361899 0.865625 0.034856 0.117708
15 0.338582 0.890625 0.055529 0.089583
15 0.299159 0.776042 0.036298 0.091667
15 0.272476 0.755208 0.025721 0.093750
15 0.250240 0.791406 0.028365 0.120313
15 0.278125 0.859896 0.043269 0.094792
15 0.205168 0.825260 0.059856 0.069271
15 0.204087 0.897917 0.056731 0.083333
15 0.161538 0.816406 0.034615 0.098437
