15 0.970072 0.019531 0.043029 0.038021
15 0.978245 0.081510 0.043510 0.113021
15 0.980529 0.172396 0.038942 0.080208
15 0.967067 0.257552 0.065865 0.121354
15 0.919351 0.143750 0.097837 0.081250
15 0.896274 0.214323 0.056010 0.114062
15 0.924159 0.318229 0.083413 0.107292
15 0.949038 0.386198 0.066346 0.073438
15 0.975962 0.472917 0.048077 0.096875
15 0.932332 0.482552 0.049279 0.082812
15 0.898317 0.406771 0.037019 0.065625
15 0.950361 0.585938 0.070913 0.128125
15 0.979087 0.634375 0.034615 0.100000
15 0.976442 0.789583 0.047115 0.163542
15 0.959014 0.915104 0.075721 0.126042
15 0.948678 0.985677 0.055048 0.028646
15 0.881250 0.978385 0.033654 0.041146
15 0.879808 0.899219 0.051923 0.106771
15 0.902764 0.827083 0.035337 0.079167
15 0.931611 0.740625 0.042548 0.142708
15 0.873558 0.746354 0.076923 0.126042
15 0.838582 0.775521 0.035337 0.090625
15 0.837620 0.963021 0.049279 0.073958
15 0.823678 0.873177 0.075721 0.095312
15 0.800481 0.782031 0.052404 0.086979
15 0.796394 0.685156 0.058173 0.094271
15 0.837981 0.645052 0.037981 0.079687
15 0.890385 0.573438 0.074519 0.093750
15 0.775962 0.941667 0.067308 0.111458
15 0.757332 0.841667 0.043029 0.080208
15 0.748558 0.737760 0.049038 0.132812
15 0.709976 0.789583 0.054567 0.100000
15 0.708293 0.899479 0.070913 0.113542
15 0.684615 0.977344 0.071154 0.044271
15 0.630889 0.979948 0.034375 0.035937
15 0.650721 0.890104 0.048077 0.129167
15 0.662981 0.795312 0.047115 0.090625
15 0.703365 0.693490 0.047596 0.090104
15 0.665986 0.703906 0.028125 0.103646
15 0.743990 0.613281 0.046154 0.097396
15 0.789904 0.564583 0.047115 0.137500
15 0.834976 0.557813 0.056490 0.108333
15 0.878606 0.487500 0.058173 0.083333
15 0.815024 0.464583 0.043029 0.095833
15 0.853486 0.387760 0.056010 0.183854
15 0.807572 0.366927 0.035817 0.086979
15 0.777163 0.423438 0.053846 0.123958
15 0.728125 0.462500 0.056250 0.129167
15 0.736779 0.524479 0.071635 0.076042
15 0.689784 0.607552 0.062260 0.108854
15 0.676322 0.490104 0.048798 0.144792
15 0.673197 0.408073 0.044471 0.080729
15 0.625841 0.481250 0.047837 0.114583
15 0.626803 0.584896 0.061779 0.094792
15 0.620313 0.713542 0.061298 0.179167
15 0.911538 0.050521 0.062500 0.100000
15 0.885216 0.029167 0.028125 0.057292
15 0.846635 0.034375 0.053365 0.067708
15 0.820673 0.115625 0.064904 0.101042
15 0.859856 0.135677 0.033654 0.126562
15 0.803966 0.253906 0.053125 0.149479
15 0.844231 0.260937 0.048558 0.142708
15 0.773317 0.155208 0.043269 0.083333
15 0.742428 0.105729 0.050240 0.130208
15 0.728846 0.018229 0.046154 0.035417
15 0.689423 0.141406 0.051923 0.117188
15 0.687500 0.289062 0.044231 0.153125
15 0.632212 0.352604 0.062500 0.109375
15 0.652163 0.222917 0.045192 0.138542
15 0.602885 0.236458 0.054808 0.110417
15 0.615865 0.140625 0.060577 0.087500
15 0.602644 0.070312 0.045192 0.076042
15 0.612139 0.847917 0.040625 0.084375
15 0.583654 0.902865 0.069231 0.123438
15 0.606971 0.952865 0.025481 0.072396
15 0.570433 0.974219 0.056731 0.051562
15 0.531130 0.918490 0.037260 0.050521
15 0.545793 0.843490 0.041106 0.092188
15 0.503125 0.951823 0.076442 0.077604
15 0.468630 0.884896 0.036298 0.095833
15 0.499159 0.821354 0.044952 0.104167
15 0.516827 0.713802 0.053846 0.113021
15 0.568269 0.755990 0.040385 0.096354
15 0.568630 0.659115 0.057452 0.098437
15 0.574399 0.558854 0.058413 0.105208
15 0.572596 0.457292 0.040385 0.132292
15 0.529687 0.510156 0.054087 0.151562
15 0.513462 0.623437 0.063462 0.067708
15 0.447115 0.973958 0.035096 0.052083
15 0.420312 0.895312 0.067548 0.121875
15 0.402764 0.970052 0.044952 0.059896
15 0.386298 0.923438 0.042788 0.076042
15 0.349760 0.955469 0.048558 0.089063
15 0.399159 0.799219 0.058413 0.076563
15 0.416587 0.713542 0.058173 0.118750
15 0.468269 0.699740 0.044231 0.100521
15 0.436298 0.615625 0.050962 0.081250
15 0.465865 0.571094 0.073558 0.086979
15 0.478245 0.502604 0.050240 0.104167
15 0.488101 0.371094 0.040144 0.152604
15 0.531851 0.388021 0.046394 0.076042
15 0.561418 0.330729 0.083413 0.103125
15 0.561298 0.226823 0.046154 0.107813
15 0.517308 0.247135 0.044712 0.104688
15 0.551803 0.113021 0.053606 0.176042
15 0.500120 0.139583 0.051202 0.116667
15 0.471034 0.250000 0.045913 0.095833
15 0.428365 0.312240 0.042788 0.104688
15 0.447236 0.424740 0.048798 0.107813
15 0.422236 0.217188 0.047356 0.091667
15 0.443149 0.132552 0.075240 0.082812
15 0.490745 0.046875 0.049279 0.092708
15 0.437981 0.047135 0.068269 0.093229
15 0.399038 0.054688 0.042308 0.082292
15 0.378966 0.167448 0.052644 0.138021
15 0.352885 0.065104 0.049519 0.111458
15 0.374760 0.005990 0.041346 0.010937
15 0.348558 0.285156 0.053846 0.154688
15 0.406971 0.490885 0.047596 0.192188
15 0.393149 0.406250 0.033413 0.056250
15 0.377043 0.634375 0.059856 0.079167
15 0.364303 0.560677 0.052644 0.102604
15 0.348918 0.459635 0.055529 0.105729
15 0.366707 0.723958 0.036779 0.094792
15 0.346995 0.798177 0.056490 0.113021
15 0.345313 0.873958 0.043029 0.081250
15 0.320433 0.949479 0.027885 0.067708
15 0.287620 0.980208 0.042548 0.039583
15 0.236899 0.961458 0.051683 0.076042
15 0.288702 0.851823 0.068750 0.217188
15 0.260577 0.765365 0.039423 0.088021
15 0.226923 0.861719 0.043269 0.123438
15 0.175601 0.870833 0.062740 0.107292
15 0.187861 0.961458 0.060337 0.072917
15 0.296394 0.688021 0.048077 0.096875
15 0.333413 0.666927 0.031250 0.098437
15 0.299399 0.572917 0.079567 0.126042
15 0.294351 0.465885 0.046875 0.090104
15 0.220312 0.541927 0.064663 0.088021
15 0.250601 0.648958 0.051202 0.145833
15 0.216466 0.730208 0.067548 0.166667
15 0.160938 0.986458 0.024760 0.027083
15 0.190986 0.624479 0.059375 0.097917
15 0.152644 0.717708 0.067308 0.125000
15 0.137139 0.648698 0.059856 0.075521
15 0.251082 0.431771 0.040144 0.069792
15 0.208774 0.451562 0.050240 0.098958
15 0.225000 0.352865 0.046154 0.142187
15 0.289303 0.357552 0.068510 0.159896
15 0.268389 0.271094 0.055048 0.070312
15 0.294952 0.216146 0.041827 0.063542
15 0.310937 0.165104 0.068510 0.108333
15 0.257452 0.167708 0.035096 0.114583
15 0.225361 0.191927 0.049760 0.129688
15 0.178486 0.200521 0.051202 0.086458
15 0.175481 0.258073 0.049038 0.039062
15 0.165144 0.326302 0.066827 0.139063
15 0.164784 0.439323 0.041587 0.096354
15 0.139063 0.548698 0.080048 0.129688
15 0.124279 0.420312 0.038942 0.130208
15 0.193389 0.097135 0.056010 0.119271
15 0.240625 0.058594 0.057212 0.116146
15 0.300000 0.067187 0.061538 0.094792
15 0.317188 0.024740 0.041106 0.042188
15 0.181370 0.038802 0.054567 0.076563
15 0.140505 0.122135 0.047837 0.093229
15 0.126923 0.203125 0.054327 0.063542
15 0.110337 0.965885 0.085096 0.068229
15 0.121875 0.904948 0.064423 0.080729
15 0.065745 0.915365 0.049279 0.120313
15 0.039784 0.981510 0.047837 0.036979
15 0.021755 0.942969 0.043029 0.079687
15 0.025000 0.841667 0.049519 0.143750
15 0.018750 0.714583 0.037019 0.154167
15 0.066106 0.622135 0.061058 0.223438
15 0.083894 0.823177 0.055769 0.095312
15 0.093149 0.721615 0.052163 0.132812
15 0.038221 0.580729 0.054327 0.126042
15 0.077764 0.446354 0.056971 0.140625
15 0.119591 0.304688 0.043510 0.108333
15 0.073918 0.292969 0.044471 0.152604
15 0.054567 0.239583 0.031250 0.057292
15 0.025601 0.467969 0.050721 0.106771
15 0.005048 0.596615 0.009615 0.090104
15 0.028846 0.360156 0.057212 0.110937
15 0.023918 0.263542 0.047356 0.083333
15 0.030769 0.167969 0.061058 0.115104
15 0.093029 0.157552 0.057212 0.113021
15 0.037620 0.057292 0.074760 0.113542
15 0.114784 0.040625 0.076202 0.080208
15 0.092548 0.076302 0.035096 0.054688
