15 0.932813 0.026442 0.120833 0.052404
15 0.860677 0.062620 0.128646 0.036298
15 0.821094 0.020433 0.111979 0.040385
15 0.967969 0.099519 0.064062 0.036538
15 0.854948 0.115505 0.165104 0.066587
15 0.873177 0.175240 0.117188 0.041346
15 0.958854 0.154808 0.082292 0.069231
15 0.739583 0.083053 0.121875 0.061779
15 0.680208 0.036058 0.164583 0.068750
15 0.590885 0.015144 0.076563 0.028365
15 0.466146 0.011058 0.162500 0.020673
15 0.482292 0.052163 0.212500 0.070192
15 0.576562 0.096514 0.158333 0.053606
15 0.696875 0.126562 0.169792 0.081490
15 0.967969 0.217428 0.064062 0.055048
15 0.921094 0.228726 0.056771 0.045913
15 0.842969 0.239904 0.130729 0.087019
15 0.957812 0.272476 0.084375 0.040625
15 0.850521 0.296995 0.108333 0.027163
15 0.713021 0.227524 0.096875 0.089183
15 0.776042 0.178245 0.073958 0.052644
15 0.566927 0.191947 0.143229 0.059375
15 0.526042 0.139663 0.181250 0.048077
15 0.436198 0.105769 0.114062 0.029327
15 0.304427 0.103606 0.179688 0.049038
15 0.333333 0.150841 0.178125 0.045433
15 0.413281 0.191106 0.144271 0.055769
15 0.491406 0.238942 0.163021 0.042308
15 0.299740 0.205168 0.125521 0.039663
15 0.183854 0.160938 0.162500 0.062740
15 0.128125 0.093750 0.148958 0.070192
15 0.251302 0.061538 0.125521 0.033654
15 0.263542 0.026562 0.114583 0.051202
15 0.347396 0.006851 0.080208 0.013221
15 0.146875 0.034135 0.106250 0.064423
15 0.051042 0.030649 0.085417 0.060817
15 0.016927 0.076683 0.032813 0.069712
15 0.062240 0.126442 0.068229 0.062019
15 0.056771 0.193269 0.110417 0.073558
15 0.169792 0.210938 0.095833 0.031010
15 0.032292 0.240745 0.063542 0.056010
15 0.108594 0.256971 0.107813 0.060096
15 0.246615 0.249880 0.172396 0.075240
15 0.371094 0.266827 0.121354 0.067788
15 0.531510 0.282933 0.117188 0.045192
15 0.617188 0.252284 0.087500 0.056971
15 0.026302 0.299038 0.051562 0.060096
15 0.101042 0.320673 0.140625 0.062981
15 0.307292 0.335216 0.134375 0.066587
15 0.208594 0.293990 0.106771 0.035577
15 0.433073 0.319231 0.106771 0.063462
15 0.554948 0.322476 0.104688 0.040144
15 0.674219 0.317668 0.141146 0.073317
15 0.789583 0.332332 0.080208 0.044471
15 0.904427 0.329207 0.152604 0.064183
15 0.917969 0.369351 0.121354 0.038702
15 0.792448 0.378966 0.148438 0.065625
15 0.511198 0.372596 0.158854 0.042788
15 0.672917 0.391106 0.173958 0.060577
15 0.416927 0.371995 0.044271 0.030048
15 0.360677 0.396635 0.102604 0.050000
15 0.221094 0.370192 0.147396 0.070192
15 0.018229 0.352644 0.035417 0.040385
15 0.135677 0.401683 0.204687 0.076923
15 0.089063 0.456250 0.090625 0.038942
15 0.024479 0.440986 0.047917 0.083413
15 0.316406 0.437019 0.099479 0.056250
15 0.273698 0.466947 0.122396 0.049760
15 0.197917 0.456250 0.120833 0.059615
15 0.131510 0.509495 0.113021 0.057933
15 0.245052 0.508413 0.092188 0.037019
15 0.027604 0.523438 0.054167 0.079087
15 0.437500 0.463462 0.129167 0.073558
15 0.490365 0.424399 0.150521 0.067548
15 0.557031 0.463582 0.093229 0.073317
15 0.647917 0.445913 0.100000 0.062981
15 0.748958 0.457212 0.112500 0.060577
15 0.858854 0.456851 0.112500 0.035817
15 0.907292 0.418029 0.185417 0.056250
15 0.973698 0.451923 0.052604 0.044231
15 0.967187 0.494111 0.065625 0.052644
15 0.878906 0.517788 0.143229 0.089423
15 0.771875 0.518149 0.066667 0.057933
15 0.677344 0.517308 0.148438 0.067788
15 0.546875 0.524639 0.144792 0.058413
15 0.456510 0.520673 0.063021 0.043750
15 0.356510 0.503245 0.127604 0.060337
15 0.953125 0.559375 0.093750 0.071154
15 0.810417 0.613462 0.097917 0.085096
15 0.960417 0.629687 0.079167 0.064663
15 0.870052 0.633053 0.069271 0.057933
15 0.699740 0.591466 0.133854 0.078606
15 0.555208 0.616827 0.161458 0.053846
15 0.566667 0.578846 0.105208 0.042788
15 0.460938 0.636538 0.128125 0.052404
15 0.395573 0.602524 0.086979 0.039183
15 0.421875 0.559615 0.143750 0.051442
15 0.314844 0.555409 0.100521 0.049279
15 0.222396 0.559014 0.091667 0.056490
15 0.102865 0.573678 0.138021 0.070433
15 0.022656 0.636538 0.044271 0.057212
15 0.184635 0.643990 0.170313 0.058654
15 0.286979 0.621274 0.119792 0.076683
15 0.095573 0.661779 0.119271 0.052885
15 0.724740 0.662260 0.117188 0.054327
15 0.786458 0.690505 0.094792 0.052163
15 0.869010 0.714423 0.096354 0.079808
15 0.944531 0.695433 0.106771 0.062019
15 0.755469 0.739784 0.108854 0.049760
15 0.626563 0.694231 0.165625 0.053846
15 0.619271 0.722596 0.151042 0.025000
15 0.595833 0.646034 0.119792 0.035337
15 0.474479 0.696274 0.118750 0.068510
15 0.368229 0.662981 0.104167 0.055769
15 0.247396 0.698558 0.118750 0.042308
15 0.033073 0.711659 0.065104 0.073317
15 0.128906 0.721995 0.104688 0.060337
15 0.238281 0.744952 0.107813 0.047115
15 0.335417 0.716947 0.119792 0.060337
15 0.135417 0.772957 0.103125 0.049279
15 0.045052 0.808053 0.089063 0.078125
15 0.108854 0.835577 0.110417 0.065865
15 0.220573 0.794591 0.146354 0.050240
15 0.343490 0.758293 0.090104 0.018990
15 0.454688 0.749279 0.128125 0.048077
15 0.617708 0.762981 0.145833 0.052404
15 0.977604 0.747115 0.044792 0.037019
15 0.922135 0.787019 0.144271 0.062500
15 0.795573 0.791466 0.091146 0.056971
15 0.703125 0.792428 0.130208 0.054567
15 0.602604 0.834976 0.050000 0.050240
15 0.505990 0.794231 0.163021 0.052885
15 0.430469 0.811298 0.076563 0.039904
15 0.328646 0.805288 0.097917 0.074038
15 0.223177 0.846514 0.107813 0.057933
15 0.837240 0.844471 0.148438 0.057212
15 0.964323 0.842909 0.071354 0.055048
15 0.907292 0.892067 0.155208 0.061538
15 0.796615 0.910457 0.097396 0.070913
15 0.889323 0.942187 0.122396 0.043990
15 0.974740 0.931010 0.045312 0.052885
15 0.714583 0.933534 0.077083 0.049279
15 0.662500 0.885938 0.097917 0.041587
15 0.688542 0.855409 0.133333 0.070913
15 0.563021 0.896394 0.084375 0.050000
15 0.530729 0.849038 0.107292 0.046154
15 0.414062 0.859615 0.097917 0.063462
15 0.293229 0.902404 0.142708 0.064904
15 0.161198 0.904567 0.149479 0.064423
15 0.048177 0.882332 0.095312 0.069471
15 0.023438 0.935337 0.045833 0.031250
15 0.103125 0.938702 0.109375 0.041827
15 0.220052 0.960337 0.074479 0.057692
15 0.310677 0.951803 0.074479 0.033413
15 0.387240 0.971394 0.080729 0.052404
15 0.507031 0.956370 0.109896 0.062260
15 0.440104 0.914904 0.135417 0.050481
15 0.329427 0.855529 0.081771 0.025000
15 0.615365 0.947115 0.121354 0.075481
15 0.759375 0.968750 0.122917 0.041827
15 0.650521 0.980649 0.068750 0.038702
15 0.570573 0.991466 0.091146 0.017067
15 0.300260 0.986659 0.091146 0.026683
15 0.128646 0.978486 0.093750 0.043029
15 0.053385 0.979327 0.053646 0.041346
15 0.013281 0.970673 0.025521 0.037019
15 0.737500 0.995673 0.098958 0.008654
15 0.868750 0.981731 0.093750 0.036538
15 0.960417 0.980288 0.078125 0.039423
