15 0.231875 0.834511 0.192250 0.330978
15 0.470375 0.843478 0.190250 0.306522
15 0.813875 0.868207 0.150750 0.259239
15 0.956000 0.869837 0.088000 0.260326
15 0.902875 0.600815 0.194250 0.250543
15 0.722500 0.612228 0.155500 0.234239
15 0.613750 0.491576 0.094000 0.264674
15 0.721375 0.409783 0.124250 0.173913
15 0.812375 0.385870 0.093750 0.182609
15 0.957500 0.429076 0.085000 0.208152
15 0.924250 0.250000 0.091000 0.170652
15 0.984125 0.207065 0.031750 0.154348
15 0.948250 0.078804 0.066500 0.120652
15 0.872875 0.116304 0.102250 0.163043
15 0.789125 0.191848 0.129250 0.193478
15 0.679125 0.282337 0.132750 0.153804
15 0.667375 0.124728 0.088250 0.137500
15 0.710625 0.035870 0.115250 0.070652
15 0.573250 0.112500 0.094500 0.185870
15 0.522875 0.266033 0.138250 0.211413
15 0.477375 0.487772 0.165250 0.374457
15 0.373250 0.433696 0.082000 0.244565
15 0.337750 0.278533 0.119500 0.219022
15 0.261000 0.527989 0.123000 0.285326
15 0.387125 0.091033 0.094250 0.180978
15 0.480250 0.068207 0.093000 0.135326
15 0.223625 0.289402 0.129750 0.203804
15 0.104375 0.176902 0.109750 0.247283
15 0.055500 0.450000 0.110500 0.283696
15 0.024875 0.142120 0.049250 0.280978
