15 0.033173 0.864583 0.065865 0.145833
15 0.102885 0.881510 0.086058 0.175521
15 0.137620 0.967969 0.063221 0.064062
15 0.037740 0.720833 0.075000 0.136458
15 0.115625 0.721615 0.058654 0.141146
15 0.070793 0.633073 0.067548 0.152604
15 0.137380 0.584896 0.045433 0.131250
15 0.013341 0.589323 0.026202 0.090104
15 0.018149 0.503385 0.035817 0.093229
15 0.088702 0.489844 0.097115 0.129688
15 0.034135 0.385677 0.067788 0.176563
15 0.123678 0.371354 0.082452 0.145833
15 0.074880 0.338021 0.036298 0.159375
15 0.181370 0.839063 0.067067 0.162500
15 0.198798 0.955990 0.055769 0.088021
15 0.239543 0.985938 0.025721 0.028125
15 0.260697 0.895312 0.083413 0.168750
15 0.236418 0.740625 0.060817 0.135417
15 0.294832 0.746354 0.055048 0.171875
15 0.302043 0.968750 0.049279 0.060417
15 0.217308 0.600260 0.079808 0.169271
15 0.191947 0.499479 0.078606 0.170833
15 0.208534 0.319010 0.046875 0.080729
15 0.196875 0.370573 0.063462 0.081771
15 0.172716 0.256771 0.053606 0.128125
15 0.221514 0.211458 0.055529 0.140625
15 0.256731 0.336979 0.052404 0.179167
15 0.288702 0.405990 0.067788 0.133854
15 0.276442 0.522656 0.051442 0.177604
15 0.329327 0.420052 0.039423 0.140104
15 0.328125 0.573698 0.060096 0.136979
15 0.337380 0.670833 0.047837 0.085417
15 0.262500 0.202344 0.041346 0.100521
15 0.179207 0.151562 0.056010 0.084375
15 0.230529 0.082812 0.045192 0.141667
15 0.285938 0.118229 0.068029 0.221875
15 0.325721 0.098698 0.026923 0.084896
15 0.188942 0.044531 0.081250 0.088021
15 0.153486 0.055208 0.040144 0.108333
15 0.109135 0.094271 0.054808 0.153125
15 0.084615 0.027083 0.069231 0.051042
15 0.065505 0.107031 0.049760 0.135937
15 0.058413 0.198177 0.032212 0.156771
15 0.109856 0.235937 0.072115 0.122917
15 0.346995 0.928125 0.089183 0.134375
15 0.344712 0.822656 0.047115 0.069271
15 0.381130 0.857031 0.061779 0.141146
15 0.403606 0.989323 0.031250 0.021354
15 0.422596 0.931250 0.053846 0.127083
15 0.471394 0.908854 0.053365 0.162500
15 0.435817 0.813281 0.049038 0.110937
15 0.520072 0.863281 0.064183 0.147396
15 0.513341 0.967969 0.043029 0.064062
15 0.361298 0.746354 0.072115 0.109375
15 0.418990 0.701562 0.050962 0.134375
15 0.470313 0.713542 0.053125 0.065625
15 0.475601 0.776563 0.053125 0.139583
15 0.523918 0.719271 0.048798 0.104167
15 0.562500 0.809115 0.052885 0.133854
15 0.434856 0.604688 0.051923 0.094792
15 0.381971 0.625521 0.052885 0.113542
15 0.401923 0.503906 0.048077 0.125521
15 0.359615 0.473698 0.059615 0.105729
15 0.358173 0.359635 0.041827 0.108854
15 0.404928 0.368490 0.050721 0.142187
15 0.449279 0.488802 0.045673 0.148438
15 0.492548 0.488021 0.055288 0.103125
15 0.485216 0.375260 0.064663 0.138021
15 0.437500 0.314844 0.043269 0.063021
15 0.393389 0.258333 0.044952 0.080208
15 0.305889 0.302865 0.039663 0.103646
15 0.340745 0.229167 0.077163 0.189583
15 0.397356 0.168490 0.026442 0.100521
15 0.375000 0.109635 0.064423 0.083854
15 0.343389 0.032031 0.051202 0.063021
15 0.389183 0.032813 0.046635 0.064583
15 0.443029 0.042448 0.057212 0.083854
15 0.444712 0.172396 0.075000 0.236458
15 0.506130 0.089063 0.039183 0.146875
15 0.490745 0.266667 0.055048 0.113542
15 0.536178 0.240625 0.045913 0.113542
15 0.542909 0.122135 0.043029 0.146354
15 0.585457 0.181250 0.056490 0.123958
15 0.497716 0.603906 0.071875 0.138021
15 0.570913 0.908854 0.037019 0.018750
15 0.604808 0.889583 0.045192 0.108333
15 0.615745 0.767188 0.049279 0.130208
15 0.568870 0.662240 0.068990 0.134896
15 0.539663 0.479687 0.046154 0.182292
15 0.593990 0.542448 0.066827 0.138021
15 0.570433 0.451042 0.071635 0.142708
15 0.563582 0.335417 0.066106 0.102083
15 0.539904 0.026302 0.064904 0.051562
15 0.590865 0.074219 0.052404 0.114062
15 0.606370 0.020833 0.059856 0.040625
15 0.618990 0.215885 0.049038 0.155729
15 0.631130 0.629427 0.069952 0.140104
15 0.661418 0.729167 0.042067 0.093750
15 0.654928 0.851302 0.055048 0.144271
15 0.573438 0.955729 0.075240 0.088542
15 0.641587 0.963542 0.056250 0.072917
15 0.701322 0.958594 0.060817 0.080729
15 0.724519 0.825000 0.103846 0.165625
15 0.702644 0.891927 0.034615 0.068229
15 0.764183 0.777865 0.043750 0.115104
15 0.713822 0.718490 0.050240 0.066146
15 0.695793 0.625000 0.058894 0.063542
15 0.691346 0.553906 0.059135 0.139063
15 0.649038 0.482292 0.050481 0.141667
15 0.704688 0.481250 0.047837 0.120833
15 0.756851 0.532552 0.066587 0.173437
15 0.756731 0.668229 0.072596 0.105208
15 0.670793 0.359115 0.060817 0.110937
15 0.664303 0.252865 0.049279 0.118229
15 0.715505 0.254688 0.051202 0.173958
15 0.761178 0.294792 0.040625 0.172917
15 0.739062 0.401302 0.059375 0.135937
15 0.753966 0.132292 0.070913 0.127083
15 0.689904 0.138021 0.050000 0.114583
15 0.715865 0.041667 0.057212 0.082292
15 0.652163 0.069010 0.058173 0.136979
15 0.757572 0.949740 0.055529 0.100521
15 0.809014 0.870573 0.054087 0.218229
15 0.876563 0.970833 0.108894 0.058333
15 0.884976 0.894010 0.099760 0.108854
15 0.964183 0.933854 0.067788 0.132292
15 0.949639 0.821875 0.069952 0.089583
15 0.986418 0.788542 0.027163 0.152083
15 0.882572 0.772396 0.093510 0.122917
15 0.941226 0.666927 0.079567 0.118229
15 0.865745 0.652865 0.069952 0.107813
15 0.811538 0.714844 0.046154 0.117188
15 0.810216 0.593490 0.051202 0.094271
15 0.910577 0.547135 0.056250 0.157812
15 0.969471 0.555990 0.061058 0.152604
15 0.834375 0.507031 0.086058 0.116146
15 0.886538 0.413802 0.072115 0.116146
15 0.807813 0.385417 0.081010 0.119792
15 0.956971 0.338542 0.078846 0.092708
15 0.941947 0.246094 0.046394 0.133854
15 0.880529 0.315365 0.068269 0.077604
15 0.815865 0.244792 0.065865 0.166667
15 0.819111 0.125000 0.064663 0.107292
15 0.768269 0.048698 0.047596 0.096354
15 0.831250 0.037760 0.060577 0.071354
15 0.883894 0.054948 0.051923 0.108854
15 0.949159 0.103906 0.101683 0.108854
15 0.992428 0.195052 0.015144 0.105729
15 0.991587 0.410938 0.016827 0.122917
