15 0.776359 0.169250 0.048370 0.020000
15 0.737500 0.173500 0.031522 0.014000
15 0.688315 0.176500 0.048370 0.020500
15 0.736141 0.188125 0.050543 0.012250
15 0.785598 0.190250 0.040761 0.021500
15 0.731793 0.200875 0.062500 0.012750
15 0.661685 0.193125 0.074457 0.010750
15 0.674185 0.206000 0.049457 0.015500
15 0.716304 0.218000 0.032609 0.016500
15 0.750000 0.213000 0.030435 0.014000
15 0.778804 0.217625 0.036957 0.012750
15 0.811141 0.216000 0.028804 0.015500
15 0.846196 0.219000 0.040217 0.018000
15 0.885054 0.211625 0.039674 0.021250
15 0.933152 0.209000 0.063043 0.018000
15 0.605163 0.205875 0.032065 0.015250
15 0.632609 0.213625 0.039130 0.013750
15 0.676630 0.220375 0.038043 0.015250
15 0.696196 0.235000 0.038043 0.020500
15 0.667663 0.235000 0.024457 0.013500
15 0.634783 0.229750 0.035870 0.024000
15 0.582880 0.235000 0.035326 0.016500
15 0.611685 0.244625 0.041848 0.011750
15 0.657880 0.249875 0.037500 0.014250
15 0.723098 0.246000 0.028804 0.014500
15 0.741033 0.230625 0.039674 0.012750
15 0.781250 0.231375 0.035326 0.016250
15 0.817935 0.238000 0.051087 0.016000
15 0.772283 0.248875 0.043478 0.014250
15 0.812772 0.264000 0.041848 0.028000
15 0.869022 0.231625 0.047826 0.016250
15 0.917935 0.228250 0.051087 0.017500
15 0.961685 0.233500 0.037500 0.016500
15 0.922554 0.244750 0.042935 0.025500
15 0.876359 0.246875 0.045109 0.020750
15 0.973913 0.250000 0.052174 0.014500
15 0.977717 0.264625 0.044565 0.017250
15 0.962772 0.277500 0.049457 0.012000
15 0.940489 0.259625 0.029891 0.013250
15 0.921739 0.270375 0.032609 0.015250
15 0.882337 0.263000 0.054891 0.010500
15 0.863043 0.279375 0.056522 0.021250
15 0.823913 0.280250 0.038043 0.014500
15 0.785870 0.287750 0.029348 0.027500
15 0.902717 0.284875 0.054348 0.022250
15 0.948913 0.292500 0.045652 0.021000
15 0.973913 0.307125 0.040217 0.018750
15 0.988859 0.289625 0.022283 0.014750
15 0.935326 0.317125 0.034783 0.020250
15 0.904891 0.324000 0.041304 0.013500
15 0.905163 0.304500 0.055978 0.012000
15 0.865761 0.314375 0.060870 0.012750
15 0.860326 0.298375 0.035870 0.015750
15 0.792663 0.307750 0.059239 0.017000
15 0.785870 0.320500 0.054348 0.014000
15 0.734783 0.305000 0.042391 0.021500
15 0.748913 0.275250 0.033696 0.017500
15 0.765761 0.264375 0.050000 0.015750
15 0.716848 0.260250 0.043478 0.014500
15 0.710598 0.276750 0.037500 0.019000
15 0.688315 0.256875 0.035326 0.011250
15 0.666576 0.272125 0.046196 0.019750
15 0.618750 0.272500 0.052717 0.017500
15 0.600272 0.259000 0.059239 0.014500
15 0.558696 0.250875 0.044565 0.018250
15 0.677989 0.298875 0.040761 0.021750
15 0.639946 0.293375 0.040761 0.023250
15 0.610326 0.286625 0.017391 0.012750
15 0.602717 0.301875 0.035870 0.016250
15 0.630978 0.317250 0.038043 0.019000
15 0.595924 0.321125 0.033152 0.018750
15 0.552717 0.312375 0.048913 0.013750
15 0.558696 0.282000 0.032609 0.025000
15 0.522283 0.294750 0.048913 0.021500
15 0.492663 0.274125 0.053804 0.019250
15 0.493478 0.256500 0.045652 0.015000
15 0.452446 0.268875 0.035326 0.020250
15 0.414674 0.284875 0.032609 0.020250
15 0.436141 0.297125 0.026630 0.017250
15 0.473913 0.295625 0.045652 0.022750
15 0.446196 0.311250 0.051087 0.012000
15 0.398913 0.264500 0.065217 0.021000
15 0.386957 0.250750 0.053261 0.018000
15 0.570109 0.332500 0.044565 0.025000
15 0.608967 0.347625 0.035326 0.014250
15 0.534239 0.325500 0.027174 0.013500
15 0.490217 0.327250 0.036957 0.022000
15 0.527717 0.338000 0.038043 0.012000
15 0.449728 0.333500 0.040761 0.020000
15 0.407880 0.321625 0.035326 0.016250
15 0.413315 0.338250 0.039674 0.019500
15 0.357609 0.332625 0.048913 0.019250
15 0.357065 0.301125 0.041304 0.016750
15 0.364402 0.284750 0.046196 0.011500
15 0.339674 0.272875 0.056522 0.027250
15 0.318750 0.305000 0.037500 0.021500
15 0.476902 0.346500 0.046196 0.012500
15 0.449457 0.356500 0.054348 0.015000
15 0.527446 0.350500 0.055978 0.013000
15 0.579076 0.357875 0.027717 0.012250
15 0.536141 0.365375 0.046196 0.017250
15 0.486413 0.364000 0.038043 0.019000
15 0.508152 0.380000 0.067391 0.013500
15 0.596739 0.372875 0.047826 0.017750
15 0.629348 0.364500 0.042391 0.011500
15 0.663315 0.374500 0.052717 0.016500
15 0.637772 0.384875 0.063587 0.015750
15 0.564946 0.388250 0.046196 0.019500
15 0.526359 0.392125 0.038587 0.015250
15 0.487500 0.396500 0.034783 0.013000
15 0.444022 0.393500 0.040217 0.022500
15 0.741304 0.382250 0.046739 0.016500
15 0.735054 0.348875 0.040761 0.016750
15 0.692935 0.326375 0.040217 0.024750
15 0.769293 0.338500 0.046196 0.021000
15 0.933967 0.364375 0.048370 0.016750
15 0.990489 0.365125 0.019022 0.021750
15 0.969022 0.382375 0.039130 0.019250
15 0.911957 0.377125 0.039130 0.019250
15 0.889402 0.387125 0.044022 0.029750
15 0.845924 0.382000 0.034239 0.016500
15 0.805707 0.399250 0.048370 0.020500
15 0.758152 0.400750 0.056522 0.021500
15 0.704891 0.400375 0.042391 0.023250
15 0.653804 0.407250 0.046739 0.025500
15 0.613315 0.409250 0.038587 0.030500
15 0.972283 0.401875 0.054348 0.021250
15 0.924457 0.407125 0.041304 0.023750
15 0.872554 0.408750 0.050543 0.018000
15 0.841848 0.417250 0.060870 0.016000
15 0.912772 0.426250 0.058152 0.016500
15 0.983424 0.422500 0.033152 0.017500
15 0.974185 0.446750 0.045109 0.022500
15 0.922011 0.449500 0.059239 0.016500
15 0.860870 0.445250 0.052174 0.023000
15 0.817120 0.433125 0.045109 0.022250
15 0.772826 0.419125 0.061957 0.019750
15 0.776359 0.441750 0.046196 0.024500
15 0.933696 0.472625 0.051087 0.026750
15 0.895109 0.465125 0.036957 0.014250
15 0.823641 0.462500 0.041848 0.024000
15 0.814402 0.485625 0.042935 0.024750
15 0.811957 0.507750 0.039130 0.025000
15 0.867120 0.512500 0.059239 0.020500
15 0.781250 0.490875 0.045109 0.016750
15 0.755707 0.479125 0.045109 0.020750
15 0.754348 0.456625 0.050000 0.021250
15 0.711685 0.471125 0.040761 0.028250
15 0.707065 0.437875 0.034783 0.021250
15 0.680435 0.426875 0.047826 0.022750
15 0.676630 0.456000 0.040217 0.027000
15 0.613315 0.467000 0.082065 0.016500
15 0.597826 0.451000 0.038043 0.023500
15 0.575000 0.418875 0.040217 0.026250
15 0.552446 0.440875 0.040761 0.023250
15 0.535054 0.409750 0.053804 0.018000
15 0.516848 0.434625 0.028261 0.021250
15 0.483967 0.418375 0.055978 0.020750
15 0.480163 0.437000 0.040761 0.017000
15 0.515761 0.459375 0.048913 0.029250
15 0.557065 0.459875 0.035870 0.021250
15 0.471196 0.459125 0.036957 0.027750
15 0.447554 0.470500 0.035326 0.026000
15 0.434511 0.441125 0.042935 0.019750
15 0.429076 0.422875 0.065761 0.013250
15 0.416848 0.408250 0.048913 0.016000
15 0.379076 0.417375 0.030978 0.025250
15 0.361413 0.443500 0.042391 0.020000
15 0.400543 0.450000 0.034783 0.019500
15 0.329076 0.411125 0.054891 0.021250
15 0.321467 0.447000 0.036413 0.018000
15 0.352174 0.461500 0.042391 0.017500
15 0.402717 0.473500 0.050000 0.026000
15 0.356522 0.481375 0.068478 0.021250
15 0.459783 0.504125 0.026087 0.032250
15 0.500000 0.499500 0.045652 0.028000
15 0.538587 0.502875 0.034783 0.019250
15 0.561141 0.484500 0.055978 0.026500
15 0.625272 0.485250 0.040761 0.019500
15 0.664402 0.489250 0.054891 0.027500
15 0.596739 0.509125 0.072826 0.022750
15 0.666848 0.512750 0.058696 0.019500
15 0.749457 0.515875 0.057609 0.018750
15 0.971739 0.517375 0.056522 0.024750
15 0.930978 0.550750 0.056522 0.028000
15 0.855163 0.557500 0.053804 0.021000
15 0.863043 0.537000 0.054348 0.019000
15 0.801087 0.532250 0.048913 0.025000
15 0.789130 0.558875 0.043478 0.029250
15 0.750272 0.556875 0.026630 0.030250
15 0.736957 0.536000 0.053261 0.018000
15 0.706793 0.564250 0.054891 0.027500
15 0.692391 0.545000 0.044565 0.017500
15 0.694565 0.523625 0.034783 0.014250
15 0.657337 0.535875 0.052717 0.019750
15 0.609783 0.533250 0.038043 0.024500
15 0.574185 0.543500 0.051630 0.031000
15 0.611685 0.564375 0.035326 0.023250
15 0.658696 0.578750 0.068478 0.021500
15 0.729348 0.583500 0.067391 0.022500
15 0.682337 0.601500 0.057065 0.025500
15 0.623641 0.588375 0.038587 0.024750
15 0.627717 0.619625 0.054348 0.033250
15 0.591848 0.607875 0.031522 0.018250
15 0.568750 0.585875 0.054891 0.025750
15 0.547826 0.561125 0.041304 0.018250
15 0.513587 0.572625 0.053261 0.020250
15 0.500000 0.546000 0.046739 0.029500
15 0.451359 0.540875 0.036413 0.025750
15 0.393750 0.539750 0.042935 0.022500
15 0.365489 0.522750 0.057065 0.025000
15 0.352717 0.499125 0.039130 0.022250
15 0.426630 0.580875 0.064130 0.020750
15 0.498641 0.590625 0.054891 0.032250
15 0.446196 0.604375 0.047826 0.025750
15 0.539674 0.616125 0.055435 0.027250
15 0.479891 0.629125 0.057609 0.022750
15 0.418750 0.633000 0.064674 0.022000
15 0.373370 0.628500 0.052174 0.029000
15 0.331793 0.627125 0.032065 0.032250
15 0.819293 0.605250 0.050543 0.025500
15 0.737500 0.611375 0.058696 0.023750
15 0.864402 0.598500 0.049457 0.025500
15 0.932880 0.599375 0.073370 0.023250
15 0.854076 0.628875 0.049457 0.019250
15 0.944837 0.630750 0.064674 0.029000
15 0.678261 0.648750 0.066304 0.030000
15 0.721196 0.671875 0.083696 0.022250
15 0.641576 0.678875 0.054891 0.033750
15 0.533696 0.651000 0.054348 0.030500
15 0.561141 0.682250 0.048370 0.033000
15 0.505163 0.685125 0.054891 0.029250
15 0.457880 0.702125 0.049457 0.019750
15 0.405978 0.676625 0.073913 0.037250
15 0.373913 0.655875 0.067391 0.022250
15 0.333696 0.678125 0.050000 0.020750
15 0.351359 0.701500 0.067935 0.019500
15 0.911141 0.696250 0.065761 0.024000
15 0.976902 0.704125 0.046196 0.024250
15 0.857609 0.715875 0.050000 0.031250
15 0.908967 0.843250 0.058152 0.034500
15 0.527717 0.722500 0.066304 0.031000
15 0.494293 0.752875 0.069022 0.026750
15 0.435870 0.726000 0.054348 0.031000
15 0.386957 0.720625 0.057609 0.041250
15 0.328261 0.726625 0.058696 0.032250
15 0.268478 0.707125 0.056522 0.019250
15 0.254076 0.682000 0.051630 0.029000
15 0.287500 0.658000 0.064130 0.029500
15 0.200543 0.672500 0.061957 0.024000
15 0.200272 0.650875 0.063587 0.027750
15 0.205435 0.624250 0.080435 0.021500
15 0.272283 0.596875 0.043478 0.026250
15 0.158424 0.792125 0.086413 0.037750
15 0.134783 0.668125 0.057609 0.034250
15 0.155978 0.595250 0.057609 0.027500
15 0.213043 0.581625 0.053261 0.023250
15 0.261957 0.567625 0.043478 0.024750
15 0.318207 0.573125 0.052717 0.030750
15 0.305978 0.526000 0.054348 0.031500
15 0.235598 0.538625 0.060326 0.032250
15 0.255707 0.509750 0.057065 0.021000
15 0.201902 0.505875 0.045109 0.026250
15 0.314946 0.501375 0.047283 0.022250
15 0.204076 0.477375 0.052717 0.025750
15 0.167935 0.466000 0.036957 0.024000
15 0.285326 0.461375 0.040217 0.019750
15 0.255978 0.438000 0.059783 0.020000
15 0.271196 0.414125 0.038043 0.025750
15 0.285054 0.399875 0.037500 0.020750
15 0.219293 0.414250 0.057065 0.022500
15 0.159239 0.410125 0.058696 0.028750
15 0.034783 0.416375 0.056522 0.019250
15 0.063587 0.388750 0.054348 0.025500
15 0.023370 0.379125 0.041304 0.019250
15 0.227717 0.391125 0.058696 0.018250
15 0.291576 0.380000 0.071196 0.016000
15 0.264402 0.361250 0.054891 0.021500
15 0.172554 0.372500 0.044022 0.018000
15 0.123641 0.375125 0.037500 0.024250
15 0.080435 0.367000 0.047826 0.018500
15 0.040761 0.359500 0.060870 0.017000
15 0.092663 0.343875 0.051630 0.021750
15 0.149185 0.340750 0.035326 0.013000
15 0.134783 0.355375 0.038043 0.014250
15 0.181793 0.353500 0.048370 0.017000
15 0.233152 0.350000 0.052174 0.016000
15 0.268207 0.337375 0.048370 0.018750
15 0.288043 0.323500 0.036957 0.023000
15 0.243750 0.319875 0.042935 0.018250
15 0.220652 0.332500 0.039130 0.017000
15 0.183424 0.335375 0.029891 0.012250
15 0.145652 0.325625 0.053261 0.017250
15 0.099457 0.321750 0.031522 0.021000
15 0.058696 0.330250 0.042391 0.018500
15 0.018207 0.321875 0.029891 0.018750
15 0.073098 0.298875 0.064674 0.016750
15 0.127989 0.308625 0.042935 0.015250
15 0.170924 0.296875 0.045109 0.019250
15 0.203533 0.311500 0.040761 0.018500
15 0.237500 0.300750 0.058696 0.013500
15 0.264946 0.292250 0.064674 0.023500
15 0.286413 0.273500 0.033696 0.020500
15 0.182065 0.280500 0.034783 0.012000
15 0.165761 0.272375 0.033696 0.015750
15 0.132065 0.288375 0.036957 0.023250
15 0.127446 0.268625 0.041848 0.014750
15 0.099185 0.281875 0.037500 0.016750
15 0.014130 0.286375 0.027174 0.023750
