15 0.963462 0.174219 0.033654 0.098437
15 0.903846 0.117969 0.051442 0.080729
15 0.870433 0.130990 0.037019 0.120313
15 0.888702 0.204167 0.029327 0.103125
15 0.854087 0.264844 0.043750 0.097396
15 0.835216 0.218750 0.043510 0.134375
15 0.798077 0.175260 0.052404 0.098437
15 0.810577 0.104427 0.052885 0.067187
15 0.736659 0.114583 0.054567 0.085417
15 0.713942 0.222656 0.052885 0.117188
15 0.690385 0.337500 0.051923 0.101042
15 0.653005 0.230469 0.045433 0.078646
15 0.672236 0.149219 0.047356 0.106771
15 0.627885 0.140625 0.038942 0.130208
15 0.617188 0.275781 0.036779 0.089063
15 0.573438 0.235417 0.046394 0.095833
15 0.561418 0.332292 0.039663 0.127083
15 0.504087 0.170313 0.037981 0.102083
15 0.478005 0.137500 0.031971 0.062500
15 0.449038 0.110677 0.048558 0.079687
15 0.466587 0.234896 0.048558 0.100000
15 0.497957 0.339062 0.051202 0.081250
15 0.447115 0.290885 0.052404 0.077604
15 0.396034 0.230729 0.056010 0.095833
15 0.364063 0.113021 0.056971 0.091667
15 0.311418 0.160938 0.044952 0.096875
15 0.267428 0.161198 0.036779 0.098437
15 0.227644 0.103125 0.056731 0.076042
15 0.177163 0.103646 0.037981 0.077083
15 0.219832 0.186198 0.054087 0.080729
15 0.242308 0.266927 0.059135 0.070312
15 0.275601 0.325781 0.054567 0.091146
15 0.332452 0.277344 0.047596 0.085938
15 0.396995 0.317448 0.054567 0.077604
15 0.368870 0.390104 0.048798 0.092708
15 0.443389 0.420833 0.050240 0.112500
15 0.487740 0.519531 0.038462 0.088021
15 0.435697 0.561458 0.049760 0.094792
15 0.410817 0.635156 0.059615 0.099479
15 0.392668 0.554948 0.044952 0.100521
15 0.354928 0.490885 0.050721 0.080729
15 0.327163 0.383594 0.032692 0.126562
15 0.265505 0.522396 0.037260 0.105208
15 0.443029 0.716927 0.051923 0.096354
15 0.376442 0.767448 0.043269 0.116146
15 0.352644 0.866927 0.028846 0.083854
15 0.398197 0.895312 0.064663 0.093750
15 0.361899 0.945833 0.059375 0.083333
15 0.293029 0.970052 0.057212 0.059896
15 0.168510 0.966927 0.071154 0.066146
15 0.071635 0.925781 0.049038 0.097396
15 0.028365 0.907292 0.039423 0.111458
15 0.006851 0.945052 0.013221 0.079687
15 0.025481 0.586198 0.047596 0.098437
15 0.005769 0.660156 0.011058 0.086979
15 0.084856 0.536979 0.043750 0.083333
15 0.129567 0.555990 0.045192 0.098437
15 0.178125 0.548698 0.046635 0.154688
15 0.222837 0.563542 0.039423 0.071875
15 0.181611 0.423698 0.046875 0.085938
15 0.059375 0.478646 0.043750 0.112500
15 0.017788 0.485677 0.035096 0.070312
15 0.008173 0.428125 0.015865 0.041667
15 0.072115 0.315885 0.048077 0.101562
15 0.102284 0.334635 0.034856 0.101562
15 0.141827 0.313542 0.035577 0.104167
15 0.164904 0.276823 0.058173 0.090104
15 0.176322 0.196615 0.054567 0.072396
15 0.140264 0.183073 0.025240 0.088021
15 0.103846 0.207292 0.051923 0.122917
15 0.057572 0.250781 0.040625 0.107813
15 0.018750 0.242708 0.037019 0.103125
15 0.081971 0.109635 0.059135 0.077604
15 0.137740 0.107552 0.048077 0.074479
