15 0.264062 0.010577 0.045833 0.018750
15 0.285677 0.024279 0.036979 0.018750
15 0.346094 0.014423 0.124479 0.026442
15 0.358333 0.048317 0.118750 0.051923
15 0.435937 0.078726 0.116667 0.031490
15 0.482031 0.059135 0.126562 0.032212
15 0.493750 0.034856 0.094792 0.024038
15 0.529427 0.015505 0.119271 0.029567
15 0.638281 0.031851 0.088021 0.052644
15 0.580990 0.058293 0.085938 0.038702
15 0.555469 0.087620 0.098437 0.028606
15 0.503385 0.110697 0.109896 0.033413
15 0.407813 0.108413 0.072917 0.037981
15 0.457031 0.136899 0.086979 0.039663
15 0.526302 0.155288 0.072396 0.046154
15 0.489323 0.171274 0.078646 0.035817
15 0.536979 0.207813 0.095833 0.035337
15 0.583594 0.181010 0.068229 0.051442
15 0.590104 0.132212 0.083333 0.039423
15 0.650000 0.096635 0.098958 0.054327
15 0.852083 0.022837 0.077083 0.041346
15 0.856250 0.092188 0.095833 0.065625
15 0.763281 0.180889 0.114062 0.044471
15 0.809896 0.225361 0.089583 0.043029
15 0.694531 0.239904 0.091146 0.057212
15 0.573958 0.246034 0.084375 0.044952
15 0.635938 0.306010 0.077083 0.039423
15 0.725260 0.329327 0.123438 0.032692
15 0.837500 0.329808 0.095833 0.053846
15 0.157812 0.078726 0.126042 0.043029
15 0.206250 0.113702 0.070833 0.035577
15 0.278906 0.114663 0.064062 0.042308
15 0.225781 0.158413 0.106771 0.057212
15 0.370573 0.255529 0.073438 0.046635
15 0.120313 0.212500 0.087500 0.032212
15 0.054167 0.192067 0.091667 0.064423
15 0.047656 0.239543 0.089063 0.029567
15 0.076042 0.437380 0.085417 0.060337
15 0.136198 0.465024 0.091146 0.051683
15 0.251823 0.465024 0.140104 0.034375
15 0.290365 0.420312 0.086979 0.048798
15 0.413542 0.413702 0.073958 0.038942
15 0.524219 0.422236 0.100521 0.032933
15 0.451823 0.461659 0.120313 0.041106
15 0.347917 0.483413 0.091667 0.067308
15 0.158594 0.515865 0.110937 0.043750
15 0.717708 0.367428 0.151042 0.039183
15 0.821615 0.375000 0.088021 0.043750
15 0.735156 0.410216 0.102604 0.046875
15 0.833333 0.412500 0.085417 0.030288
15 0.891927 0.390144 0.064062 0.045192
15 0.782031 0.442909 0.078646 0.033413
15 0.863281 0.453245 0.089063 0.038221
15 0.911458 0.431250 0.057292 0.046635
15 0.890104 0.478606 0.097917 0.033173
15 0.738281 0.481971 0.088021 0.059615
15 0.692187 0.494231 0.085417 0.050481
15 0.596094 0.485457 0.086979 0.044471
15 0.508854 0.498077 0.093750 0.052404
15 0.394271 0.508053 0.095833 0.049760
15 0.341927 0.549519 0.079687 0.049038
15 0.298438 0.570553 0.091667 0.040625
15 0.418750 0.555168 0.084375 0.035817
15 0.498958 0.547957 0.065625 0.051202
15 0.569010 0.546274 0.066146 0.048798
15 0.626302 0.520913 0.064062 0.037500
15 0.646875 0.556611 0.089583 0.046394
15 0.830469 0.515144 0.116146 0.050481
15 0.848958 0.552644 0.127083 0.038462
15 0.786719 0.586779 0.084896 0.043750
15 0.888021 0.582812 0.093750 0.039183
15 0.928125 0.617308 0.077083 0.055288
15 0.760417 0.628125 0.137500 0.033654
15 0.865365 0.647236 0.084896 0.055048
15 0.787240 0.668510 0.110937 0.055769
15 0.661979 0.638221 0.103125 0.044231
15 0.637240 0.595072 0.072396 0.038221
15 0.556771 0.606611 0.098958 0.037740
15 0.486198 0.595793 0.080729 0.049279
15 0.340365 0.605649 0.088021 0.048317
15 0.530208 0.655288 0.102083 0.046154
15 0.497656 0.720913 0.070312 0.062981
15 0.695833 0.679688 0.083333 0.051683
15 0.676562 0.713942 0.103125 0.046154
15 0.859896 0.703005 0.085417 0.058894
15 0.777344 0.701442 0.090104 0.035096
15 0.802083 0.743990 0.108333 0.042788
15 0.805990 0.778486 0.041146 0.025240
15 0.747396 0.783173 0.055208 0.043269
15 0.668229 0.770553 0.104167 0.040144
15 0.661198 0.812139 0.085938 0.039663
15 0.701302 0.833534 0.088021 0.047356
15 0.670312 0.874159 0.080208 0.048798
15 0.815365 0.894351 0.049479 0.026683
15 0.577604 0.860577 0.081250 0.050962
15 0.496875 0.835216 0.102083 0.062260
15 0.408854 0.871514 0.083333 0.047356
15 0.480208 0.905168 0.132292 0.058894
15 0.605990 0.909135 0.097396 0.046154
15 0.606510 0.954928 0.082812 0.047356
15 0.486198 0.954447 0.120313 0.049279
15 0.431250 0.975120 0.088542 0.043990
15 0.523177 0.989303 0.052604 0.021394
15 0.378646 0.910697 0.087500 0.048317
15 0.303906 0.928005 0.081771 0.053125
15 0.236719 0.912260 0.058854 0.043750
15 0.156250 0.915745 0.098958 0.051683
15 0.166406 0.958293 0.078646 0.044471
15 0.238802 0.955769 0.078646 0.050481
15 0.113281 0.984615 0.077604 0.030769
