15 0.992548 0.087240 0.014904 0.070312
15 0.968870 0.136979 0.048798 0.101042
15 0.983293 0.227865 0.033413 0.124479
15 0.943990 0.258073 0.046154 0.070312
15 0.916947 0.325000 0.038702 0.106250
15 0.892188 0.388802 0.049279 0.064062
15 0.886659 0.446094 0.046394 0.154688
15 0.832692 0.386719 0.057212 0.080729
15 0.840264 0.294010 0.035337 0.139063
15 0.878005 0.302083 0.056971 0.118750
15 0.909495 0.221354 0.042548 0.092708
15 0.860697 0.185156 0.055048 0.126562
15 0.912380 0.123177 0.056971 0.116146
15 0.876082 0.089063 0.042067 0.068750
15 0.816226 0.157031 0.059856 0.110937
15 0.790024 0.269271 0.050240 0.154167
15 0.793750 0.089583 0.061058 0.086458
15 0.759615 0.476302 0.061538 0.130729
15 0.805288 0.468490 0.037981 0.143229
15 0.719471 0.509896 0.054327 0.123958
15 0.653245 0.487240 0.068510 0.102604
15 0.915385 0.647135 0.048077 0.089063
15 0.914543 0.751563 0.058413 0.103125
15 0.990745 0.752083 0.018510 0.079167
15 0.746514 0.803385 0.049760 0.109896
15 0.707212 0.832292 0.054327 0.135417
15 0.494952 0.746875 0.058173 0.125000
15 0.693269 0.095833 0.048558 0.087500
15 0.647115 0.115625 0.050962 0.125000
15 0.598558 0.105729 0.050000 0.125000
15 0.557692 0.125260 0.037500 0.116146
15 0.524760 0.149219 0.043750 0.095312
15 0.515144 0.245573 0.063462 0.086979
15 0.451803 0.289323 0.061298 0.097396
15 0.415865 0.209635 0.067788 0.077604
15 0.448798 0.181510 0.065385 0.082812
15 0.493750 0.109375 0.039904 0.123958
15 0.465986 0.094271 0.031971 0.082292
15 0.416587 0.101302 0.065385 0.106771
15 0.374159 0.121615 0.041106 0.099479
15 0.356010 0.213802 0.038942 0.129688
15 0.394231 0.304167 0.060577 0.123958
15 0.359976 0.373698 0.041106 0.109896
15 0.401923 0.420573 0.057692 0.105729
15 0.313822 0.421875 0.046875 0.130208
15 0.285697 0.354687 0.038221 0.132292
15 0.324639 0.277344 0.061298 0.094271
15 0.320433 0.174740 0.032212 0.102604
15 0.320072 0.088021 0.056490 0.086458
15 0.284976 0.149479 0.057933 0.171875
15 0.261058 0.217969 0.028846 0.058854
15 0.255769 0.114583 0.027885 0.137500
15 0.226683 0.189844 0.033173 0.134896
15 0.211538 0.098177 0.050962 0.083854
15 0.187981 0.160156 0.035096 0.091146
15 0.200120 0.256250 0.044471 0.104167
15 0.247356 0.279948 0.056731 0.075521
15 0.241466 0.354167 0.040625 0.109375
15 0.213702 0.408333 0.038942 0.082292
15 0.255889 0.435937 0.040625 0.067708
15 0.248197 0.569010 0.051683 0.141146
15 0.301563 0.615365 0.060337 0.096354
15 0.205048 0.657031 0.058173 0.117188
15 0.274519 0.920573 0.046154 0.102604
15 0.127764 0.814583 0.057933 0.096875
15 0.187139 0.448958 0.049760 0.096875
15 0.161418 0.497135 0.041587 0.130729
15 0.115385 0.431771 0.049038 0.125000
15 0.079687 0.499219 0.047837 0.111979
15 0.044832 0.509115 0.042548 0.145313
15 0.022236 0.604948 0.042067 0.155729
15 0.013101 0.455208 0.025721 0.094792
15 0.047716 0.393750 0.059375 0.096875
15 0.075962 0.369792 0.058173 0.090625
15 0.129087 0.332031 0.040865 0.098437
15 0.173077 0.320833 0.061538 0.100000
15 0.152284 0.195573 0.045913 0.123438
15 0.148918 0.105729 0.045433 0.091667
15 0.109615 0.124219 0.037500 0.117188
15 0.098317 0.197135 0.057692 0.152604
15 0.087260 0.290104 0.050481 0.071875
15 0.045312 0.308594 0.032933 0.093229
15 0.037861 0.235937 0.061779 0.096875
15 0.011899 0.349740 0.023317 0.104688
15 0.049760 0.170573 0.048558 0.057813
15 0.013942 0.183073 0.027404 0.079687
15 0.013582 0.105208 0.026683 0.083333
15 0.060457 0.098177 0.064183 0.069271
