15 0.611413 0.118250 0.064130 0.029500
15 0.622826 0.146750 0.053261 0.027500
15 0.544293 0.141250 0.078804 0.019500
15 0.547554 0.122875 0.047283 0.016750
15 0.477174 0.123625 0.072826 0.026750
15 0.435598 0.148000 0.095109 0.015000
15 0.541576 0.157625 0.104891 0.017750
15 0.560054 0.177875 0.041848 0.022250
15 0.602717 0.183250 0.054348 0.019000
15 0.645652 0.184125 0.040217 0.024250
15 0.712228 0.188125 0.055978 0.024250
15 0.770109 0.178250 0.056522 0.029000
15 0.844565 0.176750 0.094565 0.027500
15 0.815761 0.201625 0.067391 0.023250
15 0.748370 0.203750 0.047826 0.022000
15 0.661141 0.215000 0.083152 0.026000
15 0.751902 0.230375 0.069022 0.027750
15 0.819022 0.226375 0.068478 0.037750
15 0.878804 0.214500 0.059783 0.026500
15 0.606522 0.203750 0.055435 0.020500
15 0.547011 0.203500 0.048370 0.019500
15 0.513587 0.183375 0.034783 0.022750
15 0.449728 0.183750 0.065761 0.014000
15 0.448370 0.164875 0.069565 0.020250
15 0.384511 0.175125 0.058152 0.020250
15 0.344293 0.164375 0.046196 0.024750
15 0.378533 0.201750 0.054891 0.031500
15 0.473370 0.209250 0.057609 0.040500
15 0.515217 0.227250 0.048913 0.025000
15 0.585870 0.230500 0.054348 0.022000
15 0.688315 0.234000 0.044022 0.016000
15 0.645924 0.250875 0.055978 0.036750
15 0.700543 0.256000 0.016304 0.016000
15 0.753804 0.253250 0.070652 0.014500
15 0.847011 0.251750 0.047283 0.025500
15 0.924457 0.238250 0.100000 0.023000
15 0.298370 0.204500 0.061957 0.022500
15 0.336413 0.222625 0.063043 0.024750
15 0.406250 0.230125 0.063587 0.021250
15 0.421467 0.208000 0.025543 0.018000
15 0.452174 0.242250 0.059783 0.015500
15 0.419837 0.263375 0.069022 0.030750
15 0.344837 0.260875 0.082065 0.023250
15 0.319293 0.242750 0.080978 0.025000
15 0.251087 0.227250 0.069565 0.029000
15 0.246739 0.275000 0.056522 0.043000
15 0.175543 0.292375 0.077174 0.031750
15 0.143207 0.262125 0.087500 0.029750
15 0.148641 0.234875 0.075543 0.023250
15 0.078804 0.252875 0.057609 0.031750
15 0.101359 0.292750 0.071196 0.033500
15 0.143750 0.318500 0.066848 0.026500
15 0.221467 0.318000 0.090761 0.025500
15 0.304348 0.305250 0.054348 0.028500
15 0.320652 0.282250 0.027174 0.018500
15 0.366033 0.293250 0.067935 0.039000
15 0.430435 0.305000 0.060870 0.034000
15 0.485054 0.271125 0.062500 0.027750
15 0.548641 0.273125 0.051630 0.031250
15 0.498913 0.246500 0.077174 0.019500
15 0.572011 0.254250 0.075543 0.025500
15 0.601087 0.288625 0.044565 0.043250
15 0.658967 0.281000 0.050543 0.026500
15 0.721467 0.279250 0.098370 0.031000
15 0.810870 0.263375 0.055435 0.019750
15 0.880978 0.278000 0.069565 0.023000
15 0.913859 0.256750 0.070109 0.021500
15 0.786413 0.289500 0.080435 0.038000
15 0.714402 0.312500 0.060326 0.023500
15 0.622283 0.322250 0.095652 0.028000
15 0.514402 0.318250 0.062500 0.040000
15 0.447283 0.346625 0.078261 0.030750
15 0.727174 0.333875 0.090217 0.026750
15 0.789402 0.320625 0.074457 0.016750
15 0.843478 0.339250 0.058696 0.037500
15 0.791033 0.348250 0.064674 0.018500
15 0.899457 0.324875 0.065217 0.029250
15 0.862228 0.301250 0.071196 0.028500
15 0.950000 0.299750 0.070652 0.030500
15 0.348098 0.333500 0.075543 0.033000
15 0.291304 0.337125 0.051087 0.033750
15 0.022011 0.241750 0.042935 0.031000
15 0.012772 0.221750 0.024457 0.012000
15 0.019837 0.272250 0.038587 0.027500
15 0.032337 0.294000 0.050543 0.024500
15 0.042935 0.316500 0.079348 0.019500
15 0.113859 0.341750 0.074457 0.039000
15 0.187772 0.343500 0.053804 0.026500
15 0.043750 0.351750 0.076630 0.030000
15 0.242663 0.354500 0.079891 0.039000
15 0.162772 0.363500 0.073370 0.023500
15 0.083424 0.374000 0.070109 0.018000
15 0.035326 0.391125 0.069565 0.026750
15 0.157880 0.383375 0.082065 0.027250
15 0.159783 0.401875 0.079348 0.025750
15 0.243478 0.395125 0.054348 0.019250
15 0.084511 0.401000 0.067935 0.031500
15 0.300815 0.382250 0.070109 0.027500
15 0.558152 0.369250 0.069565 0.035000
15 0.594022 0.343250 0.083696 0.027500
15 0.505707 0.387375 0.073370 0.026750
15 0.321467 0.409250 0.076630 0.021000
15 0.391304 0.425875 0.085870 0.029750
15 0.338043 0.443500 0.104348 0.026500
15 0.259783 0.421125 0.080435 0.029750
15 0.210870 0.446250 0.080435 0.040500
15 0.139402 0.449375 0.058152 0.021250
15 0.117120 0.430750 0.102717 0.024000
15 0.073913 0.459250 0.056522 0.031000
15 0.016033 0.454000 0.030978 0.039500
15 0.954891 0.420250 0.090217 0.041000
15 0.831793 0.413750 0.089674 0.031500
15 0.888859 0.445875 0.062500 0.036250
15 0.801630 0.441625 0.073913 0.040750
15 0.748098 0.451875 0.072283 0.048250
15 0.681250 0.444750 0.054891 0.028500
15 0.610054 0.474000 0.086413 0.035000
15 0.529348 0.472625 0.082609 0.040250
15 0.504891 0.443000 0.076087 0.032000
15 0.438315 0.471250 0.069022 0.035000
15 0.354348 0.480000 0.080435 0.045500
15 0.282337 0.483375 0.063587 0.054250
15 0.211685 0.499250 0.075543 0.044500
15 0.141576 0.485375 0.089674 0.034250
15 0.044022 0.493125 0.086957 0.030750
15 0.395924 0.515125 0.076630 0.035750
15 0.437500 0.536500 0.061957 0.034000
15 0.230435 0.559750 0.075000 0.045000
15 0.156522 0.539500 0.069565 0.036000
15 0.100272 0.527250 0.057065 0.031000
15 0.036141 0.529125 0.071196 0.033750
15 0.723370 0.488625 0.073913 0.032250
15 0.810054 0.485625 0.058152 0.037750
15 0.905435 0.481500 0.123913 0.036500
15 0.978533 0.491000 0.042935 0.030500
15 0.980707 0.459750 0.038587 0.026500
15 0.914402 0.515750 0.074457 0.028000
15 0.975543 0.529625 0.048913 0.031250
15 0.897283 0.559875 0.068478 0.040750
15 0.787500 0.523250 0.094565 0.031500
15 0.666033 0.504500 0.100543 0.029500
15 0.625000 0.533375 0.068478 0.041250
15 0.552174 0.505250 0.103261 0.033500
15 0.554620 0.547750 0.074457 0.047000
15 0.705163 0.557875 0.095109 0.045750
15 0.803533 0.563000 0.114674 0.035500
15 0.760054 0.593875 0.072283 0.030750
15 0.826630 0.609500 0.084783 0.056500
15 0.978533 0.607500 0.042935 0.020500
15 0.634511 0.583500 0.078804 0.042500
15 0.502446 0.573250 0.076630 0.040500
15 0.429076 0.600375 0.086413 0.047250
15 0.371196 0.568875 0.068478 0.049250
15 0.261957 0.587875 0.142391 0.029750
15 0.156522 0.576750 0.067391 0.037500
15 0.077989 0.572875 0.076630 0.061750
15 0.013859 0.571625 0.026630 0.051250
15 0.149457 0.622000 0.117391 0.043500
15 0.266848 0.621250 0.072826 0.033000
15 0.327989 0.635750 0.097283 0.052500
15 0.204891 0.674375 0.140217 0.047250
15 0.097011 0.654750 0.075543 0.041000
15 0.035598 0.651500 0.057065 0.054500
15 0.505978 0.618000 0.098913 0.038500
15 0.543207 0.639375 0.084239 0.037750
15 0.608696 0.629250 0.073913 0.052500
15 0.600000 0.674375 0.066304 0.049250
15 0.695109 0.689875 0.109783 0.051750
15 0.887500 0.697250 0.101087 0.046500
15 0.480163 0.688125 0.104891 0.048250
15 0.377446 0.707500 0.092935 0.033500
15 0.326087 0.684125 0.116304 0.044750
15 0.228804 0.719000 0.088043 0.047500
15 0.070380 0.698625 0.109239 0.048750
15 0.022011 0.748750 0.042935 0.054500
15 0.294022 0.735000 0.096739 0.039000
15 0.446467 0.729000 0.104891 0.032500
15 0.571196 0.722250 0.092391 0.052000
15 0.679076 0.734500 0.110326 0.037000
15 0.800543 0.769875 0.121739 0.058750
15 0.664130 0.776875 0.100000 0.047750
15 0.538859 0.778375 0.073370 0.054750
15 0.459511 0.778875 0.073370 0.061250
15 0.386957 0.785625 0.115217 0.057750
15 0.363587 0.751250 0.080435 0.039500
15 0.211685 0.785625 0.083152 0.045750
15 0.143478 0.740750 0.089130 0.072500
15 0.081522 0.786750 0.090217 0.040000
15 0.025272 0.814375 0.049457 0.043750
15 0.282065 0.821125 0.098913 0.052750
15 0.418207 0.833750 0.125543 0.050500
15 0.209239 0.848250 0.078261 0.065000
15 0.100272 0.838000 0.103804 0.051500
15 0.013315 0.856875 0.025543 0.030750
15 0.048641 0.902625 0.096196 0.063250
15 0.132337 0.884875 0.072283 0.043750
15 0.203533 0.918750 0.099457 0.080500
15 0.317391 0.877625 0.098913 0.063250
15 0.412500 0.895750 0.125000 0.051000
15 0.588043 0.887375 0.097826 0.054250
15 0.669565 0.869750 0.104348 0.049000
15 0.800815 0.872125 0.132065 0.047750
15 0.818750 0.946000 0.136413 0.066000
15 0.635870 0.942000 0.108696 0.049000
15 0.276087 0.979250 0.150000 0.041500
15 0.029891 0.971625 0.052174 0.050750
