15 0.951302 0.038582 0.074479 0.076202
15 0.873698 0.028726 0.086979 0.055529
15 0.839583 0.052284 0.079167 0.052644
15 0.773438 0.031731 0.077083 0.046635
15 0.988542 0.092067 0.022917 0.024038
15 0.964844 0.130529 0.069271 0.045673
15 0.928906 0.188942 0.089063 0.083654
15 0.979167 0.257933 0.041667 0.045192
15 0.823698 0.094832 0.071354 0.041587
15 0.905208 0.104928 0.060417 0.054567
15 0.837760 0.155769 0.117188 0.064904
15 0.772656 0.210096 0.165104 0.040385
15 0.737500 0.166466 0.096875 0.081490
15 0.715885 0.116346 0.116146 0.034615
15 0.702865 0.065865 0.074479 0.061538
15 0.664323 0.022596 0.099479 0.037981
15 0.573177 0.026683 0.058854 0.052885
15 0.479427 0.029087 0.176563 0.057212
15 0.586198 0.076442 0.110937 0.047596
15 0.608594 0.124159 0.096354 0.053125
15 0.616146 0.170072 0.127083 0.030529
15 0.485677 0.139663 0.122396 0.062019
15 0.479948 0.083654 0.093229 0.039904
15 0.385417 0.090625 0.076042 0.047115
15 0.319792 0.119231 0.118750 0.060096
15 0.350781 0.056010 0.099479 0.047115
15 0.262760 0.028365 0.084896 0.056250
15 0.208854 0.081731 0.105208 0.073077
15 0.125260 0.028005 0.117188 0.052163
15 0.098177 0.108654 0.091146 0.057212
15 0.026302 0.128966 0.051562 0.049760
15 0.201042 0.140505 0.138542 0.043510
15 0.103125 0.171514 0.154167 0.049760
15 0.016146 0.179447 0.031250 0.031490
15 0.054688 0.211298 0.102083 0.035096
15 0.199479 0.223077 0.107292 0.047596
15 0.287240 0.190745 0.146354 0.040144
15 0.411458 0.182332 0.093750 0.056971
15 0.381771 0.224038 0.129167 0.036538
15 0.298177 0.265144 0.109896 0.047596
15 0.154948 0.276202 0.148438 0.051442
15 0.090365 0.247356 0.141146 0.039904
15 0.015625 0.243389 0.030208 0.029087
15 0.028646 0.290865 0.056250 0.048077
15 0.048177 0.328846 0.095312 0.036538
15 0.169010 0.319231 0.124479 0.031731
15 0.292708 0.319351 0.146875 0.042548
15 0.386979 0.308293 0.055208 0.051683
15 0.448698 0.272236 0.142187 0.066587
15 0.563802 0.258173 0.096354 0.042788
15 0.515625 0.208413 0.088542 0.070192
15 0.625781 0.213822 0.105729 0.038221
15 0.674740 0.256851 0.088021 0.053125
15 0.894271 0.298798 0.097917 0.059615
15 0.857552 0.240144 0.151562 0.047596
15 0.781771 0.273918 0.104167 0.056010
15 0.717448 0.308293 0.173437 0.044471
15 0.597656 0.294471 0.088021 0.041827
15 0.603906 0.342548 0.120313 0.049038
15 0.719792 0.356731 0.104167 0.048558
15 0.838021 0.350000 0.100000 0.059135
15 0.948177 0.364063 0.092188 0.079087
15 0.446094 0.334135 0.141146 0.048077
15 0.496094 0.356971 0.084896 0.036058
15 0.524479 0.387981 0.126042 0.048558
15 0.443490 0.402885 0.053646 0.035577
15 0.366406 0.390865 0.094271 0.062500
15 0.308073 0.357812 0.094271 0.039663
15 0.202865 0.366827 0.090104 0.058654
15 0.099740 0.362981 0.114062 0.061058
15 0.021615 0.378365 0.042188 0.049519
15 0.039583 0.444231 0.078125 0.074038
15 0.119010 0.417067 0.083854 0.071154
15 0.121615 0.492067 0.139063 0.047596
15 0.026562 0.526322 0.052083 0.074279
15 0.224479 0.463702 0.109375 0.050000
15 0.202604 0.422957 0.098958 0.040625
15 0.267188 0.398197 0.069792 0.027163
15 0.329948 0.445072 0.145313 0.067548
15 0.439063 0.455168 0.127083 0.063221
15 0.530208 0.442909 0.096875 0.058413
15 0.652344 0.447957 0.093229 0.038702
15 0.707031 0.472476 0.144271 0.041587
15 0.748437 0.429207 0.109375 0.045913
15 0.630729 0.401923 0.138542 0.055769
15 0.852604 0.399519 0.105208 0.048077
15 0.759375 0.395192 0.081250 0.021154
15 0.910677 0.432212 0.093229 0.048077
15 0.980208 0.422837 0.039583 0.058654
15 0.979688 0.463341 0.040625 0.031010
15 0.940365 0.492548 0.096354 0.063462
15 0.855729 0.474760 0.059375 0.062981
15 0.776302 0.490745 0.065104 0.042067
15 0.658333 0.510577 0.151042 0.029327
15 0.546094 0.500841 0.119271 0.054087
15 0.402865 0.511298 0.151562 0.033173
15 0.255729 0.518149 0.137500 0.055529
15 0.115365 0.547596 0.119271 0.068750
15 0.311719 0.481971 0.080729 0.032692
15 0.354948 0.555889 0.097396 0.044952
15 0.454948 0.556010 0.123438 0.048077
15 0.575000 0.556611 0.077083 0.067548
15 0.672396 0.565745 0.120833 0.053606
15 0.740885 0.531130 0.096354 0.032452
15 0.838021 0.534375 0.076042 0.051923
15 0.918750 0.546514 0.087500 0.065625
15 0.966146 0.572596 0.067708 0.049519
15 0.879167 0.608293 0.162500 0.032452
15 0.823698 0.577404 0.139063 0.043269
15 0.973698 0.614062 0.052604 0.028125
15 0.478125 0.599038 0.151042 0.037981
15 0.619271 0.610096 0.083333 0.047596
15 0.728906 0.622957 0.120313 0.056971
15 0.840104 0.642788 0.100000 0.040385
15 0.952083 0.648558 0.095833 0.036058
15 0.945573 0.689303 0.108854 0.045433
15 0.751042 0.676683 0.086458 0.049038
15 0.667708 0.659976 0.078125 0.052163
15 0.576823 0.655529 0.096354 0.059135
15 0.462760 0.636298 0.143229 0.032692
15 0.357292 0.651082 0.106250 0.057933
15 0.463542 0.670553 0.102083 0.039183
15 0.450521 0.723678 0.130208 0.056971
15 0.567187 0.715865 0.087500 0.062500
15 0.665885 0.724399 0.090104 0.071394
15 0.749479 0.758413 0.105208 0.045673
15 0.831510 0.717187 0.145313 0.067067
15 0.913802 0.747236 0.069271 0.050240
15 0.976562 0.769471 0.046875 0.035577
15 0.221615 0.587139 0.139063 0.051683
15 0.262760 0.623317 0.121354 0.033654
15 0.133854 0.648798 0.126042 0.041346
15 0.079427 0.614543 0.091146 0.066106
15 0.019792 0.649639 0.038542 0.055529
15 0.033073 0.693149 0.065104 0.040144
15 0.136979 0.689183 0.128125 0.037981
15 0.252604 0.678486 0.101042 0.054087
15 0.370312 0.705649 0.112500 0.043990
15 0.466406 0.671635 0.088021 0.037019
15 0.296094 0.735697 0.140104 0.041106
15 0.177083 0.728966 0.086458 0.045433
15 0.060677 0.729928 0.120313 0.037740
15 0.073438 0.757452 0.125000 0.044712
15 0.128906 0.800000 0.118229 0.051442
15 0.224219 0.792548 0.070312 0.068750
15 0.068490 0.862139 0.095312 0.067548
15 0.327865 0.779207 0.136979 0.042067
15 0.290365 0.841827 0.059896 0.069231
15 0.216667 0.877644 0.133333 0.059615
15 0.189062 0.834014 0.136458 0.017548
15 0.069792 0.939183 0.102083 0.058654
15 0.179948 0.936538 0.085938 0.060096
15 0.237500 0.973798 0.083333 0.052404
15 0.302344 0.932692 0.098437 0.045673
15 0.338281 0.884135 0.085938 0.044712
15 0.370052 0.818750 0.085938 0.058173
15 0.464323 0.815505 0.118229 0.068510
15 0.522656 0.770433 0.081771 0.045673
15 0.607812 0.794351 0.094792 0.072837
15 0.544010 0.822236 0.035937 0.029087
15 0.673958 0.829327 0.070833 0.040385
15 0.692448 0.792067 0.061979 0.029327
15 0.766667 0.832212 0.103125 0.075000
15 0.785156 0.882812 0.081771 0.022356
15 0.894271 0.894231 0.121875 0.066346
15 0.980469 0.890264 0.039062 0.044952
15 0.912500 0.836298 0.126042 0.062981
15 0.941667 0.803966 0.100000 0.039183
15 0.850521 0.779808 0.082292 0.036058
15 0.960938 0.931490 0.078125 0.029808
15 0.878646 0.967428 0.130208 0.065144
15 0.763542 0.972476 0.100000 0.055048
15 0.705729 0.930048 0.167708 0.057692
15 0.663281 0.893029 0.139063 0.039423
15 0.612500 0.864062 0.115625 0.041587
15 0.521354 0.865986 0.078125 0.042067
15 0.461719 0.905649 0.169271 0.037260
15 0.426302 0.875240 0.115104 0.042308
15 0.372656 0.946875 0.125521 0.045673
15 0.383594 0.981731 0.098437 0.036538
15 0.494271 0.953966 0.117708 0.051683
15 0.498437 0.990264 0.117708 0.018510
15 0.594271 0.977885 0.069792 0.044231
15 0.582031 0.931490 0.068229 0.047596
15 0.672656 0.978966 0.081771 0.042067
