15 0.318490 0.181490 0.088021 0.045673
15 0.463542 0.170913 0.104167 0.025481
15 0.659635 0.175841 0.118229 0.039183
15 0.916406 0.172115 0.084896 0.050481
15 0.815885 0.216346 0.130729 0.028846
15 0.733854 0.248317 0.068750 0.037500
15 0.480990 0.214062 0.114062 0.031010
15 0.296354 0.222837 0.097917 0.039423
15 0.196094 0.211779 0.100521 0.034615
15 0.182031 0.251803 0.065104 0.055048
15 0.112760 0.250481 0.078646 0.050962
15 0.371354 0.238101 0.087500 0.040625
15 0.427083 0.251322 0.075000 0.035337
15 0.352344 0.284976 0.077604 0.069952
15 0.280469 0.300601 0.053646 0.044471
15 0.228385 0.290505 0.066146 0.044471
15 0.134115 0.302284 0.083854 0.041106
15 0.127344 0.351202 0.079687 0.055769
15 0.190885 0.364183 0.084896 0.034615
15 0.294531 0.334255 0.078646 0.034375
15 0.333073 0.355168 0.090104 0.028125
15 0.266667 0.375841 0.063542 0.038221
15 0.500000 0.296995 0.121875 0.033894
15 0.502604 0.329207 0.104167 0.038702
15 0.645052 0.284976 0.094271 0.038221
15 0.598437 0.336538 0.075000 0.040385
15 0.574479 0.355649 0.069792 0.036298
15 0.683594 0.328606 0.095312 0.029327
15 0.765104 0.298197 0.075000 0.044471
15 0.783333 0.341587 0.091667 0.042308
15 0.703906 0.364663 0.067187 0.042788
15 0.632031 0.384375 0.083854 0.048077
15 0.510417 0.370312 0.096875 0.046875
15 0.411719 0.369351 0.072396 0.041587
15 0.336198 0.385817 0.078646 0.035577
15 0.297396 0.411538 0.069792 0.032212
15 0.202865 0.396394 0.101562 0.028846
15 0.138802 0.405769 0.067187 0.053365
15 0.227604 0.428726 0.103125 0.041587
15 0.557813 0.411659 0.057292 0.052163
15 0.644271 0.404687 0.126042 0.033413
15 0.767448 0.393990 0.141146 0.034615
15 0.879948 0.361538 0.111979 0.044712
15 0.460677 0.397596 0.094271 0.031250
15 0.373177 0.412500 0.089063 0.031731
15 0.291146 0.445072 0.097917 0.036779
15 0.267708 0.479087 0.053125 0.040385
15 0.192708 0.467308 0.104167 0.055769
15 0.128125 0.499880 0.076042 0.063221
15 0.206771 0.507452 0.096875 0.031731
15 0.163021 0.538942 0.097917 0.026442
15 0.240885 0.536779 0.073438 0.034135
15 0.283594 0.515144 0.070312 0.035096
15 0.338802 0.498437 0.089063 0.046394
15 0.363021 0.454447 0.081250 0.044952
15 0.416927 0.429207 0.070312 0.036779
15 0.469010 0.468750 0.113021 0.042308
15 0.492448 0.437139 0.078646 0.045913
15 0.414583 0.495192 0.057292 0.042308
15 0.516146 0.511418 0.105208 0.043990
15 0.573177 0.456250 0.077604 0.047596
15 0.657031 0.445072 0.088021 0.049760
15 0.602344 0.488101 0.065104 0.032933
15 0.610677 0.516466 0.066146 0.043990
15 0.669010 0.484856 0.101562 0.040385
15 0.665885 0.518029 0.090104 0.036538
15 0.769531 0.471154 0.071354 0.034135
15 0.766927 0.512139 0.114062 0.052644
15 0.833594 0.525962 0.061979 0.026442
15 0.853385 0.555529 0.111979 0.031731
15 0.722396 0.551803 0.093750 0.036779
15 0.460938 0.527404 0.068750 0.044712
15 0.402344 0.556971 0.081771 0.053365
15 0.340104 0.572476 0.091667 0.049279
15 0.256250 0.575841 0.091667 0.039183
15 0.170573 0.571154 0.077604 0.034615
15 0.127344 0.583173 0.077604 0.045673
15 0.117708 0.620072 0.091667 0.050240
15 0.167969 0.622716 0.042188 0.033413
15 0.214844 0.604207 0.077604 0.033894
15 0.193229 0.649038 0.092708 0.029808
15 0.223177 0.682452 0.076563 0.042788
15 0.280469 0.662500 0.094271 0.032212
15 0.249740 0.621755 0.078646 0.046875
15 0.326302 0.609856 0.078646 0.047596
15 0.345313 0.649038 0.086458 0.034615
15 0.407552 0.616587 0.073438 0.069231
15 0.487240 0.602764 0.083854 0.049760
15 0.429167 0.661178 0.076042 0.044471
15 0.365365 0.678606 0.083854 0.029327
15 0.294271 0.709495 0.091667 0.048798
15 0.386458 0.702404 0.090625 0.045192
15 0.430208 0.711418 0.070833 0.057452
15 0.505729 0.705048 0.080208 0.064423
15 0.484896 0.649399 0.079167 0.056490
15 0.548438 0.646995 0.065625 0.033894
15 0.586458 0.613582 0.116667 0.036298
15 0.528646 0.547356 0.087500 0.030288
15 0.541406 0.577284 0.088021 0.049279
15 0.631510 0.564904 0.054688 0.053846
15 0.688281 0.577043 0.060937 0.043990
15 0.645573 0.634135 0.100521 0.058654
15 0.749219 0.634375 0.094271 0.040385
15 0.767708 0.678365 0.097917 0.050962
15 0.578906 0.696875 0.081771 0.061058
15 0.345313 0.745313 0.093750 0.041587
15 0.372396 0.768630 0.057292 0.049760
15 0.452344 0.753726 0.118229 0.033894
15 0.466927 0.789543 0.142187 0.043510
15 0.626563 0.749038 0.115625 0.040865
15 0.655208 0.719471 0.104167 0.028846
15 0.897135 0.580529 0.107813 0.037981
15 0.834896 0.659375 0.094792 0.037500
15 0.733333 0.768630 0.085417 0.056971
15 0.591406 0.778365 0.106771 0.034135
15 0.671615 0.794832 0.091146 0.033894
15 0.582031 0.815024 0.128646 0.036779
15 0.513021 0.818269 0.081250 0.032692
15 0.485677 0.845192 0.107813 0.056250
15 0.537500 0.880409 0.110417 0.042067
15 0.594271 0.855529 0.114583 0.037019
15 0.660156 0.826202 0.091146 0.029808
15 0.745833 0.839904 0.092708 0.058654
15 0.684896 0.877404 0.097917 0.052885
15 0.616406 0.902284 0.072396 0.043990
15 0.565104 0.917668 0.091667 0.038221
15 0.616406 0.952404 0.115104 0.037500
15 0.674740 0.923438 0.065104 0.056971
15 0.652083 0.983534 0.095833 0.032933
15 0.783073 0.975120 0.088021 0.049760
15 0.854688 0.922837 0.104167 0.050962
15 0.897135 0.963702 0.097396 0.050481
15 0.952344 0.832572 0.083854 0.067548
15 0.951042 0.757572 0.068750 0.054567
15 0.233333 0.821755 0.068750 0.038702
15 0.297656 0.859255 0.042188 0.033894
15 0.318490 0.902163 0.096354 0.048077
15 0.146875 0.929928 0.081250 0.061779
15 0.220052 0.953125 0.097396 0.032692
15 0.147135 0.981851 0.094271 0.036298
15 0.453385 0.986178 0.043229 0.027644
