15 0.978125 0.058424 0.043250 0.115761
15 0.939500 0.066848 0.052500 0.128261
15 0.890125 0.022554 0.042250 0.044022
15 0.878125 0.094837 0.066250 0.104891
15 0.938000 0.171196 0.066000 0.097826
15 0.885500 0.210054 0.040000 0.101630
15 0.849000 0.192391 0.035500 0.118478
15 0.815125 0.164402 0.042250 0.083152
15 0.793750 0.087228 0.031500 0.115761
15 0.835875 0.069837 0.053750 0.072283
15 0.849750 0.016848 0.032500 0.032609
15 0.811000 0.021467 0.027500 0.041848
15 0.772750 0.022826 0.024000 0.044565
15 0.739000 0.031250 0.036000 0.061413
15 0.759500 0.092663 0.027000 0.066848
15 0.727250 0.101630 0.042000 0.072826
15 0.699250 0.036141 0.029000 0.071196
15 0.673000 0.046739 0.022500 0.092391
15 0.688500 0.127174 0.038000 0.076087
15 0.738250 0.181522 0.040500 0.079348
15 0.695125 0.193750 0.043750 0.071196
15 0.663500 0.216304 0.029000 0.071739
15 0.637875 0.125543 0.028250 0.111957
15 0.663000 0.126087 0.015000 0.065217
15 0.650625 0.042391 0.019250 0.083696
15 0.625125 0.030435 0.020750 0.059783
15 0.604125 0.087228 0.039250 0.051630
15 0.590625 0.151087 0.037250 0.072826
15 0.635375 0.213043 0.025250 0.082609
15 0.604875 0.226359 0.036750 0.067935
15 0.671750 0.295652 0.023000 0.080435
15 0.695625 0.261685 0.022750 0.066848
15 0.710875 0.298913 0.040250 0.111957
15 0.749250 0.297283 0.038500 0.065217
15 0.732750 0.371739 0.034500 0.086957
15 0.777375 0.341033 0.039750 0.052717
15 0.812375 0.315761 0.035750 0.115217
15 0.858500 0.293207 0.061500 0.077717
15 0.928125 0.307880 0.072250 0.085326
15 0.888125 0.377446 0.044250 0.088587
15 0.924500 0.400543 0.032500 0.090217
15 0.956250 0.464946 0.037500 0.129891
15 0.917250 0.477717 0.042000 0.067391
15 0.872125 0.461141 0.041750 0.074457
15 0.842125 0.388315 0.046250 0.088587
15 0.803625 0.405978 0.042750 0.072826
15 0.835750 0.479348 0.049000 0.079348
15 0.785125 0.461685 0.042750 0.063587
15 0.762750 0.397826 0.034500 0.069565
15 0.736125 0.454348 0.049250 0.070652
15 0.747500 0.523641 0.026500 0.059239
15 0.782125 0.530435 0.044750 0.068478
15 0.808875 0.575000 0.067750 0.072826
15 0.753250 0.595652 0.033500 0.064130
15 0.714625 0.506250 0.029750 0.065761
15 0.705125 0.409511 0.020750 0.077717
15 0.680375 0.424457 0.021250 0.102174
15 0.662125 0.351359 0.026250 0.100543
15 0.635500 0.295109 0.035500 0.058696
15 0.613750 0.353533 0.041500 0.066848
15 0.606000 0.290489 0.020000 0.065761
15 0.583250 0.289674 0.020500 0.084783
15 0.579125 0.350815 0.027750 0.066848
15 0.566250 0.424728 0.032000 0.066848
15 0.548000 0.375000 0.037500 0.066304
15 0.619750 0.456250 0.039500 0.029891
15 0.618875 0.408967 0.055750 0.055978
15 0.656000 0.437228 0.028000 0.054891
15 0.630250 0.491848 0.033000 0.075000
15 0.600125 0.483967 0.023250 0.059239
15 0.568500 0.486957 0.041500 0.053261
15 0.591500 0.538315 0.027500 0.051630
15 0.617750 0.569565 0.033500 0.066304
15 0.643750 0.566848 0.020500 0.061957
15 0.673250 0.525000 0.039500 0.077174
15 0.674125 0.596739 0.029250 0.057609
15 0.707500 0.574728 0.029000 0.063587
15 0.728625 0.583967 0.017250 0.058152
15 0.932000 0.579076 0.069500 0.083152
15 0.541000 0.495109 0.021500 0.065217
15 0.560875 0.553533 0.026250 0.069022
15 0.569750 0.604620 0.043500 0.086413
15 0.534375 0.662500 0.005750 0.079348
15 0.562250 0.686685 0.040500 0.080978
15 0.539000 0.595652 0.013000 0.064130
15 0.616250 0.644293 0.045000 0.089674
15 0.595500 0.620380 0.018000 0.049457
15 0.658125 0.631793 0.033250 0.066848
15 0.640500 0.669022 0.016500 0.048913
15 0.624375 0.704891 0.024250 0.039130
15 0.596250 0.701630 0.022000 0.071739
15 0.575125 0.762228 0.027250 0.047283
15 0.607375 0.763043 0.044250 0.064130
15 0.651000 0.748370 0.038000 0.060870
15 0.666125 0.690489 0.036250 0.071196
15 0.690875 0.736413 0.027250 0.075000
15 0.697375 0.644837 0.030250 0.080978
15 0.726125 0.656793 0.056250 0.082065
15 0.724375 0.728804 0.031750 0.063043
15 0.769625 0.688043 0.033250 0.090217
15 0.801250 0.653533 0.066500 0.066848
15 0.908500 0.778533 0.042000 0.147283
15 0.751625 0.769837 0.034750 0.076630
15 0.707375 0.793478 0.054250 0.057609
15 0.697125 0.846739 0.062250 0.078261
15 0.834000 0.911685 0.067500 0.091848
15 0.665500 0.897283 0.040000 0.113043
15 0.634125 0.801359 0.030250 0.100543
15 0.591625 0.848098 0.031750 0.096196
15 0.558625 0.787500 0.031250 0.092391
15 0.614500 0.975272 0.046000 0.049457
15 0.576875 0.928261 0.035250 0.080435
15 0.544750 0.958152 0.029000 0.083696
15 0.527000 0.925000 0.027500 0.092391
15 0.543625 0.842663 0.031250 0.072283
15 0.515375 0.808967 0.032250 0.101630
15 0.500500 0.886957 0.021500 0.056522
15 0.488125 0.944565 0.043250 0.054348
15 0.495250 0.982337 0.045000 0.035326
15 0.457375 0.959239 0.026750 0.042391
15 0.558875 0.321739 0.021750 0.040217
15 0.513625 0.352174 0.019250 0.067391
15 0.486750 0.306250 0.016500 0.048370
15 0.509750 0.257065 0.018000 0.101087
15 0.550000 0.284783 0.043000 0.052174
15 0.527375 0.321467 0.020750 0.040761
15 0.528500 0.198641 0.025000 0.067935
15 0.550750 0.217391 0.021500 0.051087
15 0.572375 0.194837 0.027750 0.073370
15 0.545750 0.145380 0.025000 0.083152
15 0.508750 0.161685 0.023500 0.082065
15 0.481125 0.221467 0.034750 0.111413
15 0.452750 0.214402 0.020000 0.060326
15 0.432375 0.179076 0.027250 0.057065
15 0.418625 0.154348 0.025250 0.055435
15 0.447500 0.113043 0.024500 0.089130
15 0.482250 0.134239 0.038500 0.072826
15 0.539250 0.101359 0.019500 0.052717
15 0.587875 0.034239 0.043750 0.065217
15 0.563375 0.067663 0.027750 0.124457
15 0.537125 0.027174 0.018750 0.045652
15 0.527375 0.082065 0.021250 0.067391
15 0.503500 0.080163 0.022500 0.087500
15 0.509625 0.029348 0.034250 0.057609
15 0.477000 0.022283 0.028000 0.043478
15 0.478500 0.073098 0.033000 0.042935
15 0.449625 0.049728 0.027750 0.067935
15 0.420750 0.103533 0.031000 0.051630
15 0.392875 0.141576 0.024250 0.070109
15 0.422875 0.050543 0.025750 0.064130
15 0.402875 0.068207 0.014750 0.074457
15 0.383625 0.057337 0.026750 0.072283
15 0.399375 0.016033 0.029250 0.030978
15 0.356375 0.084783 0.043750 0.052174
15 0.363875 0.143478 0.032250 0.061957
15 0.354625 0.023641 0.026250 0.046196
15 0.319500 0.098913 0.032500 0.073913
15 0.311625 0.161141 0.027250 0.041848
15 0.335500 0.152717 0.019000 0.044565
15 0.282625 0.150000 0.038250 0.051087
15 0.278750 0.193478 0.025500 0.038043
15 0.292500 0.096196 0.022000 0.067391
15 0.297625 0.033967 0.037750 0.054891
15 0.271875 0.078533 0.021250 0.058152
15 0.254500 0.167663 0.020000 0.076630
15 0.236250 0.219837 0.022500 0.075543
15 0.260625 0.228533 0.019750 0.040761
15 0.216250 0.274185 0.021500 0.054891
15 0.203750 0.210054 0.041000 0.069022
15 0.243500 0.137228 0.035000 0.072283
15 0.247000 0.080435 0.025500 0.047826
15 0.259375 0.029076 0.032750 0.055978
15 0.231375 0.037772 0.019750 0.070109
15 0.216500 0.064674 0.024500 0.051087
15 0.208750 0.018478 0.021000 0.035870
15 0.197000 0.087228 0.030500 0.100543
15 0.175125 0.135598 0.030250 0.082065
15 0.188625 0.249185 0.042750 0.044022
15 0.210000 0.329076 0.025500 0.046196
15 0.180875 0.343478 0.026750 0.085870
15 0.205625 0.373370 0.015750 0.038043
15 0.185125 0.414946 0.033750 0.047283
15 0.158125 0.101359 0.027750 0.074457
15 0.150875 0.057337 0.025250 0.055978
15 0.137125 0.011141 0.020250 0.020109
15 0.086125 0.033967 0.035750 0.066848
15 0.071500 0.093750 0.051500 0.057065
15 0.069750 0.172011 0.024500 0.094022
15 0.094625 0.183424 0.023250 0.057065
15 0.107750 0.232337 0.040000 0.077717
15 0.089625 0.275000 0.030750 0.057609
15 0.131125 0.264674 0.024750 0.057609
15 0.124375 0.317935 0.030750 0.072826
15 0.155875 0.284511 0.024250 0.088587
15 0.082250 0.368750 0.020500 0.057065
15 0.103500 0.358424 0.016500 0.070109
15 0.039875 0.331522 0.028250 0.064130
15 0.118875 0.387500 0.022250 0.067391
15 0.144875 0.383696 0.029250 0.069565
15 0.165625 0.408967 0.018250 0.079891
15 0.155625 0.461685 0.028750 0.055978
15 0.131375 0.442120 0.015750 0.045109
15 0.122875 0.478533 0.029750 0.055978
15 0.148125 0.530163 0.028250 0.078804
15 0.176125 0.506522 0.032250 0.077174
15 0.178875 0.593478 0.017750 0.070652
15 0.139375 0.616033 0.029750 0.073370
15 0.108000 0.623913 0.034500 0.070652
15 0.098500 0.570380 0.026000 0.072283
15 0.085125 0.505707 0.032250 0.114674
15 0.066125 0.511957 0.018250 0.083696
15 0.066250 0.586413 0.030500 0.060870
15 0.038250 0.561141 0.026500 0.082065
15 0.065875 0.695652 0.035750 0.081522
15 0.095875 0.741304 0.032750 0.077174
15 0.140625 0.735326 0.028250 0.042391
15 0.167875 0.703804 0.037250 0.043478
15 0.188500 0.764674 0.025500 0.070652
15 0.178625 0.830978 0.031750 0.066304
15 0.228750 0.880707 0.012500 0.042935
15 0.071000 0.864130 0.023000 0.089130
15 0.466875 0.385054 0.038250 0.083152
15 0.458500 0.455163 0.029000 0.096196
15 0.490500 0.468207 0.031000 0.092935
15 0.480375 0.540761 0.043750 0.046739
15 0.462000 0.588587 0.028000 0.119565
15 0.503250 0.625000 0.023500 0.109783
15 0.484250 0.678261 0.023000 0.089130
15 0.450875 0.679620 0.030750 0.051630
15 0.429125 0.649185 0.024750 0.079891
15 0.409500 0.583967 0.022500 0.094022
15 0.432875 0.554891 0.024750 0.096739
15 0.427500 0.463587 0.034500 0.102174
15 0.424000 0.360326 0.045000 0.085870
15 0.399125 0.381793 0.047750 0.057065
15 0.397500 0.447826 0.022000 0.066304
15 0.389500 0.518478 0.033500 0.073913
15 0.363000 0.428533 0.034500 0.098370
15 0.351375 0.396196 0.027750 0.089130
15 0.339625 0.472554 0.018250 0.063587
15 0.362625 0.507065 0.039750 0.042391
15 0.374250 0.569837 0.033500 0.063587
15 0.310000 0.457065 0.028500 0.088043
15 0.310875 0.534239 0.029750 0.064130
15 0.321375 0.580435 0.037750 0.080435
15 0.317125 0.640217 0.030250 0.034783
15 0.343125 0.639402 0.018250 0.064674
15 0.336625 0.685598 0.036750 0.061413
15 0.372000 0.694837 0.032500 0.058152
15 0.358750 0.612228 0.035000 0.076630
15 0.386125 0.644293 0.023250 0.048370
15 0.403750 0.684783 0.029000 0.061957
15 0.431875 0.741848 0.046750 0.055435
15 0.465500 0.771467 0.033000 0.085326
15 0.428250 0.788043 0.032500 0.053261
15 0.415250 0.831793 0.025500 0.080978
15 0.387750 0.848641 0.024500 0.067935
15 0.391750 0.795109 0.021500 0.038043
15 0.356750 0.802989 0.035500 0.053804
15 0.365500 0.760598 0.030000 0.052717
15 0.394375 0.744293 0.028750 0.074457
15 0.337750 0.738315 0.032500 0.058152
