15 0.136198 0.024399 0.072396 0.047356
15 0.149740 0.059856 0.082812 0.021635
15 0.151042 0.085938 0.094792 0.037740
15 0.201042 0.036058 0.069792 0.052885
15 0.217448 0.004808 0.065104 0.008173
15 0.281771 0.029928 0.073958 0.028125
15 0.271615 0.046635 0.090104 0.024519
15 0.277344 0.079447 0.104688 0.052163
15 0.228646 0.088101 0.066667 0.043510
15 0.235417 0.123438 0.114583 0.049279
15 0.163542 0.140625 0.096875 0.033173
15 0.391927 0.093389 0.124479 0.036298
15 0.323958 0.120433 0.105208 0.034135
15 0.332813 0.161659 0.100000 0.042067
15 0.298698 0.175962 0.078646 0.021635
15 0.379167 0.193269 0.060417 0.014423
15 0.428125 0.178005 0.101042 0.034856
15 0.392448 0.148918 0.084896 0.032452
15 0.435417 0.124639 0.094792 0.032933
15 0.480990 0.141707 0.090104 0.033894
15 0.527865 0.111659 0.085938 0.038221
15 0.486458 0.085697 0.072917 0.037260
15 0.433854 0.073077 0.051042 0.030769
15 0.359896 0.053005 0.088542 0.042548
15 0.351302 0.022356 0.092188 0.027404
15 0.434115 0.033173 0.079687 0.048077
15 0.494792 0.047356 0.101042 0.040385
15 0.503906 0.014904 0.076563 0.029327
15 0.592187 0.035817 0.097917 0.050481
15 0.562500 0.069231 0.065625 0.045673
15 0.601302 0.113462 0.090104 0.048077
15 0.651302 0.071635 0.065104 0.044712
15 0.571354 0.155288 0.090625 0.037500
15 0.660677 0.144471 0.085938 0.050962
15 0.569792 0.189423 0.114583 0.029808
15 0.513542 0.217067 0.095833 0.045192
15 0.678906 0.179567 0.077604 0.026923
15 0.757552 0.150841 0.075521 0.042067
15 0.745833 0.188582 0.117708 0.036298
15 0.855729 0.193750 0.100000 0.031731
15 0.671875 0.269832 0.076042 0.037740
15 0.230729 0.402284 0.095833 0.040625
15 0.889844 0.324880 0.127604 0.034856
15 0.804688 0.356611 0.067708 0.034856
15 0.676823 0.384615 0.077604 0.037981
15 0.767188 0.395072 0.101042 0.038221
15 0.913021 0.375962 0.097917 0.052885
15 0.843750 0.413341 0.107292 0.041106
15 0.915365 0.413462 0.072396 0.025962
15 0.747917 0.438822 0.090625 0.043029
15 0.796875 0.458894 0.086458 0.042308
15 0.844271 0.483173 0.059375 0.043750
15 0.918490 0.488582 0.080729 0.036779
15 0.917969 0.449880 0.094271 0.040625
15 0.564063 0.457212 0.084375 0.030769
15 0.565104 0.483413 0.056250 0.021635
15 0.614583 0.480048 0.095833 0.042308
15 0.695312 0.494591 0.100000 0.039663
15 0.606510 0.515865 0.107813 0.034135
15 0.788281 0.502885 0.067187 0.021154
15 0.773958 0.523918 0.087500 0.030048
15 0.850260 0.522716 0.074479 0.029567
15 0.921615 0.533053 0.110937 0.040144
15 0.915885 0.565385 0.109896 0.029327
15 0.804948 0.556250 0.076563 0.023077
15 0.720313 0.537500 0.094792 0.029327
15 0.668750 0.550601 0.071875 0.033413
15 0.609115 0.572236 0.072396 0.038221
15 0.141406 0.546514 0.064062 0.055529
15 0.355990 0.557813 0.127604 0.028125
15 0.371094 0.585938 0.097396 0.033413
15 0.226042 0.628486 0.107292 0.035817
15 0.423177 0.623077 0.097396 0.042788
15 0.586198 0.607091 0.088021 0.033413
15 0.501042 0.656611 0.105208 0.055048
15 0.557031 0.691707 0.074479 0.045433
15 0.532552 0.727524 0.076563 0.040625
15 0.613281 0.637500 0.080729 0.042308
15 0.672396 0.603245 0.084375 0.056971
15 0.727344 0.570553 0.084896 0.031971
15 0.783073 0.597236 0.073438 0.030529
15 0.751563 0.619111 0.089583 0.026202
15 0.826562 0.583534 0.092708 0.033413
15 0.929427 0.596274 0.081771 0.034375
15 0.850781 0.616947 0.073438 0.032452
15 0.782813 0.645913 0.058333 0.049038
15 0.705469 0.644591 0.079687 0.037740
15 0.625000 0.672115 0.100000 0.033654
15 0.705990 0.689303 0.078646 0.053606
15 0.772135 0.677284 0.126562 0.037260
15 0.788802 0.707933 0.086979 0.031731
15 0.841927 0.686899 0.055729 0.056490
15 0.927604 0.686659 0.103125 0.035337
15 0.874479 0.642188 0.094792 0.040625
15 0.950000 0.638942 0.050000 0.050000
15 0.677604 0.723918 0.109375 0.040144
15 0.783073 0.728966 0.085938 0.028125
15 0.848958 0.754687 0.086458 0.035337
15 0.931250 0.724639 0.093750 0.031010
15 0.942969 0.756490 0.095312 0.041827
15 0.912760 0.796274 0.081771 0.058413
15 0.944010 0.829808 0.084896 0.068750
15 0.553906 0.783413 0.089063 0.043750
15 0.460938 0.784615 0.072917 0.046154
15 0.456510 0.822716 0.077604 0.031010
