15 0.076803 0.087240 0.079087 0.147396
15 0.140385 0.042708 0.076923 0.084375
15 0.019471 0.065625 0.038462 0.125000
15 0.013582 0.206250 0.026683 0.132292
15 0.067428 0.250781 0.079567 0.147396
15 0.129688 0.299740 0.066587 0.165104
15 0.192548 0.181510 0.068750 0.178646
15 0.135817 0.148698 0.028365 0.113021
15 0.222356 0.045573 0.091346 0.090104
15 0.278245 0.176302 0.090625 0.174479
15 0.325481 0.046354 0.062500 0.091667
15 0.394712 0.039062 0.072115 0.077083
15 0.508774 0.041146 0.096875 0.081250
15 0.615264 0.089844 0.103606 0.168229
15 0.691106 0.158594 0.075481 0.105729
15 0.769712 0.124219 0.069231 0.185938
15 0.703486 0.035156 0.060337 0.069271
15 0.890385 0.086198 0.105769 0.157812
15 0.959615 0.190625 0.080769 0.128125
15 0.901923 0.298438 0.079808 0.117708
15 0.980529 0.354167 0.038942 0.172917
15 0.937620 0.447396 0.069952 0.135417
15 0.853846 0.454427 0.065865 0.147396
15 0.786659 0.540104 0.082452 0.267708
15 0.870313 0.639062 0.083894 0.177083
15 0.956851 0.636198 0.086298 0.206771
15 0.899880 0.817708 0.114183 0.156250
15 0.980529 0.801302 0.038942 0.102604
15 0.906731 0.951562 0.094712 0.087500
15 0.980529 0.970313 0.038942 0.059375
15 0.810337 0.765625 0.063942 0.153125
15 0.780048 0.863802 0.076442 0.123438
15 0.740625 0.731510 0.085096 0.088021
15 0.694591 0.812500 0.071394 0.148958
15 0.684255 0.937500 0.078125 0.125000
15 0.620072 0.883333 0.076202 0.138542
15 0.623798 0.717969 0.056250 0.141146
15 0.691466 0.597396 0.085817 0.159375
15 0.666707 0.467187 0.102163 0.121875
15 0.683534 0.303646 0.126202 0.169792
15 0.796274 0.320573 0.111298 0.123438
15 0.590144 0.258333 0.054808 0.180208
15 0.519712 0.179167 0.078846 0.135417
15 0.436298 0.168229 0.068750 0.145833
15 0.487861 0.300000 0.082452 0.096875
15 0.544111 0.398958 0.093510 0.104167
15 0.544832 0.547656 0.108413 0.193229
15 0.598437 0.611719 0.043990 0.151562
15 0.537260 0.757292 0.087981 0.190625
15 0.480288 0.585417 0.012500 0.138542
15 0.457572 0.515625 0.069952 0.201042
15 0.392668 0.386198 0.088702 0.233854
15 0.296514 0.319271 0.093990 0.162500
15 0.200721 0.346615 0.062019 0.130729
15 0.174639 0.538021 0.090625 0.239583
15 0.257812 0.522135 0.092067 0.199479
15 0.319591 0.552604 0.060337 0.156250
15 0.377644 0.635417 0.061058 0.187500
15 0.297957 0.754427 0.059856 0.190104
15 0.347356 0.904687 0.086058 0.169792
15 0.413942 0.859896 0.062500 0.145833
15 0.479327 0.900260 0.062500 0.199479
15 0.233293 0.848958 0.059856 0.221875
15 0.203486 0.730469 0.064663 0.157812
15 0.136178 0.818490 0.079567 0.220312
15 0.084615 0.660156 0.085096 0.251563
15 0.032091 0.907031 0.063702 0.185938
15 0.079087 0.953125 0.038462 0.093750
15 0.011538 0.722656 0.022596 0.168229
15 0.026683 0.540885 0.052885 0.195312
15 0.022837 0.376302 0.045192 0.095312
15 0.094231 0.438281 0.065865 0.161979
