15 0.983894 0.027083 0.032212 0.050000
15 0.950240 0.094531 0.060577 0.153646
15 0.914423 0.062240 0.073077 0.117188
15 0.851082 0.056250 0.060817 0.109375
15 0.804688 0.031510 0.065144 0.061979
15 0.784255 0.129167 0.062740 0.127083
15 0.856370 0.181771 0.080048 0.135417
15 0.873918 0.299479 0.049279 0.117708
15 0.936178 0.294792 0.068990 0.134375
15 0.965986 0.188021 0.065144 0.150000
15 0.980649 0.344792 0.038702 0.150000
15 0.877284 0.394531 0.026683 0.097396
15 0.826442 0.423177 0.073077 0.207813
15 0.767188 0.418750 0.042067 0.117708
15 0.759495 0.323177 0.080048 0.090104
15 0.785096 0.252344 0.086058 0.114062
15 0.722236 0.192448 0.064183 0.130729
15 0.675962 0.266667 0.078846 0.151042
15 0.667067 0.123438 0.050000 0.128125
15 0.717187 0.068750 0.083413 0.107292
15 0.664784 0.019792 0.051683 0.038542
15 0.671635 0.410677 0.048558 0.151562
15 0.733894 0.446615 0.028846 0.089063
15 0.693029 0.488802 0.067788 0.159896
15 0.654087 0.564583 0.043750 0.088542
15 0.792909 0.541146 0.070913 0.113542
15 0.901923 0.474740 0.076923 0.153646
15 0.978125 0.552083 0.042788 0.081250
15 0.978606 0.627083 0.042788 0.142708
15 0.922236 0.601823 0.065625 0.119271
15 0.930649 0.689063 0.066587 0.075000
15 0.984255 0.723698 0.031490 0.059896
15 0.853726 0.608854 0.070433 0.142708
15 0.790505 0.620313 0.049760 0.091667
15 0.725841 0.728646 0.071394 0.132292
15 0.683534 0.658854 0.051202 0.119792
15 0.727404 0.579427 0.069231 0.154688
15 0.631611 0.677604 0.047356 0.132292
15 0.618630 0.514844 0.049760 0.132812
15 0.666106 0.759896 0.046635 0.095833
15 0.672236 0.879948 0.064663 0.127604
15 0.734976 0.880990 0.054087 0.192188
15 0.778606 0.820573 0.075000 0.121354
15 0.778245 0.726302 0.058894 0.113021
15 0.831130 0.744271 0.045433 0.161458
15 0.883413 0.715625 0.063942 0.059375
15 0.877644 0.810677 0.047596 0.176563
15 0.845433 0.881771 0.044712 0.112500
15 0.934135 0.792708 0.068750 0.130208
15 0.966827 0.825521 0.047596 0.114583
15 0.994832 0.788281 0.010337 0.063021
15 0.988462 0.938542 0.023077 0.121875
15 0.934856 0.923698 0.082692 0.122396
15 0.910216 0.954948 0.066106 0.090104
15 0.884135 0.986979 0.046154 0.026042
15 0.843990 0.973177 0.028365 0.053646
15 0.793269 0.942969 0.072596 0.114062
15 0.742909 0.989323 0.032452 0.021354
15 0.697837 0.944010 0.052885 0.111979
15 0.628966 0.947396 0.078125 0.094792
15 0.596034 0.971615 0.067067 0.056771
15 0.540264 0.977865 0.043510 0.044271
15 0.588702 0.885156 0.038462 0.097396
15 0.614663 0.780469 0.053846 0.150521
15 0.557332 0.774740 0.068990 0.109896
15 0.534615 0.862240 0.080769 0.175521
15 0.504207 0.804427 0.021875 0.046354
15 0.502404 0.714844 0.041346 0.135937
15 0.545793 0.642969 0.062740 0.126562
15 0.564423 0.562240 0.076923 0.134896
15 0.603005 0.391406 0.101202 0.119271
15 0.627163 0.325260 0.033654 0.040104
15 0.572596 0.302083 0.062981 0.079167
15 0.555048 0.427083 0.040865 0.145833
15 0.491587 0.545312 0.054327 0.185417
15 0.509856 0.392448 0.056250 0.199479
15 0.480649 0.420833 0.021875 0.073958
15 0.445673 0.408594 0.046635 0.099479
15 0.455048 0.658073 0.062981 0.159896
15 0.451082 0.824740 0.061779 0.139063
15 0.476683 0.884635 0.042308 0.148438
15 0.468389 0.979948 0.061779 0.040104
15 0.438702 0.937760 0.051442 0.066146
15 0.404207 0.967969 0.030529 0.059896
15 0.408413 0.806250 0.038942 0.118750
15 0.423438 0.713021 0.073798 0.168750
15 0.445913 0.525260 0.044712 0.120313
15 0.421154 0.485417 0.026923 0.133333
15 0.424038 0.361979 0.045192 0.092708
15 0.464543 0.329167 0.029567 0.082292
15 0.531611 0.254948 0.072837 0.092188
15 0.601442 0.217188 0.071154 0.130208
15 0.575240 0.120052 0.054327 0.125521
15 0.521514 0.146354 0.054567 0.137500
15 0.480288 0.226562 0.032212 0.103125
15 0.427043 0.248958 0.088702 0.118750
15 0.493870 0.089583 0.058413 0.121875
15 0.550361 0.022135 0.031971 0.043229
15 0.607812 0.048698 0.077644 0.094271
15 0.509856 0.013021 0.043750 0.025000
15 0.461418 0.025781 0.050240 0.050521
15 0.430769 0.095833 0.064904 0.173958
15 0.382572 0.048438 0.046875 0.095833
15 0.377043 0.138542 0.044952 0.100000
15 0.373197 0.230729 0.052644 0.077083
15 0.374639 0.320312 0.051202 0.101042
15 0.400962 0.415104 0.026442 0.076042
15 0.384736 0.513542 0.044952 0.104167
15 0.367548 0.596094 0.070673 0.141146
15 0.361178 0.738802 0.046875 0.143229
15 0.378245 0.868490 0.065625 0.111979
15 0.310216 0.738281 0.062740 0.130729
15 0.282933 0.601562 0.060096 0.173958
15 0.322236 0.561719 0.039663 0.169271
15 0.353606 0.414844 0.068269 0.138021
15 0.324639 0.373958 0.047356 0.105208
15 0.314784 0.297917 0.057452 0.106250
15 0.306971 0.177083 0.064423 0.139583
15 0.259615 0.279427 0.061538 0.163021
15 0.233413 0.362500 0.040385 0.088542
15 0.277644 0.440104 0.046635 0.152083
15 0.336298 0.055729 0.050962 0.110417
15 0.275481 0.039323 0.067788 0.077604
15 0.276562 0.088021 0.081971 0.107292
15 0.220913 0.141667 0.054808 0.119792
15 0.225601 0.228906 0.066587 0.154688
15 0.219231 0.013542 0.041827 0.026042
15 0.197476 0.067708 0.070913 0.084375
15 0.153245 0.122656 0.089183 0.163021
15 0.132933 0.031510 0.051442 0.061979
15 0.100361 0.019271 0.017548 0.037500
15 0.144832 0.260156 0.065144 0.171354
15 0.185216 0.435417 0.057452 0.154167
15 0.230769 0.469531 0.050481 0.096354
15 0.199519 0.567708 0.062500 0.100000
15 0.249159 0.525000 0.050721 0.093750
15 0.251803 0.613281 0.018029 0.049479
15 0.258053 0.688021 0.054567 0.087500
15 0.193750 0.696615 0.075962 0.170313
15 0.145913 0.535677 0.044231 0.119271
15 0.123197 0.420312 0.060817 0.113542
15 0.118990 0.617448 0.063462 0.131771
15 0.253486 0.834896 0.053125 0.198958
15 0.301442 0.873698 0.061538 0.138021
15 0.209135 0.912760 0.075000 0.116146
15 0.169952 0.813802 0.108654 0.102604
15 0.114543 0.737240 0.068990 0.099479
15 0.099760 0.856250 0.042788 0.133333
15 0.138822 0.925521 0.064183 0.118750
15 0.165385 0.975521 0.048077 0.048958
15 0.050240 0.975260 0.049038 0.049479
15 0.231370 0.985417 0.042067 0.029167
15 0.094351 0.986198 0.028606 0.027604
15 0.060457 0.855990 0.040144 0.183854
15 0.019471 0.936979 0.038462 0.126042
15 0.020553 0.811719 0.040625 0.126562
15 0.015745 0.694010 0.031010 0.128646
15 0.057452 0.665885 0.062019 0.184896
15 0.023918 0.575521 0.047356 0.096875
15 0.055769 0.442969 0.057212 0.144271
15 0.016466 0.466146 0.032452 0.109375
15 0.083173 0.275260 0.057212 0.181771
15 0.026442 0.334375 0.052404 0.155208
15 0.077524 0.126823 0.089183 0.118229
15 0.047596 0.106250 0.083173 0.159375
15 0.010457 0.216927 0.020433 0.066146
15 0.019952 0.050260 0.039423 0.076563
15 0.015264 0.025781 0.028606 0.050521
15 0.065024 0.013542 0.034375 0.023958
15 0.189423 0.009635 0.018750 0.016146
