15 0.927163 0.047396 0.049038 0.091667
15 0.945192 0.139844 0.054327 0.120313
15 0.954567 0.309635 0.047596 0.131771
15 0.896154 0.294792 0.065865 0.134375
15 0.873678 0.176042 0.059375 0.096875
15 0.812380 0.192188 0.058413 0.106250
15 0.878726 0.084635 0.047356 0.097396
15 0.879327 0.017708 0.049519 0.034375
15 0.823798 0.078125 0.059135 0.126042
15 0.787981 0.032292 0.054808 0.063542
15 0.905889 0.410938 0.072356 0.082292
15 0.844952 0.364323 0.047596 0.123438
15 0.889543 0.480729 0.070433 0.084375
15 0.962019 0.492188 0.065385 0.128125
15 0.907212 0.601823 0.045192 0.164062
15 0.955889 0.622656 0.045913 0.145313
15 0.934736 0.738802 0.062260 0.120313
15 0.876803 0.667708 0.046875 0.126042
15 0.827524 0.645312 0.043990 0.141667
15 0.870313 0.826042 0.051202 0.081250
15 0.873558 0.931250 0.057212 0.128125
15 0.815024 0.854948 0.062260 0.141146
15 0.808293 0.963542 0.050721 0.072917
15 0.753846 0.925521 0.060096 0.100000
15 0.744712 0.841667 0.070673 0.102083
15 0.700240 0.929948 0.047115 0.098437
15 0.693510 0.990625 0.037019 0.018750
15 0.657933 0.931771 0.043269 0.136458
15 0.683293 0.801823 0.063221 0.105729
15 0.644952 0.782292 0.050481 0.076042
15 0.612740 0.971875 0.043269 0.055208
15 0.580168 0.935417 0.054087 0.128125
15 0.620913 0.872917 0.049519 0.139583
15 0.670673 0.702083 0.072596 0.082292
15 0.726082 0.736458 0.045433 0.107292
15 0.781731 0.727865 0.073558 0.093229
15 0.774880 0.625000 0.052163 0.117708
15 0.790505 0.516667 0.056010 0.123958
15 0.830649 0.488802 0.051202 0.100521
15 0.595313 0.742188 0.046394 0.123958
15 0.626442 0.654427 0.052404 0.095312
15 0.670793 0.601562 0.049279 0.109375
15 0.718510 0.637240 0.049519 0.102604
15 0.735457 0.521094 0.052644 0.125521
15 0.684976 0.509115 0.047837 0.130729
15 0.622356 0.547135 0.072115 0.110937
15 0.567548 0.647656 0.061058 0.142187
15 0.785697 0.396875 0.074279 0.097917
15 0.792668 0.296094 0.079087 0.099479
15 0.605409 0.467448 0.044952 0.072396
15 0.562981 0.486198 0.046154 0.097396
15 0.640264 0.403906 0.068990 0.141146
15 0.573558 0.391667 0.069231 0.104167
15 0.718389 0.308854 0.069952 0.141667
15 0.749038 0.193750 0.047115 0.077083
15 0.774760 0.126562 0.051923 0.130208
15 0.709976 0.188021 0.039183 0.136458
15 0.670312 0.248958 0.051683 0.103125
15 0.622356 0.276042 0.064904 0.119792
15 0.559976 0.286979 0.058413 0.106250
15 0.618149 0.175260 0.047356 0.081771
15 0.670913 0.150521 0.054327 0.102083
15 0.730168 0.061198 0.053606 0.121354
15 0.695793 0.026823 0.040144 0.052604
15 0.666947 0.054427 0.043510 0.077604
15 0.639904 0.027344 0.040865 0.053646
15 0.609135 0.014844 0.024038 0.028646
15 0.614423 0.098958 0.061538 0.102083
15 0.567548 0.169531 0.053846 0.127604
15 0.566346 0.048177 0.056731 0.095312
15 0.523317 0.110937 0.050481 0.121875
15 0.522596 0.223958 0.038942 0.098958
15 0.522115 0.334896 0.039904 0.097917
15 0.519952 0.458594 0.034135 0.138021
15 0.552524 0.561719 0.063702 0.088021
15 0.518029 0.657031 0.043269 0.090104
15 0.534856 0.758073 0.052885 0.101562
15 0.539904 0.886719 0.042788 0.156771
15 0.499038 0.838802 0.058173 0.125521
15 0.502163 0.952344 0.046154 0.095312
15 0.448317 0.934115 0.055288 0.119271
15 0.467909 0.770833 0.045913 0.125000
15 0.431250 0.758854 0.037500 0.168750
15 0.469471 0.660417 0.049038 0.083333
15 0.484014 0.593750 0.057933 0.078125
15 0.427163 0.623958 0.048077 0.082292
15 0.389543 0.785677 0.045433 0.141146
15 0.471514 0.514583 0.064663 0.123958
15 0.485216 0.390885 0.049760 0.126562
15 0.486779 0.280990 0.037500 0.110937
15 0.478365 0.178385 0.065385 0.085938
15 0.456490 0.242708 0.041827 0.093750
15 0.386899 0.983854 0.039183 0.030208
15 0.401082 0.926562 0.040625 0.115625
15 0.381611 0.657292 0.039663 0.161458
15 0.413341 0.523698 0.050240 0.118229
15 0.439784 0.435156 0.040625 0.118229
15 0.429567 0.345833 0.050481 0.103125
15 0.419351 0.262500 0.037740 0.076042
15 0.470553 0.081510 0.064183 0.115104
15 0.510216 0.023958 0.053606 0.043750
15 0.452284 0.030208 0.038702 0.057292
15 0.416106 0.025521 0.033173 0.050000
15 0.417788 0.089323 0.053846 0.080729
15 0.428005 0.179427 0.033413 0.092188
15 0.385337 0.393750 0.048077 0.140625
15 0.373918 0.265885 0.056010 0.089063
15 0.396394 0.321094 0.025000 0.030729
15 0.389784 0.219271 0.046875 0.058333
15 0.383413 0.133854 0.054808 0.096875
15 0.358293 0.095052 0.057933 0.081771
15 0.381971 0.027865 0.033654 0.054688
15 0.352885 0.182031 0.022115 0.083854
15 0.316947 0.194531 0.041587 0.126562
15 0.334135 0.320833 0.048558 0.107292
15 0.340024 0.413802 0.041587 0.080729
15 0.371394 0.487500 0.036058 0.103125
15 0.333774 0.513802 0.047837 0.105729
15 0.345192 0.628906 0.050962 0.114062
15 0.318870 0.700521 0.055529 0.103125
15 0.347837 0.815365 0.050962 0.161979
15 0.357091 0.914062 0.061779 0.109375
15 0.353846 0.983333 0.037019 0.031250
15 0.314183 0.981510 0.042308 0.036979
15 0.279687 0.954948 0.070913 0.089063
15 0.297957 0.846094 0.050721 0.129688
15 0.245913 0.867448 0.056731 0.118229
15 0.214663 0.955990 0.058173 0.080729
15 0.162139 0.946094 0.046875 0.106771
15 0.190024 0.867188 0.056010 0.111458
15 0.200481 0.764062 0.044712 0.102083
15 0.138221 0.822135 0.065865 0.138021
15 0.082812 0.932292 0.076202 0.085417
15 0.111779 0.989323 0.035096 0.019271
15 0.028005 0.972396 0.053606 0.047917
15 0.043269 0.830729 0.044231 0.147917
15 0.091947 0.786198 0.049279 0.146354
15 0.125962 0.677604 0.048077 0.134375
15 0.188822 0.662240 0.075721 0.090104
15 0.243870 0.640885 0.050721 0.100521
15 0.270313 0.716667 0.043510 0.146875
15 0.291587 0.581510 0.050481 0.125521
15 0.179327 0.578385 0.072115 0.083854
15 0.080889 0.658333 0.053606 0.120833
15 0.191827 0.511198 0.076442 0.090104
15 0.252885 0.488281 0.056250 0.123438
15 0.294351 0.435677 0.048798 0.109896
15 0.012740 0.765365 0.025000 0.118229
15 0.022837 0.647396 0.045192 0.101042
15 0.011178 0.545312 0.021875 0.103125
15 0.052404 0.522135 0.060096 0.116146
15 0.110697 0.528646 0.060337 0.147917
15 0.184976 0.434896 0.039183 0.061458
15 0.213221 0.382292 0.047596 0.103125
15 0.260216 0.336979 0.078125 0.122917
15 0.166106 0.349740 0.045192 0.090104
15 0.141827 0.406771 0.041346 0.142708
15 0.102163 0.405729 0.035577 0.100000
15 0.018029 0.420052 0.035577 0.121354
15 0.056250 0.363021 0.055769 0.150000
15 0.110096 0.303906 0.055769 0.093229
15 0.185577 0.259635 0.072115 0.107813
15 0.223678 0.219271 0.045913 0.082292
15 0.269351 0.245312 0.043510 0.062500
15 0.295913 0.357552 0.050481 0.055729
15 0.333534 0.317188 0.042548 0.103125
15 0.293990 0.221875 0.033654 0.095833
15 0.246635 0.168490 0.065865 0.077604
15 0.292308 0.133333 0.024038 0.076042
15 0.246034 0.067708 0.052163 0.098958
15 0.178365 0.153906 0.053365 0.113021
15 0.125601 0.212500 0.047837 0.114583
15 0.078245 0.242448 0.043510 0.116146
15 0.039543 0.202083 0.037740 0.116667
15 0.076322 0.140104 0.042067 0.088542
15 0.102043 0.084635 0.051202 0.109896
15 0.010337 0.282292 0.020192 0.119792
15 0.008413 0.159896 0.016346 0.101042
15 0.028365 0.080469 0.056250 0.113021
15 0.043510 0.030208 0.072115 0.059375
15 0.135937 0.035417 0.027644 0.069792
15 0.147596 0.109375 0.056731 0.088542
15 0.187620 0.041667 0.062740 0.068750
15 0.281490 0.054167 0.026923 0.076042
15 0.320312 0.066927 0.052644 0.116146
15 0.345313 0.030729 0.029087 0.060417
15 0.219471 0.100521 0.021154 0.085417
