15 0.978125 0.016927 0.035577 0.032813
15 0.982572 0.069531 0.034856 0.086979
15 0.955168 0.146094 0.071875 0.122396
15 0.951923 0.027344 0.020192 0.053646
15 0.923077 0.046875 0.046154 0.092708
15 0.882332 0.150260 0.076683 0.125521
15 0.852163 0.046875 0.095192 0.092708
15 0.833413 0.024479 0.057692 0.047917
15 0.816707 0.113281 0.071394 0.123438
15 0.994351 0.180990 0.011298 0.080729
15 0.956250 0.253646 0.085096 0.091667
15 0.988462 0.346094 0.023077 0.128646
15 0.906731 0.236719 0.052404 0.094271
15 0.873317 0.315625 0.056731 0.133333
15 0.892308 0.389323 0.041827 0.106771
15 0.940625 0.413542 0.051442 0.155208
15 0.833534 0.230208 0.065625 0.116667
15 0.770192 0.184635 0.059135 0.145313
15 0.772356 0.035937 0.048077 0.070833
15 0.719591 0.036198 0.062740 0.071354
15 0.711779 0.214062 0.061538 0.146875
15 0.640024 0.090365 0.081490 0.161979
15 0.676923 0.141146 0.050000 0.180208
15 0.831731 0.364844 0.050481 0.144271
15 0.795192 0.388802 0.041346 0.076563
15 0.762861 0.429948 0.033413 0.091146
15 0.758173 0.314583 0.073077 0.142708
15 0.708654 0.389583 0.064904 0.189583
15 0.664423 0.283854 0.038462 0.109375
15 0.618510 0.233073 0.063942 0.129688
15 0.627284 0.321354 0.050721 0.051042
15 0.633534 0.404427 0.086298 0.131771
15 0.616346 0.504948 0.047115 0.069271
15 0.669952 0.410938 0.032692 0.069792
15 0.674760 0.501563 0.071635 0.107292
15 0.644832 0.550781 0.073317 0.050521
15 0.874519 0.448698 0.036058 0.064062
15 0.916226 0.520833 0.044952 0.144792
15 0.969471 0.550521 0.028846 0.100000
15 0.932933 0.599740 0.054327 0.088021
15 0.873197 0.532292 0.054567 0.159375
15 0.816707 0.463802 0.066106 0.100521
15 0.777284 0.529167 0.042067 0.119792
15 0.736659 0.541927 0.046394 0.108854
15 0.697716 0.613802 0.037740 0.093229
15 0.644231 0.598698 0.067308 0.099479
15 0.601322 0.721354 0.081490 0.214583
15 0.655769 0.774740 0.053365 0.096354
15 0.726803 0.738542 0.119952 0.121875
15 0.791707 0.646354 0.042067 0.096875
15 0.751202 0.620833 0.059135 0.131250
15 0.668630 0.675260 0.050721 0.086979
15 0.827764 0.692969 0.060337 0.156771
15 0.904207 0.679427 0.074760 0.098437
15 0.878726 0.640104 0.041587 0.077083
15 0.958654 0.672917 0.035577 0.107292
15 0.956130 0.797135 0.043990 0.117188
15 0.914062 0.875521 0.043510 0.179167
15 0.917909 0.758594 0.057452 0.068229
15 0.865024 0.776042 0.073798 0.108333
15 0.861538 0.908333 0.062019 0.163542
15 0.893389 0.978385 0.031971 0.043229
15 0.944351 0.958073 0.067548 0.073438
15 0.947115 0.886458 0.036058 0.061458
15 0.807813 0.888802 0.050240 0.150521
15 0.810457 0.980469 0.050240 0.039062
15 0.763101 0.922396 0.047356 0.151042
15 0.719111 0.874740 0.043510 0.188021
15 0.669351 0.867188 0.056490 0.125000
15 0.676803 0.960677 0.061779 0.078646
15 0.625361 0.932552 0.041587 0.134896
15 0.577163 0.978646 0.048558 0.042708
15 0.577163 0.860417 0.084135 0.147917
15 0.589063 0.609635 0.050240 0.107813
15 0.539543 0.609896 0.065625 0.163542
15 0.508774 0.523958 0.046394 0.110417
15 0.559736 0.491146 0.083413 0.125000
15 0.572837 0.432292 0.046635 0.147917
15 0.573558 0.351562 0.055288 0.094792
15 0.578846 0.110937 0.064904 0.182292
15 0.555769 0.228906 0.066346 0.132812
15 0.518510 0.121615 0.051923 0.219271
15 0.489784 0.156510 0.047356 0.155729
15 0.518149 0.330990 0.054087 0.181771
15 0.494591 0.390625 0.056971 0.146875
15 0.489543 0.755208 0.059375 0.191667
15 0.500721 0.888021 0.072115 0.151042
15 0.538942 0.735156 0.051442 0.144271
15 0.489543 0.977604 0.095433 0.044792
15 0.443149 0.922656 0.043029 0.101562
15 0.468269 0.813542 0.038942 0.104167
15 0.456731 0.641406 0.051442 0.148438
15 0.443510 0.499479 0.083654 0.132292
15 0.413101 0.607031 0.033894 0.131771
15 0.441587 0.383073 0.050481 0.109896
15 0.458654 0.263281 0.063462 0.147396
15 0.440024 0.154427 0.051202 0.081771
15 0.477404 0.039844 0.064423 0.075521
15 0.431370 0.075260 0.072356 0.147396
15 0.401683 0.085677 0.029327 0.088021
15 0.360216 0.085156 0.058413 0.106771
15 0.381010 0.012500 0.030769 0.023958
15 0.339904 0.025000 0.050000 0.048958
15 0.388341 0.183594 0.068510 0.100521
15 0.387861 0.290625 0.087260 0.109375
15 0.387139 0.411719 0.074279 0.133854
15 0.366226 0.513021 0.072356 0.091667
15 0.364663 0.599740 0.073077 0.171354
15 0.411659 0.768750 0.081010 0.169792
15 0.360337 0.768229 0.033654 0.115625
15 0.418029 0.895052 0.049519 0.094271
15 0.367308 0.909115 0.067788 0.177604
15 0.311779 0.891927 0.046635 0.146354
15 0.301923 0.956771 0.049038 0.085417
15 0.309976 0.798438 0.061298 0.063542
15 0.322837 0.699219 0.077885 0.155729
15 0.321274 0.558594 0.036779 0.129688
15 0.276322 0.555990 0.062260 0.191146
15 0.267308 0.386979 0.053365 0.105208
15 0.314904 0.426302 0.067788 0.103646
15 0.252404 0.503385 0.036058 0.109896
15 0.256971 0.930990 0.056731 0.138021
15 0.212139 0.942708 0.038702 0.114583
15 0.244952 0.824740 0.049038 0.109896
15 0.262260 0.712240 0.049038 0.117188
15 0.235697 0.628125 0.043510 0.097917
15 0.264062 0.292969 0.078125 0.110937
15 0.323317 0.209375 0.061538 0.167708
15 0.325601 0.335417 0.064663 0.083333
15 0.312260 0.103646 0.056731 0.104167
15 0.290024 0.031250 0.054567 0.061458
15 0.239423 0.027083 0.061058 0.053125
15 0.252764 0.105990 0.066106 0.126562
15 0.239063 0.205990 0.078606 0.108854
15 0.209615 0.263802 0.036538 0.068229
15 0.209255 0.101562 0.037260 0.118750
15 0.172596 0.204427 0.049519 0.109896
15 0.151562 0.265625 0.081971 0.114583
15 0.165144 0.077344 0.071635 0.151562
15 0.103005 0.040104 0.067548 0.079167
15 0.120673 0.152604 0.049519 0.109375
15 0.201803 0.379167 0.081971 0.156250
15 0.182332 0.452865 0.058894 0.084896
15 0.128365 0.397917 0.070192 0.127083
15 0.141226 0.524479 0.057933 0.090625
15 0.189183 0.563542 0.090865 0.186458
15 0.204087 0.722656 0.074038 0.195312
15 0.152524 0.877344 0.068029 0.159896
15 0.193269 0.882552 0.055288 0.115104
15 0.161058 0.959635 0.059615 0.076563
15 0.127284 0.969010 0.031010 0.061979
15 0.087981 0.948698 0.051923 0.102604
15 0.112740 0.809635 0.072596 0.166146
15 0.141707 0.670312 0.063221 0.132292
15 0.032212 0.927865 0.051923 0.138021
15 0.058774 0.878125 0.035817 0.106250
15 0.060096 0.764844 0.047596 0.128646
15 0.017909 0.800000 0.035337 0.112500
15 0.025721 0.663281 0.050962 0.164062
15 0.082332 0.627865 0.066106 0.142187
15 0.038101 0.540885 0.075240 0.153646
15 0.090745 0.482031 0.058894 0.163021
15 0.078125 0.376042 0.063942 0.143750
15 0.022356 0.390365 0.044231 0.142187
15 0.091226 0.251042 0.084375 0.139583
15 0.041466 0.285677 0.050240 0.105729
15 0.022957 0.257292 0.045433 0.109375
15 0.059736 0.117188 0.097356 0.135417
15 0.012620 0.124479 0.024760 0.161458
