15 0.826042 0.007692 0.066667 0.014904
15 0.789844 0.023317 0.088021 0.041346
15 0.736979 0.060577 0.107292 0.028365
15 0.873437 0.059255 0.068750 0.046394
15 0.842187 0.087139 0.098958 0.033894
15 0.756250 0.089423 0.111458 0.054808
15 0.867448 0.125962 0.090104 0.044712
15 0.883333 0.156611 0.064583 0.036779
15 0.817448 0.160337 0.070312 0.044712
15 0.757292 0.160938 0.070833 0.050721
15 0.855990 0.200721 0.110937 0.036058
15 0.790885 0.245072 0.048438 0.049279
15 0.867708 0.266106 0.076042 0.026923
15 0.731510 0.264423 0.077604 0.051923
15 0.713542 0.213221 0.071875 0.033173
15 0.694010 0.184856 0.089063 0.033173
15 0.613542 0.186659 0.069792 0.042067
15 0.624740 0.221875 0.086979 0.032212
15 0.648438 0.264062 0.104167 0.048798
15 0.546094 0.212380 0.069271 0.054087
15 0.615885 0.019471 0.067187 0.038462
15 0.614323 0.058534 0.070312 0.044471
15 0.575781 0.088582 0.060937 0.032452
15 0.548177 0.051442 0.057813 0.037500
15 0.495312 0.056250 0.052083 0.050962
15 0.439583 0.058654 0.062500 0.060096
15 0.385417 0.054688 0.060417 0.049760
15 0.360417 0.025240 0.077083 0.041827
15 0.325781 0.065625 0.064062 0.047115
15 0.263021 0.087260 0.075000 0.029808
15 0.207813 0.083654 0.034375 0.035096
15 0.238021 0.050601 0.098958 0.037260
15 0.224740 0.015986 0.068229 0.031490
15 0.147917 0.045793 0.094792 0.028125
15 0.122135 0.063221 0.053646 0.023077
15 0.089844 0.089183 0.052604 0.032692
15 0.163802 0.086178 0.067187 0.045913
15 0.146615 0.129087 0.066146 0.035577
15 0.087240 0.129327 0.046354 0.049038
15 0.246875 0.118750 0.128125 0.033173
15 0.225781 0.156250 0.084896 0.031250
15 0.298958 0.172356 0.058333 0.025962
15 0.372656 0.164183 0.071354 0.039423
15 0.427344 0.150240 0.060937 0.043269
15 0.488802 0.162620 0.068229 0.045913
15 0.361979 0.126322 0.087500 0.039663
15 0.337760 0.097837 0.095312 0.022115
15 0.409635 0.096394 0.066146 0.037019
15 0.489844 0.113822 0.084896 0.036779
15 0.542708 0.102524 0.083333 0.034856
15 0.549219 0.135817 0.090104 0.031731
15 0.289844 0.204327 0.094271 0.030769
15 0.208854 0.171635 0.055208 0.023558
15 0.158594 0.164303 0.038021 0.037260
15 0.111458 0.174038 0.072917 0.055769
15 0.122656 0.206490 0.061979 0.035096
15 0.198698 0.200000 0.090104 0.031250
15 0.168750 0.222476 0.084375 0.027163
15 0.258073 0.234495 0.080729 0.031971
15 0.343229 0.233654 0.078125 0.046154
15 0.438281 0.250721 0.131771 0.042788
15 0.310677 0.276562 0.059896 0.042067
15 0.374479 0.286418 0.075000 0.042067
15 0.484115 0.286899 0.106771 0.035817
15 0.423698 0.315745 0.094271 0.039663
15 0.496875 0.326803 0.078125 0.040625
15 0.436198 0.348918 0.048438 0.026202
15 0.570573 0.331370 0.061979 0.034856
15 0.626563 0.325120 0.110417 0.040144
15 0.620833 0.295673 0.080208 0.020192
15 0.658073 0.347236 0.086979 0.030048
15 0.583594 0.361058 0.094271 0.020192
15 0.730990 0.351202 0.091146 0.039904
15 0.836979 0.321034 0.102083 0.046875
15 0.800781 0.373437 0.091146 0.045913
15 0.249479 0.271995 0.073958 0.047837
15 0.180990 0.254567 0.067187 0.025000
15 0.105469 0.247356 0.079687 0.044712
15 0.115885 0.282572 0.070312 0.037740
15 0.180990 0.285938 0.071354 0.039183
15 0.140104 0.309014 0.044792 0.021875
15 0.157292 0.323918 0.087500 0.040144
15 0.235677 0.318149 0.066146 0.018029
15 0.304427 0.317909 0.060937 0.024760
15 0.289583 0.341226 0.057292 0.035337
15 0.250000 0.355889 0.101042 0.033894
15 0.211458 0.343389 0.071875 0.037260
15 0.238281 0.386779 0.093229 0.039904
15 0.328906 0.389904 0.065104 0.046154
15 0.364063 0.342548 0.105208 0.046154
15 0.408333 0.374760 0.061458 0.029808
15 0.358594 0.406010 0.050521 0.044712
15 0.303125 0.421034 0.068750 0.053606
15 0.355208 0.446394 0.076042 0.033173
15 0.414323 0.443149 0.039062 0.026683
15 0.468229 0.442668 0.102083 0.036779
15 0.453125 0.401803 0.110417 0.034375
15 0.517708 0.419712 0.103125 0.029327
15 0.528906 0.389303 0.064062 0.035337
15 0.484635 0.365144 0.098437 0.038942
15 0.594792 0.397716 0.054167 0.048798
15 0.662760 0.381971 0.082812 0.037981
15 0.653646 0.416827 0.075000 0.032212
15 0.736458 0.413822 0.087500 0.044471
15 0.801823 0.423678 0.093229 0.045433
15 0.842448 0.431010 0.046354 0.042788
15 0.891146 0.410697 0.055208 0.038221
15 0.890885 0.442788 0.068229 0.029327
15 0.874479 0.475481 0.092708 0.044712
15 0.749219 0.458413 0.086979 0.034615
15 0.681771 0.451322 0.050000 0.041106
15 0.624479 0.463582 0.054167 0.037260
15 0.583854 0.436538 0.091667 0.022596
15 0.562240 0.462620 0.075521 0.029087
15 0.523438 0.485457 0.059375 0.047356
15 0.589063 0.491947 0.083333 0.037740
15 0.453646 0.472236 0.094792 0.032452
15 0.377344 0.479687 0.106771 0.041106
15 0.450000 0.515986 0.087500 0.053606
15 0.521354 0.528365 0.093750 0.036538
15 0.659375 0.497236 0.094792 0.042067
15 0.725781 0.501202 0.107813 0.052404
15 0.800521 0.475120 0.059375 0.036779
15 0.822656 0.509976 0.073438 0.053125
15 0.897917 0.520312 0.053125 0.042548
15 0.876042 0.550361 0.106250 0.030529
15 0.883073 0.578365 0.076563 0.028365
15 0.795833 0.553486 0.069792 0.042067
15 0.722917 0.539543 0.083333 0.029567
15 0.644010 0.550361 0.058854 0.039663
15 0.601302 0.534736 0.089063 0.041106
15 0.528125 0.555409 0.061458 0.024279
15 0.457552 0.549760 0.050521 0.030288
15 0.489844 0.583413 0.063021 0.037019
15 0.540625 0.597596 0.083333 0.042788
15 0.585417 0.579928 0.090625 0.033413
15 0.643229 0.593269 0.072917 0.034615
15 0.700521 0.570192 0.102083 0.028365
15 0.833594 0.602764 0.104688 0.032452
15 0.903125 0.625962 0.046875 0.035577
15 0.881250 0.656010 0.091667 0.042788
15 0.808594 0.650481 0.050521 0.039423
15 0.873958 0.689423 0.097917 0.048077
15 0.783333 0.692428 0.107292 0.041587
15 0.719531 0.672476 0.065104 0.046394
15 0.667188 0.662500 0.060417 0.040385
15 0.725000 0.624159 0.080208 0.036298
15 0.641146 0.635577 0.106250 0.045192
15 0.566146 0.643990 0.089583 0.043269
15 0.603646 0.680168 0.057292 0.025721
15 0.630469 0.700721 0.065104 0.030769
15 0.141927 0.598678 0.103646 0.036779
15 0.115625 0.704567 0.078125 0.052404
15 0.688281 0.708053 0.091146 0.026683
15 0.669792 0.733654 0.085417 0.021154
15 0.798698 0.729327 0.103646 0.031250
15 0.894271 0.731851 0.079167 0.031971
15 0.891146 0.766346 0.081250 0.041827
15 0.795833 0.765865 0.095833 0.049519
15 0.703646 0.765986 0.111458 0.052163
15 0.622135 0.797596 0.124479 0.028846
15 0.762760 0.806971 0.126562 0.031250
15 0.822917 0.830529 0.088542 0.056250
15 0.888281 0.874399 0.074479 0.055529
15 0.872917 0.910096 0.089583 0.041346
15 0.785417 0.880409 0.060417 0.043990
15 0.719531 0.898678 0.066146 0.048317
15 0.692708 0.866827 0.100000 0.042308
15 0.644792 0.835577 0.102083 0.039423
15 0.557031 0.820913 0.089063 0.036058
15 0.527865 0.861298 0.073438 0.045673
15 0.600521 0.875601 0.076042 0.041106
15 0.476562 0.837380 0.073958 0.064663
15 0.404167 0.862620 0.073958 0.046394
15 0.400781 0.900240 0.115104 0.029808
15 0.234115 0.931370 0.101562 0.039663
15 0.176563 0.889423 0.078125 0.032212
15 0.128906 0.865144 0.093229 0.048077
15 0.584115 0.919591 0.133854 0.042067
15 0.665885 0.925721 0.060937 0.025000
15 0.704688 0.940625 0.076042 0.028365
15 0.779167 0.920192 0.106250 0.028846
15 0.889323 0.940144 0.085938 0.022115
15 0.792708 0.949519 0.095833 0.027885
15 0.716927 0.973317 0.058854 0.044712
15 0.644531 0.972837 0.057813 0.046635
15 0.831250 0.982572 0.101042 0.034856
15 0.902344 0.980409 0.067187 0.037740
