15 0.945833 0.022236 0.108333 0.043029
15 0.816146 0.023197 0.093750 0.045913
15 0.900521 0.065625 0.133333 0.043269
15 0.990625 0.061418 0.018750 0.030529
15 0.940625 0.107933 0.116667 0.048077
15 0.792448 0.071995 0.124479 0.046394
15 0.824479 0.122476 0.121875 0.045433
15 0.897656 0.163341 0.091146 0.057452
15 0.982031 0.146034 0.035937 0.044952
15 0.933073 0.194471 0.127604 0.051923
15 0.825521 0.201322 0.097917 0.045433
15 0.719271 0.181130 0.129167 0.068510
15 0.711979 0.110337 0.088542 0.071154
15 0.715365 0.039543 0.074479 0.063221
15 0.617708 0.030409 0.108333 0.050721
15 0.545573 0.012620 0.066146 0.024760
15 0.624740 0.087981 0.101562 0.066346
15 0.557031 0.147957 0.057813 0.072837
15 0.633594 0.153606 0.069271 0.059615
15 0.581510 0.217188 0.114062 0.065144
15 0.689583 0.240264 0.084375 0.044471
15 0.779427 0.244471 0.059896 0.061058
15 0.870052 0.235577 0.090104 0.026923
15 0.966927 0.249519 0.066146 0.035096
15 0.982031 0.223077 0.035937 0.028846
15 0.900521 0.267668 0.108333 0.045433
15 0.975781 0.293990 0.048438 0.028365
15 0.504948 0.075361 0.093229 0.068510
15 0.463542 0.041226 0.105208 0.048317
15 0.399479 0.081250 0.088542 0.045673
15 0.358333 0.042548 0.065625 0.036538
15 0.258333 0.042067 0.117708 0.078846
15 0.153385 0.044952 0.078646 0.071635
15 0.086979 0.102644 0.093750 0.053846
15 0.183594 0.112981 0.127604 0.049038
15 0.252865 0.164663 0.095312 0.058173
15 0.366667 0.181611 0.100000 0.042548
15 0.404948 0.134736 0.158854 0.044471
15 0.470313 0.181490 0.098958 0.084615
15 0.422917 0.246635 0.095833 0.042308
15 0.323177 0.226442 0.090104 0.043750
15 0.218229 0.223438 0.103125 0.049760
15 0.132552 0.166587 0.152604 0.063942
15 0.069531 0.205649 0.138021 0.042067
15 0.020052 0.170553 0.039062 0.019952
15 0.020313 0.137861 0.039583 0.036779
15 0.022656 0.094952 0.044271 0.040385
15 0.052604 0.057572 0.104167 0.031010
15 0.023958 0.250721 0.046875 0.037981
15 0.096354 0.260457 0.083333 0.048798
15 0.213802 0.279447 0.133854 0.067548
15 0.318490 0.275962 0.096354 0.045673
15 0.492188 0.266587 0.068750 0.080288
15 0.396615 0.296995 0.100521 0.047837
15 0.598177 0.272957 0.109896 0.046394
15 0.702865 0.286298 0.083854 0.039904
15 0.779687 0.307812 0.078125 0.040625
15 0.817708 0.285457 0.046875 0.024760
15 0.885938 0.325601 0.121875 0.058413
15 0.839844 0.367909 0.093229 0.034856
15 0.961458 0.352885 0.077083 0.046154
15 0.741406 0.352524 0.135937 0.061298
15 0.696354 0.322837 0.089583 0.048077
15 0.583333 0.324519 0.136458 0.060096
15 0.461719 0.359856 0.067187 0.041346
15 0.427865 0.334736 0.079687 0.032452
15 0.378906 0.370553 0.082812 0.073317
15 0.303385 0.325120 0.077604 0.037740
15 0.245052 0.356490 0.180729 0.040865
15 0.202604 0.320312 0.106250 0.034856
15 0.096615 0.312861 0.102604 0.053606
15 0.121354 0.360938 0.104167 0.031010
15 0.173958 0.393149 0.079167 0.033894
15 0.264062 0.399159 0.068750 0.042067
15 0.308333 0.435577 0.085417 0.074038
15 0.408594 0.462620 0.102604 0.067548
15 0.436979 0.431250 0.060417 0.028365
15 0.488281 0.410216 0.089063 0.055048
15 0.602083 0.401082 0.102083 0.026683
15 0.544271 0.368510 0.086458 0.041346
15 0.574740 0.442668 0.132812 0.049279
15 0.696875 0.415144 0.072917 0.042308
15 0.801042 0.413942 0.089583 0.062500
15 0.958333 0.405168 0.083333 0.056490
15 0.940365 0.446514 0.119271 0.041587
15 0.827344 0.474639 0.098437 0.044952
15 0.931510 0.492308 0.136979 0.048077
15 0.726302 0.480889 0.093229 0.040625
15 0.653125 0.520312 0.069792 0.045913
15 0.804167 0.527284 0.139583 0.048798
15 0.930208 0.553846 0.117708 0.056250
15 0.658333 0.446154 0.039583 0.063942
15 0.745313 0.442548 0.070833 0.024038
15 0.531510 0.482332 0.134896 0.044952
15 0.553125 0.520312 0.100000 0.033894
15 0.454948 0.549279 0.142187 0.043750
15 0.180729 0.434255 0.115625 0.042548
15 0.068490 0.392668 0.135937 0.031010
15 0.177344 0.392428 0.061979 0.028606
15 0.034896 0.437019 0.068750 0.035577
15 0.104427 0.441587 0.061979 0.043269
15 0.039323 0.479808 0.077604 0.046154
15 0.145573 0.490865 0.141146 0.056731
15 0.293750 0.504207 0.116667 0.033894
15 0.230990 0.470553 0.041146 0.022837
15 0.081250 0.531731 0.111458 0.032212
15 0.073438 0.577043 0.100000 0.049279
15 0.184896 0.577885 0.114583 0.041346
15 0.273958 0.550841 0.104167 0.039183
15 0.219010 0.521995 0.044271 0.016587
15 0.352865 0.521274 0.061979 0.025240
15 0.368229 0.569111 0.139583 0.033413
15 0.278646 0.600361 0.080208 0.026683
15 0.357552 0.611418 0.093229 0.041106
15 0.450000 0.611058 0.103125 0.059615
15 0.575521 0.594591 0.117708 0.055529
15 0.542969 0.563582 0.072396 0.031490
15 0.468229 0.550361 0.139583 0.044471
15 0.432292 0.519952 0.081250 0.026442
15 0.668229 0.588942 0.061458 0.068269
15 0.754948 0.597115 0.104688 0.046635
15 0.780469 0.562139 0.097396 0.019471
15 0.899479 0.602764 0.095833 0.035337
15 0.849219 0.645312 0.097396 0.053125
15 0.970833 0.638822 0.058333 0.067067
15 0.017969 0.580409 0.034896 0.035817
15 0.027344 0.630769 0.053646 0.050481
15 0.116146 0.631611 0.136458 0.054087
15 0.104688 0.666106 0.111458 0.012981
15 0.228125 0.644591 0.127083 0.056010
15 0.365625 0.668149 0.137500 0.067067
15 0.438802 0.670553 0.040104 0.044471
15 0.519271 0.643029 0.098958 0.036058
15 0.620833 0.640865 0.087500 0.042788
15 0.725521 0.653125 0.084375 0.059135
15 0.882031 0.706490 0.089063 0.040385
15 0.922917 0.656611 0.047917 0.054087
15 0.965885 0.690745 0.068229 0.031490
15 0.948958 0.731130 0.094792 0.045913
15 0.851042 0.750361 0.082292 0.049279
15 0.776823 0.703005 0.095312 0.037260
15 0.696094 0.708413 0.063021 0.044231
15 0.627344 0.684615 0.118229 0.039904
15 0.510938 0.708774 0.095833 0.044952
15 0.504427 0.672236 0.101562 0.023317
15 0.411979 0.716466 0.073958 0.027163
15 0.308073 0.709976 0.057813 0.044952
15 0.365885 0.731490 0.049479 0.032212
15 0.333854 0.782212 0.056250 0.080288
15 0.468490 0.753005 0.183854 0.043510
15 0.406771 0.817187 0.076042 0.083413
15 0.583594 0.778365 0.059896 0.060096
15 0.507552 0.801803 0.075521 0.048798
15 0.583073 0.829928 0.130729 0.039183
15 0.492448 0.845793 0.092188 0.047837
15 0.661198 0.788582 0.075521 0.063702
15 0.762240 0.774639 0.102604 0.036298
15 0.757552 0.735457 0.101562 0.031010
15 0.933854 0.787500 0.102083 0.063462
15 0.951823 0.835337 0.096354 0.041346
15 0.878125 0.867788 0.077083 0.068269
15 0.944531 0.891226 0.110937 0.046875
15 0.944271 0.957091 0.107292 0.064183
15 0.851823 0.955168 0.089063 0.059375
15 0.788802 0.912861 0.166146 0.039183
15 0.780990 0.860577 0.091146 0.050000
15 0.750260 0.814303 0.061979 0.034856
15 0.684635 0.842067 0.080729 0.042788
15 0.669531 0.883774 0.124479 0.039183
15 0.648698 0.930769 0.116146 0.046154
15 0.631771 0.976322 0.120833 0.043510
15 0.579688 0.890745 0.079167 0.050721
15 0.551302 0.940144 0.078646 0.045673
15 0.469271 0.893029 0.111458 0.053846
15 0.463542 0.939543 0.096875 0.056971
15 0.493490 0.982692 0.141146 0.034615
15 0.383594 0.968029 0.065104 0.063942
15 0.348698 0.905048 0.110937 0.072115
15 0.303646 0.979447 0.078125 0.041106
15 0.227865 0.966106 0.114062 0.060096
15 0.065885 0.982332 0.130729 0.035337
15 0.052344 0.941587 0.071354 0.050000
15 0.137500 0.934375 0.121875 0.045673
15 0.246615 0.907212 0.063021 0.039423
15 0.271615 0.865745 0.067187 0.041106
15 0.335938 0.844231 0.082292 0.034615
15 0.247656 0.805649 0.111979 0.057452
15 0.135677 0.845313 0.185938 0.039663
15 0.079687 0.892909 0.078125 0.044952
15 0.030990 0.840986 0.057813 0.064183
15 0.026042 0.792428 0.051042 0.052644
15 0.075260 0.787260 0.049479 0.035096
15 0.154167 0.780649 0.081250 0.049279
15 0.131510 0.814063 0.098437 0.025240
15 0.244271 0.746755 0.103125 0.067548
15 0.216406 0.695793 0.093229 0.034375
15 0.098437 0.735337 0.171875 0.055288
15 0.032552 0.699159 0.064062 0.068990
15 0.119792 0.688582 0.091667 0.028606
