15 0.985677 0.986779 0.028646 0.020673
15 0.960677 0.956611 0.067187 0.041587
15 0.914583 0.987260 0.095833 0.025481
15 0.882031 0.959375 0.083854 0.055769
15 0.826302 0.985457 0.064062 0.029087
15 0.735677 0.971755 0.114062 0.056490
15 0.671615 0.992909 0.070312 0.014183
15 0.653906 0.969952 0.063021 0.026442
15 0.576302 0.981010 0.101562 0.037981
15 0.530208 0.959014 0.111458 0.043510
15 0.465365 0.991947 0.074479 0.016106
15 0.613281 0.942067 0.086979 0.040865
15 0.650521 0.921274 0.131250 0.036298
15 0.802083 0.933173 0.119792 0.062500
15 0.956250 0.909014 0.087500 0.056971
15 0.881250 0.920433 0.070833 0.021635
15 0.873437 0.886298 0.091667 0.057692
15 0.946354 0.861418 0.107292 0.041106
15 0.917708 0.876202 0.043750 0.024038
15 0.813542 0.898317 0.047917 0.010096
15 0.717448 0.895673 0.047396 0.027404
15 0.484896 0.907692 0.092708 0.033173
15 0.517188 0.921034 0.101042 0.040625
15 0.666667 0.877404 0.117708 0.069231
15 0.774740 0.857212 0.100521 0.074038
15 0.452865 0.972596 0.077604 0.023077
15 0.411979 0.939663 0.122917 0.041827
15 0.391406 0.981611 0.074479 0.036779
15 0.339583 0.957572 0.033333 0.055048
15 0.290365 0.967909 0.081771 0.064183
15 0.324219 0.993510 0.054688 0.012981
15 0.282552 0.925120 0.147396 0.056490
15 0.232292 0.954928 0.077083 0.025240
15 0.197135 0.969351 0.077604 0.050721
15 0.136719 0.988221 0.095312 0.023558
15 0.116927 0.958173 0.094271 0.052885
15 0.055469 0.992909 0.066146 0.014183
15 0.035937 0.964784 0.070833 0.043029
15 0.085156 0.915625 0.120313 0.058654
15 0.024479 0.909135 0.047917 0.066346
15 0.164583 0.871995 0.094792 0.036298
15 0.168750 0.903726 0.042708 0.037260
15 0.238021 0.884856 0.075000 0.028846
15 0.305990 0.874399 0.051562 0.043990
15 0.379167 0.872837 0.086458 0.039904
15 0.503125 0.868029 0.118750 0.050000
15 0.080729 0.865505 0.116667 0.043029
15 0.041927 0.828726 0.082812 0.049760
15 0.167969 0.839063 0.078646 0.029567
15 0.250521 0.855409 0.079167 0.029567
15 0.371094 0.827524 0.150521 0.052644
15 0.457813 0.848437 0.086458 0.063221
15 0.526563 0.814543 0.103125 0.049760
15 0.178385 0.808654 0.097396 0.036058
15 0.267708 0.819471 0.138542 0.046635
15 0.408594 0.801322 0.069271 0.028125
15 0.943750 0.822356 0.112500 0.035577
15 0.822135 0.819231 0.105729 0.069231
15 0.703906 0.814063 0.098437 0.051202
15 0.628646 0.859255 0.110417 0.060337
15 0.615365 0.801562 0.086979 0.054087
15 0.579948 0.841587 0.082812 0.033173
15 0.907813 0.788822 0.080208 0.048798
15 0.974740 0.790505 0.050521 0.034856
15 0.828125 0.762500 0.107292 0.063942
15 0.698698 0.767668 0.148438 0.046875
15 0.528906 0.767788 0.093229 0.050000
15 0.460938 0.780288 0.084375 0.068750
15 0.390625 0.762380 0.095833 0.058894
15 0.307552 0.766226 0.082812 0.056971
15 0.214323 0.765745 0.105729 0.055529
15 0.120833 0.781731 0.085417 0.048558
15 0.162760 0.783894 0.060937 0.017308
15 0.045052 0.783293 0.089063 0.039663
15 0.064062 0.752885 0.127083 0.044712
15 0.070052 0.708894 0.108854 0.048077
15 0.153646 0.728245 0.119792 0.043990
15 0.013542 0.688582 0.026042 0.072837
15 0.060677 0.665505 0.070312 0.033894
15 0.168750 0.696995 0.152083 0.054087
15 0.285417 0.718630 0.097917 0.052163
15 0.411458 0.709615 0.150000 0.051923
15 0.495833 0.739183 0.108333 0.024519
15 0.351823 0.671635 0.122396 0.041827
15 0.512760 0.694952 0.074479 0.019231
15 0.535156 0.713822 0.089063 0.021875
15 0.646094 0.699279 0.140104 0.056250
15 0.601042 0.742188 0.108333 0.047356
15 0.729688 0.727404 0.112500 0.036058
15 0.812240 0.713702 0.073438 0.033654
15 0.895573 0.726923 0.103646 0.040385
15 0.951302 0.755649 0.097396 0.037260
15 0.972135 0.712500 0.055729 0.062981
15 0.900781 0.694471 0.138021 0.035096
15 0.785937 0.682332 0.064583 0.028125
15 0.733594 0.699519 0.031771 0.014423
15 0.968229 0.673197 0.063542 0.010337
15 0.938542 0.643269 0.122917 0.044712
15 0.918750 0.619591 0.139583 0.029087
15 0.854167 0.641587 0.053125 0.026442
15 0.788281 0.639784 0.182812 0.054567
15 0.694792 0.669471 0.108333 0.049519
15 0.555469 0.642067 0.114062 0.037500
15 0.508333 0.666106 0.176042 0.054808
15 0.613542 0.633654 0.147917 0.035096
15 0.683854 0.610938 0.107292 0.038702
15 0.267969 0.686418 0.052604 0.021394
15 0.275781 0.647476 0.075521 0.047837
15 0.158594 0.652163 0.149479 0.065865
15 0.047135 0.627524 0.093229 0.047837
15 0.110677 0.596154 0.113021 0.062500
15 0.232292 0.616947 0.120833 0.032452
15 0.258333 0.584856 0.086458 0.055288
15 0.350521 0.616827 0.119792 0.062500
15 0.443750 0.651683 0.070833 0.048558
15 0.504687 0.665865 0.175000 0.057692
15 0.560677 0.641827 0.100521 0.038942
15 0.588281 0.600240 0.075521 0.031250
15 0.027344 0.590144 0.051562 0.051442
15 0.056771 0.541707 0.105208 0.051202
15 0.161719 0.563822 0.111979 0.063221
15 0.237500 0.536178 0.083333 0.037260
15 0.300260 0.560577 0.088021 0.058654
15 0.388542 0.543750 0.078125 0.041346
15 0.392969 0.580529 0.078646 0.029327
15 0.473177 0.556370 0.073438 0.027163
15 0.560156 0.565144 0.093229 0.056250
15 0.657552 0.581370 0.105729 0.051202
15 0.473438 0.599279 0.109375 0.061538
15 0.690885 0.556971 0.067187 0.044231
15 0.764323 0.552404 0.084896 0.076442
15 0.905469 0.589183 0.050521 0.031250
15 0.826042 0.589543 0.111458 0.066106
15 0.753125 0.603125 0.033333 0.023077
15 0.953646 0.584856 0.092708 0.044231
15 0.956250 0.550361 0.084375 0.043029
15 0.861198 0.552404 0.100521 0.036538
15 0.883594 0.527885 0.135937 0.025962
15 0.684896 0.518510 0.095833 0.034135
15 0.615885 0.498558 0.110937 0.041346
15 0.513802 0.506130 0.084896 0.063702
15 0.446094 0.519111 0.100521 0.047356
15 0.753906 0.494231 0.059896 0.030769
15 0.822917 0.503245 0.153125 0.035337
15 0.939063 0.509736 0.082292 0.042548
15 0.984635 0.498918 0.030729 0.035817
15 0.978646 0.463942 0.042708 0.033173
15 0.914323 0.466226 0.108854 0.056490
15 0.816406 0.473678 0.083854 0.026202
15 0.732552 0.455889 0.080729 0.050240
15 0.800781 0.439543 0.109896 0.043990
15 0.874219 0.447837 0.070312 0.043750
15 0.948177 0.416947 0.097396 0.054567
15 0.621875 0.457212 0.102083 0.040385
15 0.547656 0.475601 0.089063 0.045913
15 0.676823 0.423678 0.103646 0.052163
15 0.618229 0.414183 0.054167 0.048558
15 0.565625 0.417187 0.107292 0.041587
15 0.529167 0.421394 0.083333 0.062500
15 0.833594 0.402885 0.107813 0.040865
15 0.448698 0.474519 0.121354 0.046154
15 0.347656 0.488702 0.085938 0.067788
15 0.303125 0.510096 0.060417 0.040865
15 0.225781 0.508654 0.109896 0.039904
15 0.114583 0.507933 0.123958 0.037981
15 0.182031 0.471755 0.067187 0.062260
15 0.247917 0.460457 0.086458 0.049279
15 0.193750 0.423197 0.095833 0.033413
15 0.087240 0.420553 0.107813 0.054087
15 0.270052 0.414303 0.058854 0.054087
15 0.317708 0.424519 0.088542 0.072115
15 0.073698 0.475240 0.143229 0.056731
15 0.019792 0.508173 0.038542 0.028365
15 0.032813 0.435577 0.064583 0.028365
15 0.048698 0.381731 0.096354 0.051923
15 0.092188 0.369712 0.106250 0.043750
15 0.169792 0.395553 0.106250 0.036298
15 0.267448 0.370673 0.091146 0.036538
15 0.353385 0.377885 0.072396 0.027404
15 0.436979 0.396514 0.126042 0.061779
15 0.386719 0.439784 0.080729 0.038702
15 0.508854 0.385216 0.050000 0.042067
15 0.579948 0.363942 0.080729 0.042308
15 0.656771 0.375481 0.087500 0.050000
15 0.617448 0.412139 0.048438 0.045433
15 0.754167 0.379447 0.096875 0.036779
15 0.951042 0.373077 0.093750 0.033173
15 0.992708 0.392548 0.014583 0.027885
15 0.855208 0.368029 0.081250 0.028365
15 0.981250 0.337019 0.037500 0.033654
15 0.919010 0.343750 0.092188 0.051923
15 0.782031 0.340505 0.178646 0.042548
15 0.698438 0.316226 0.108333 0.048317
15 0.808594 0.304808 0.111979 0.032692
15 0.965625 0.313341 0.061458 0.014183
15 0.911979 0.286298 0.131250 0.059615
15 0.983073 0.284255 0.033854 0.040144
15 0.948438 0.254567 0.095833 0.021635
15 0.990365 0.235937 0.019271 0.026683
15 0.780469 0.268149 0.091146 0.040144
15 0.849740 0.234736 0.081771 0.071394
15 0.929427 0.219231 0.092188 0.043750
15 0.757552 0.223798 0.104688 0.038462
15 0.678385 0.266346 0.108854 0.046154
15 0.620052 0.247476 0.078646 0.056010
15 0.561198 0.292909 0.036979 0.034856
15 0.600781 0.315625 0.085938 0.075962
15 0.529687 0.336659 0.071875 0.059856
15 0.453646 0.342548 0.082292 0.047596
15 0.394010 0.333894 0.057813 0.053365
15 0.326302 0.336418 0.093229 0.057933
15 0.261458 0.291827 0.078125 0.043269
15 0.346875 0.280168 0.111458 0.055048
15 0.472917 0.288462 0.116667 0.050481
15 0.528646 0.246635 0.110417 0.041827
15 0.394010 0.239423 0.149479 0.047596
15 0.908854 0.177885 0.094792 0.040865
15 0.968750 0.173798 0.062500 0.036538
15 0.791667 0.180168 0.150000 0.042548
15 0.677344 0.203005 0.074479 0.059375
15 0.579688 0.198678 0.147917 0.054567
15 0.508073 0.185216 0.158854 0.056971
15 0.385937 0.180288 0.090625 0.068269
15 0.302865 0.190024 0.070312 0.051683
15 0.267708 0.165385 0.077083 0.043269
15 0.234115 0.217188 0.108854 0.053606
15 0.190885 0.185457 0.088021 0.066587
15 0.344271 0.140385 0.077083 0.038462
15 0.421615 0.141346 0.079687 0.045673
15 0.441927 0.117909 0.097396 0.033894
15 0.533854 0.134736 0.090625 0.041587
15 0.619531 0.148798 0.081771 0.047596
15 0.693750 0.153005 0.078125 0.043029
15 0.747135 0.138822 0.041146 0.037260
15 0.799479 0.141947 0.091667 0.051202
15 0.860938 0.143269 0.027083 0.041827
15 0.916927 0.137380 0.075521 0.038702
15 0.927865 0.104688 0.056771 0.031490
15 0.860677 0.102524 0.082812 0.039183
15 0.761458 0.102043 0.141667 0.031490
15 0.653646 0.114663 0.143750 0.031731
15 0.925260 0.067548 0.067187 0.045673
15 0.834896 0.058534 0.117708 0.047837
15 0.734375 0.065144 0.085417 0.051923
15 0.632552 0.078606 0.124479 0.050481
15 0.496875 0.086899 0.079167 0.047837
15 0.450521 0.061418 0.141667 0.031490
15 0.667708 0.030409 0.148958 0.037740
15 0.777865 0.024760 0.069271 0.037981
15 0.905729 0.022596 0.103125 0.044712
15 0.851042 0.006010 0.077083 0.011538
15 0.638542 0.007212 0.113542 0.013942
15 0.522656 0.025120 0.124479 0.049279
15 0.317708 0.030769 0.086458 0.061058
15 0.328125 0.086298 0.087500 0.048558
15 0.278906 0.119832 0.116146 0.048798
15 0.207292 0.099399 0.071875 0.020913
15 0.213542 0.065144 0.142708 0.045192
15 0.222135 0.022837 0.093229 0.045192
15 0.113802 0.031731 0.100521 0.062019
15 0.166927 0.128005 0.142187 0.043510
15 0.122135 0.143149 0.071354 0.037740
15 0.092188 0.175120 0.109375 0.046394
15 0.128646 0.085938 0.078125 0.043510
15 0.064844 0.084375 0.079687 0.052885
15 0.160938 0.271154 0.116667 0.056731
15 0.092188 0.228726 0.114583 0.053606
15 0.055990 0.280769 0.100521 0.067788
15 0.012760 0.239183 0.024479 0.028846
15 0.016927 0.204327 0.032813 0.044231
15 0.013021 0.164784 0.025000 0.031490
15 0.044531 0.136538 0.088021 0.055288
15 0.010156 0.102885 0.019271 0.032692
15 0.034115 0.044351 0.067187 0.088221
15 0.137760 0.322837 0.085938 0.044712
15 0.046875 0.339423 0.092708 0.035577
15 0.045312 0.308173 0.089583 0.034615
15 0.234115 0.329567 0.113021 0.053365
15 0.186458 0.362740 0.090625 0.073077
