15 0.982933 0.110677 0.026923 0.100521
15 0.948678 0.107552 0.041587 0.108854
15 0.904087 0.132031 0.051923 0.076563
15 0.866466 0.146354 0.038221 0.070833
15 0.839303 0.131250 0.026683 0.070833
15 0.827885 0.069010 0.042788 0.091146
15 0.868269 0.056250 0.037981 0.075000
15 0.911058 0.055469 0.045192 0.069271
15 0.921875 0.216406 0.052885 0.069271
15 0.929207 0.321615 0.045433 0.108854
15 0.873918 0.372135 0.051202 0.093229
15 0.832091 0.263802 0.036779 0.088021
15 0.805048 0.160938 0.062019 0.111458
15 0.773678 0.070833 0.056010 0.073958
15 0.757091 0.202083 0.045433 0.103125
15 0.771875 0.259635 0.036538 0.066146
15 0.798558 0.277083 0.025481 0.093750
15 0.712139 0.198177 0.041587 0.088021
15 0.661058 0.122656 0.026442 0.078646
15 0.947356 0.456771 0.049519 0.095833
15 0.916106 0.497396 0.029808 0.072917
15 0.873197 0.492969 0.048798 0.139063
15 0.828966 0.500000 0.041587 0.094792
15 0.783654 0.485417 0.048077 0.080208
15 0.752404 0.429948 0.041346 0.107813
15 0.711779 0.442969 0.052885 0.068229
15 0.720673 0.534896 0.035096 0.092708
15 0.691707 0.599740 0.036298 0.107813
15 0.667428 0.477865 0.069952 0.131771
15 0.627404 0.386719 0.053846 0.080729
15 0.976442 0.881771 0.047115 0.073958
15 0.869351 0.893229 0.059375 0.072917
15 0.779687 0.863281 0.048798 0.097396
15 0.727644 0.849479 0.038462 0.102083
15 0.688341 0.893490 0.050721 0.082812
15 0.619952 0.895312 0.039904 0.091667
15 0.574279 0.780469 0.057692 0.098437
15 0.598317 0.542188 0.059615 0.128125
15 0.577764 0.425000 0.035817 0.104167
15 0.587620 0.344010 0.038221 0.099479
15 0.620913 0.305990 0.043269 0.066146
15 0.660337 0.289062 0.053365 0.083333
15 0.686659 0.330990 0.051683 0.069271
15 0.616346 0.226823 0.033173 0.078646
15 0.585216 0.212500 0.037740 0.105208
15 0.562260 0.158594 0.025000 0.082812
15 0.531250 0.162500 0.038942 0.128125
15 0.496514 0.189844 0.040144 0.101562
15 0.496034 0.093229 0.041106 0.097917
15 0.465625 0.229687 0.047596 0.095833
15 0.443029 0.093750 0.048558 0.062500
15 0.418750 0.170833 0.044712 0.121875
15 0.400721 0.088281 0.039423 0.089063
15 0.546274 0.383854 0.030529 0.123958
15 0.533654 0.258854 0.053365 0.088542
15 0.485577 0.359635 0.036058 0.109896
15 0.508053 0.398698 0.039663 0.096354
15 0.532212 0.462760 0.043269 0.057813
15 0.456971 0.463021 0.063462 0.085417
15 0.521274 0.580469 0.041587 0.100521
15 0.500361 0.663281 0.049760 0.113021
15 0.459375 0.568490 0.039423 0.097396
15 0.452764 0.705990 0.041106 0.099479
15 0.446514 0.810156 0.069471 0.083854
15 0.395553 0.753385 0.051683 0.122396
15 0.344832 0.777344 0.040144 0.111979
15 0.391106 0.602865 0.040865 0.093229
15 0.336538 0.544010 0.037500 0.088021
15 0.359495 0.473438 0.042548 0.102083
15 0.403245 0.415104 0.040625 0.075000
15 0.371514 0.359375 0.056010 0.093750
15 0.410817 0.317708 0.036538 0.097917
15 0.447115 0.319531 0.037500 0.078646
15 0.391346 0.250000 0.039904 0.106250
15 0.382332 0.167187 0.029567 0.075000
15 0.361418 0.250000 0.027163 0.104167
15 0.334375 0.170313 0.052404 0.122917
15 0.259014 0.142187 0.041587 0.083333
15 0.291466 0.270052 0.054087 0.077604
15 0.333654 0.292187 0.033654 0.103125
15 0.325120 0.384635 0.036779 0.068229
15 0.317548 0.463542 0.053846 0.089583
15 0.276202 0.457813 0.038462 0.156250
15 0.249760 0.372917 0.042308 0.115625
15 0.236298 0.294271 0.038942 0.062500
15 0.210938 0.358073 0.039663 0.079687
15 0.216587 0.194010 0.061538 0.091146
15 0.231250 0.565885 0.054327 0.080729
15 0.393029 0.875000 0.045673 0.138542
15 0.347236 0.898698 0.045913 0.132812
15 0.307692 0.886198 0.040865 0.098437
15 0.271394 0.925260 0.036538 0.077604
15 0.247596 0.879687 0.067788 0.102083
15 0.218990 0.921875 0.051442 0.072917
15 0.115264 0.694010 0.055529 0.128646
15 0.198798 0.466927 0.049038 0.117188
15 0.184856 0.544792 0.035096 0.095833
15 0.161058 0.509375 0.028365 0.104167
15 0.190505 0.309635 0.051683 0.086979
15 0.173798 0.242188 0.037981 0.083333
15 0.141587 0.300781 0.047115 0.069271
15 0.152163 0.141146 0.042788 0.113542
15 0.198678 0.121615 0.060817 0.106771
15 0.114663 0.179948 0.042308 0.086979
15 0.111779 0.102344 0.038462 0.075521
15 0.066827 0.150521 0.053365 0.079167
15 0.055529 0.100521 0.038462 0.062500
15 0.022596 0.125521 0.029327 0.116667
15 0.032091 0.213281 0.037260 0.130729
15 0.008894 0.273698 0.017308 0.093229
15 0.018750 0.346094 0.037019 0.067187
15 0.051322 0.376563 0.040625 0.070833
15 0.071034 0.321094 0.044952 0.147396
15 0.110937 0.365104 0.041106 0.063542
15 0.109255 0.264323 0.033894 0.086979
15 0.052404 0.435937 0.028846 0.072917
15 0.017788 0.428646 0.035096 0.091667
15 0.033654 0.928385 0.039423 0.080729
15 0.531010 0.914323 0.057692 0.076563
