15 0.906731 0.075521 0.053846 0.073958
15 0.786899 0.075000 0.064183 0.063542
15 0.722476 0.087760 0.039183 0.096354
15 0.707332 0.040365 0.050240 0.060937
15 0.683774 0.171615 0.041587 0.097396
15 0.664543 0.092448 0.040625 0.075521
15 0.641226 0.197396 0.035817 0.062500
15 0.609736 0.165625 0.036779 0.093750
15 0.604688 0.082031 0.051202 0.107813
15 0.568149 0.140625 0.045433 0.102083
15 0.576683 0.237240 0.047596 0.098437
15 0.611418 0.257552 0.036779 0.078646
15 0.604447 0.315365 0.031490 0.048438
15 0.593990 0.368490 0.039423 0.136979
15 0.549159 0.317188 0.049279 0.063542
15 0.550962 0.239844 0.028365 0.108854
15 0.525361 0.129427 0.045433 0.096354
15 0.512260 0.069792 0.048077 0.081250
15 0.508774 0.225000 0.042067 0.143750
15 0.525120 0.390365 0.036298 0.108854
15 0.485817 0.399740 0.047596 0.106771
15 0.450481 0.429688 0.043269 0.104167
15 0.393990 0.407292 0.056250 0.084375
15 0.623197 0.533073 0.040144 0.078646
15 0.625240 0.623177 0.049519 0.095312
15 0.713221 0.615625 0.043750 0.082292
15 0.504567 0.897917 0.042308 0.091667
15 0.479928 0.680469 0.043510 0.107813
15 0.444231 0.708854 0.048558 0.122917
15 0.259856 0.650260 0.051923 0.109896
15 0.426442 0.079167 0.049038 0.076042
15 0.383293 0.094271 0.048798 0.102083
15 0.340865 0.092448 0.039423 0.123438
15 0.305529 0.110937 0.027885 0.107292
15 0.278606 0.131250 0.038942 0.094792
15 0.252404 0.102865 0.029327 0.107813
15 0.227404 0.089583 0.024038 0.064583
15 0.212620 0.160156 0.055529 0.067187
15 0.274279 0.211719 0.062500 0.081771
15 0.209856 0.245312 0.053365 0.070833
15 0.161659 0.266667 0.055048 0.092708
15 0.160577 0.353385 0.023077 0.059896
15 0.133534 0.347656 0.037260 0.097396
15 0.181851 0.190365 0.055048 0.076563
15 0.187500 0.097135 0.055769 0.086979
15 0.152043 0.118490 0.030529 0.097396
15 0.132812 0.196615 0.035817 0.100521
15 0.103606 0.112240 0.052404 0.068229
15 0.095072 0.265365 0.053606 0.097396
15 0.099880 0.176302 0.030048 0.088021
15 0.063582 0.203646 0.042548 0.070833
15 0.055889 0.119271 0.041106 0.105208
15 0.022716 0.194271 0.030529 0.112500
15 0.018029 0.108854 0.035577 0.063542
15 0.009255 0.254688 0.018029 0.082292
15 0.043029 0.274219 0.046635 0.066146
15 0.036298 0.357552 0.058654 0.105729
15 0.094111 0.388021 0.045913 0.113542
15 0.038942 0.440625 0.037500 0.072917
15 0.080409 0.477865 0.058413 0.086979
15 0.021514 0.533594 0.042548 0.077604
15 0.019832 0.750260 0.039183 0.078646
15 0.008894 0.908854 0.017308 0.053125
