15 0.921755 0.672656 0.064663 0.149479
15 0.971875 0.585677 0.050962 0.179688
15 0.988221 0.764844 0.023558 0.086979
15 0.979808 0.875781 0.040385 0.131771
15 0.959976 0.969531 0.053606 0.060937
15 0.945072 0.898698 0.028606 0.101562
15 0.934255 0.791667 0.068029 0.097917
15 0.941226 0.462760 0.036298 0.167187
15 0.969111 0.425260 0.046875 0.136979
15 0.902524 0.456510 0.042548 0.133854
15 0.955529 0.292448 0.056250 0.118229
15 0.914904 0.348177 0.051923 0.076563
15 0.853726 0.421354 0.068510 0.169792
15 0.872837 0.573958 0.048077 0.145833
15 0.850962 0.667969 0.049519 0.130729
15 0.876202 0.782552 0.035096 0.098437
15 0.859615 0.895052 0.059615 0.099479
15 0.833413 0.788542 0.051442 0.121875
15 0.887380 0.970313 0.075240 0.059375
15 0.908894 0.885156 0.048558 0.116146
15 0.827284 0.957552 0.039183 0.084896
15 0.783293 0.867708 0.051683 0.134375
15 0.784736 0.969531 0.039183 0.060937
15 0.733534 0.823958 0.049279 0.114583
15 0.779687 0.771354 0.054087 0.066667
15 0.798918 0.694271 0.058413 0.096875
15 0.754327 0.698958 0.032212 0.106250
15 0.801442 0.581250 0.061538 0.120833
15 0.741346 0.608333 0.051442 0.145833
15 0.713582 0.715365 0.031971 0.102604
15 0.702885 0.581771 0.035096 0.130208
15 0.664183 0.688802 0.061538 0.188021
15 0.658173 0.773958 0.040385 0.075000
15 0.682813 0.849479 0.032933 0.080208
15 0.731250 0.949219 0.063942 0.101562
15 0.678606 0.928646 0.036058 0.104167
15 0.635697 0.943750 0.069471 0.093750
15 0.629808 0.863542 0.073077 0.120833
15 0.607091 0.743229 0.083894 0.129167
15 0.616106 0.679688 0.034615 0.072917
15 0.629087 0.598177 0.034615 0.101562
15 0.593389 0.586198 0.046394 0.169271
15 0.666226 0.530208 0.038702 0.129167
15 0.547837 0.764323 0.048558 0.120313
15 0.576082 0.923438 0.031490 0.153125
15 0.549760 0.926302 0.030769 0.147396
15 0.528005 0.850260 0.043990 0.073438
15 0.508173 0.940885 0.058173 0.110937
15 0.493149 0.801302 0.046394 0.147396
15 0.509976 0.697135 0.058413 0.107813
15 0.588101 0.827604 0.017067 0.092708
15 0.544712 0.630990 0.059135 0.098437
15 0.544351 0.548958 0.052644 0.128125
15 0.488101 0.545312 0.058413 0.138542
15 0.526683 0.459635 0.049519 0.109896
15 0.571394 0.494010 0.028846 0.039062
15 0.571394 0.433854 0.040865 0.084375
15 0.622596 0.465104 0.058173 0.144792
15 0.691947 0.417708 0.073317 0.114583
15 0.740024 0.416667 0.043510 0.098958
15 0.747957 0.505729 0.064663 0.080208
15 0.782933 0.454688 0.076923 0.102083
15 0.771514 0.340104 0.048798 0.127083
15 0.828365 0.304167 0.068750 0.129167
15 0.891106 0.254948 0.061058 0.171354
15 0.777043 0.227083 0.062740 0.108333
15 0.732692 0.209115 0.045192 0.079687
15 0.712981 0.265365 0.044231 0.099479
15 0.719591 0.316146 0.055529 0.096875
15 0.661538 0.319271 0.056250 0.108333
15 0.625721 0.243490 0.060577 0.067187
15 0.591707 0.355469 0.068990 0.136979
15 0.533654 0.345833 0.045192 0.108333
15 0.970913 0.152604 0.058173 0.138542
15 0.923678 0.140625 0.047837 0.133333
15 0.963822 0.052344 0.050240 0.103646
15 0.917428 0.037500 0.037740 0.073958
15 0.873317 0.078906 0.047115 0.145313
15 0.847115 0.170833 0.063942 0.128125
15 0.799159 0.098958 0.050240 0.151042
15 0.822476 0.048438 0.059375 0.095833
15 0.745553 0.114844 0.054087 0.095312
15 0.755409 0.033854 0.057933 0.066667
15 0.695793 0.064844 0.059375 0.128646
15 0.634255 0.095833 0.060817 0.108333
15 0.671394 0.191146 0.058654 0.132292
15 0.644111 0.023438 0.042548 0.045833
15 0.609976 0.050521 0.023317 0.097917
15 0.609014 0.182292 0.054567 0.103125
15 0.560697 0.168750 0.042067 0.100000
15 0.545553 0.252344 0.050721 0.099479
15 0.494591 0.239063 0.041587 0.091667
15 0.499880 0.347917 0.024760 0.120833
15 0.512260 0.132292 0.048077 0.185417
15 0.466587 0.194531 0.056731 0.101562
15 0.460457 0.332031 0.059375 0.090104
15 0.453606 0.428125 0.058654 0.094792
15 0.436058 0.502865 0.045192 0.072396
15 0.438582 0.590885 0.055529 0.127604
15 0.427163 0.226562 0.038462 0.081250
15 0.397596 0.268229 0.056731 0.100000
15 0.402764 0.390625 0.046394 0.139583
15 0.464303 0.103385 0.048317 0.081771
15 0.418269 0.122917 0.042788 0.103125
15 0.450240 0.030729 0.045192 0.060417
15 0.506010 0.019010 0.060577 0.036979
15 0.544712 0.059375 0.023558 0.117708
15 0.573317 0.071875 0.057692 0.142708
15 0.404327 0.036979 0.050962 0.072917
15 0.337500 0.046354 0.098077 0.091667
15 0.318029 0.146354 0.063462 0.108333
15 0.377043 0.171354 0.063221 0.087500
15 0.371154 0.111458 0.048077 0.060417
15 0.396635 0.662760 0.057212 0.124479
15 0.422115 0.785417 0.063462 0.126042
15 0.468750 0.764062 0.025481 0.152083
15 0.465505 0.902865 0.036298 0.089063
15 0.454808 0.970833 0.047596 0.058333
15 0.419471 0.962760 0.035577 0.071354
15 0.364183 0.932292 0.062500 0.110417
15 0.367428 0.773438 0.055529 0.097917
15 0.344231 0.993750 0.021154 0.012500
15 0.284615 0.982552 0.054327 0.031771
15 0.287380 0.930208 0.059375 0.093750
15 0.323558 0.832292 0.059135 0.106250
15 0.316947 0.718490 0.043510 0.125521
15 0.346154 0.638281 0.046154 0.109896
15 0.319712 0.563802 0.049038 0.111979
15 0.346995 0.526302 0.034375 0.106771
15 0.343510 0.429427 0.043269 0.083854
15 0.317788 0.449740 0.032212 0.075521
15 0.294832 0.527604 0.047356 0.095833
15 0.281731 0.633333 0.042788 0.120833
15 0.272957 0.849219 0.054087 0.140104
15 0.265264 0.726562 0.061298 0.127083
15 0.334014 0.275000 0.058894 0.137500
15 0.356010 0.353125 0.053846 0.127083
15 0.302524 0.369792 0.039663 0.105208
15 0.270072 0.334115 0.036779 0.135937
15 0.284736 0.234375 0.050240 0.104167
15 0.271394 0.181250 0.035577 0.076042
15 0.261659 0.056771 0.063221 0.112500
15 0.250601 0.142708 0.060817 0.060417
15 0.212380 0.088542 0.040625 0.101042
15 0.208894 0.019271 0.052885 0.037500
15 0.170072 0.100000 0.045913 0.092708
15 0.163221 0.026042 0.044231 0.051042
15 0.202043 0.200781 0.078606 0.123438
15 0.240505 0.293229 0.032452 0.104167
15 0.196635 0.332292 0.057212 0.142708
15 0.252644 0.413021 0.067308 0.135417
15 0.199279 0.470052 0.067308 0.122396
15 0.161538 0.442969 0.041827 0.130729
15 0.189904 0.594271 0.041827 0.118750
15 0.242067 0.573698 0.051923 0.169271
15 0.213341 0.691927 0.049760 0.067187
15 0.217668 0.787240 0.044952 0.083854
15 0.239784 0.886458 0.033413 0.134375
15 0.235457 0.982292 0.040625 0.035417
15 0.180649 0.992448 0.053606 0.015104
15 0.129928 0.964583 0.057452 0.070833
15 0.072596 0.953906 0.086058 0.092188
15 0.181611 0.890104 0.074760 0.104167
15 0.176082 0.758594 0.036779 0.195312
15 0.156250 0.671875 0.042788 0.126042
15 0.141827 0.564583 0.054327 0.116667
15 0.116106 0.461458 0.046154 0.090625
15 0.105889 0.646875 0.079087 0.094792
15 0.130409 0.796615 0.056490 0.165104
15 0.127404 0.873958 0.032212 0.088542
15 0.094231 0.764583 0.032212 0.129167
15 0.056731 0.752344 0.052404 0.128646
15 0.031731 0.608333 0.053846 0.192708
15 0.076803 0.547917 0.073317 0.142708
15 0.076803 0.391146 0.068990 0.145833
15 0.055769 0.282552 0.069712 0.113021
15 0.089904 0.227604 0.066346 0.118750
15 0.148798 0.228385 0.050000 0.114062
15 0.131490 0.345052 0.073077 0.126562
15 0.119111 0.129688 0.061298 0.108333
15 0.106611 0.038802 0.080529 0.076563
15 0.059976 0.079427 0.052644 0.157812
15 0.026442 0.146354 0.052404 0.154167
15 0.018389 0.052604 0.036298 0.104167
15 0.023798 0.337760 0.047115 0.108854
15 0.015625 0.453385 0.030769 0.118229
15 0.013582 0.731510 0.026683 0.150521
15 0.039784 0.863021 0.066587 0.110417
15 0.012740 0.886458 0.025000 0.132292
15 0.014904 0.982031 0.029327 0.035937
