15 0.922750 0.169837 0.052000 0.104891
15 0.869750 0.114674 0.054000 0.108696
15 0.840625 0.215761 0.052750 0.092391
15 0.903750 0.336141 0.038000 0.123370
15 0.823625 0.279620 0.028750 0.077717
15 0.787000 0.214946 0.051000 0.111413
15 0.765875 0.085054 0.064750 0.059239
15 0.761875 0.032880 0.038750 0.064674
15 0.621125 0.134239 0.055250 0.079348
15 0.671000 0.167120 0.038500 0.104891
15 0.712000 0.208696 0.043000 0.128261
15 0.745250 0.202446 0.032500 0.140761
15 0.782375 0.327989 0.048750 0.085326
15 0.741875 0.318207 0.035750 0.075543
15 0.693750 0.311957 0.047500 0.090217
15 0.652250 0.264130 0.037500 0.110870
15 0.617000 0.218207 0.045500 0.058152
15 0.584000 0.276902 0.037500 0.069022
15 0.567375 0.233424 0.044750 0.069022
15 0.546750 0.157609 0.054000 0.125000
15 0.592875 0.312772 0.055250 0.076630
15 0.562250 0.374457 0.020000 0.101087
15 0.595500 0.388587 0.033000 0.072826
15 0.648500 0.348913 0.046000 0.072826
15 0.631250 0.434239 0.029500 0.063043
15 0.592625 0.472554 0.043250 0.087500
15 0.670125 0.469565 0.039250 0.128261
15 0.696875 0.408967 0.036750 0.084239
15 0.750375 0.404076 0.055250 0.069022
15 0.799750 0.410870 0.046000 0.063043
15 0.836375 0.368207 0.038750 0.088587
15 0.875500 0.464402 0.034000 0.080978
15 0.908750 0.457609 0.037000 0.082609
15 0.834750 0.474185 0.046500 0.086413
15 0.797125 0.488043 0.027250 0.066304
15 0.765625 0.506522 0.032250 0.081522
15 0.719250 0.483424 0.050000 0.075543
15 0.696375 0.560870 0.044750 0.044565
15 0.738875 0.567663 0.038250 0.070109
15 0.793750 0.589674 0.033000 0.055435
15 0.835875 0.588587 0.034250 0.088043
15 0.875875 0.567120 0.043750 0.094022
15 0.901875 0.641576 0.039750 0.095109
15 0.813625 0.667120 0.059250 0.096196
15 0.780500 0.663859 0.030000 0.107065
15 0.862250 0.722011 0.050500 0.085326
15 0.870500 0.785054 0.047500 0.087500
15 0.895750 0.856522 0.044000 0.115217
15 0.856750 0.911685 0.028500 0.088587
15 0.888375 0.954076 0.048250 0.050543
15 0.839250 0.972011 0.044000 0.055978
15 0.822500 0.892391 0.036000 0.088043
15 0.826500 0.802989 0.030000 0.076630
15 0.792625 0.945380 0.045250 0.075543
15 0.789500 0.820109 0.032500 0.091304
15 0.804000 0.750543 0.036500 0.055435
15 0.768375 0.763315 0.031250 0.059239
15 0.749625 0.709511 0.048250 0.085326
15 0.727000 0.651087 0.044000 0.064130
15 0.728375 0.758424 0.034250 0.125543
15 0.710250 0.788859 0.016000 0.060326
15 0.693250 0.720652 0.033000 0.084783
15 0.656000 0.568750 0.030000 0.139674
15 0.618750 0.535598 0.035000 0.095109
15 0.609375 0.624457 0.046250 0.075000
15 0.635875 0.672554 0.040750 0.058152
15 0.598500 0.699185 0.049500 0.074457
15 0.641750 0.759511 0.046000 0.039674
15 0.592875 0.756250 0.046250 0.040761
15 0.623875 0.820924 0.023750 0.067935
15 0.593750 0.809783 0.032000 0.035870
15 0.639000 0.879620 0.040500 0.097283
15 0.676500 0.804348 0.021000 0.098913
15 0.679375 0.870924 0.028750 0.098370
15 0.709000 0.883967 0.033500 0.073370
15 0.747875 0.876359 0.039750 0.086413
15 0.713000 0.800815 0.026000 0.083152
15 0.751375 0.955978 0.032250 0.084783
15 0.709625 0.954076 0.050750 0.045109
15 0.672500 0.946739 0.026000 0.054348
15 0.643125 0.968478 0.042250 0.063043
15 0.590000 0.882880 0.045500 0.085326
15 0.651375 0.825000 0.026250 0.065217
15 0.597125 0.945652 0.039750 0.051087
15 0.570375 0.980978 0.038750 0.038043
15 0.560875 0.934783 0.034250 0.055435
15 0.558000 0.811685 0.028500 0.072283
15 0.550000 0.741576 0.036500 0.067935
15 0.530750 0.794293 0.021500 0.102717
15 0.546375 0.865489 0.030250 0.085326
15 0.527250 0.944293 0.027500 0.059239
15 0.512750 0.875272 0.029000 0.073370
15 0.543250 0.983696 0.019000 0.032609
15 0.498750 0.978804 0.030000 0.040217
15 0.486125 0.935054 0.042250 0.059239
15 0.449000 0.961413 0.036500 0.077174
15 0.460375 0.909783 0.017250 0.050000
15 0.480250 0.862772 0.032000 0.080978
15 0.502750 0.803261 0.030500 0.069565
15 0.480000 0.769565 0.031500 0.078261
15 0.511750 0.719837 0.042000 0.052717
15 0.535375 0.667663 0.040250 0.067935
15 0.496125 0.657609 0.033750 0.077174
15 0.468625 0.673913 0.027750 0.092391
15 0.446875 0.691848 0.031750 0.094565
15 0.443750 0.778804 0.040500 0.078261
15 0.449375 0.845652 0.026750 0.059783
15 0.426000 0.886141 0.042000 0.088587
15 0.417875 0.972554 0.026750 0.054891
15 0.390875 0.962500 0.035750 0.068478
15 0.417625 0.811141 0.032750 0.053804
15 0.390375 0.863043 0.027250 0.108696
15 0.369000 0.914402 0.033500 0.061413
15 0.352500 0.963587 0.025000 0.061957
15 0.337125 0.922283 0.027750 0.061957
15 0.317500 0.873370 0.039000 0.041304
15 0.346875 0.834239 0.045750 0.093478
15 0.362625 0.777174 0.036250 0.067391
15 0.388250 0.732609 0.032000 0.091304
15 0.401750 0.764130 0.034500 0.053261
15 0.416875 0.703804 0.023750 0.066304
15 0.369250 0.701902 0.036500 0.053804
15 0.382500 0.650000 0.047500 0.039130
15 0.344000 0.653804 0.033000 0.076087
15 0.328750 0.719837 0.035000 0.058152
15 0.305750 0.829891 0.035000 0.048913
15 0.280875 0.857337 0.033750 0.060326
15 0.307500 0.954620 0.032500 0.074457
15 0.285000 0.918478 0.033000 0.063043
15 0.249875 0.904076 0.029250 0.066848
15 0.268625 0.970924 0.042250 0.049457
15 0.222625 0.977446 0.034750 0.045109
15 0.189375 0.964674 0.031750 0.070652
15 0.219125 0.866576 0.043250 0.067935
15 0.237625 0.788587 0.031250 0.088043
15 0.260250 0.767391 0.038000 0.070652
15 0.309250 0.750543 0.032500 0.097826
15 0.268625 0.713315 0.041750 0.059239
15 0.222250 0.679348 0.044500 0.064130
15 0.245375 0.631793 0.030250 0.094022
15 0.281875 0.636413 0.035250 0.118478
15 0.307125 0.617120 0.033750 0.084239
15 0.331375 0.577717 0.028750 0.076087
15 0.370750 0.579348 0.040000 0.082609
15 0.415625 0.609511 0.035750 0.096196
15 0.432625 0.570924 0.030750 0.055978
15 0.216750 0.601630 0.032500 0.081522
15 0.187750 0.588859 0.025000 0.083152
15 0.181375 0.671739 0.025250 0.093478
15 0.164625 0.708152 0.038250 0.058696
15 0.186625 0.773098 0.049750 0.103804
15 0.152500 0.850000 0.035500 0.057609
15 0.148375 0.644837 0.037250 0.066848
15 0.133500 0.578533 0.042500 0.061413
15 0.143375 0.779076 0.034750 0.079891
15 0.114125 0.727446 0.045250 0.077717
15 0.111000 0.797283 0.036000 0.081522
15 0.108875 0.861413 0.032750 0.046739
15 0.081875 0.652989 0.049250 0.065761
15 0.115375 0.509511 0.047250 0.071196
15 0.074250 0.498913 0.034000 0.092391
15 0.110500 0.436957 0.047500 0.079348
15 0.063125 0.404891 0.036250 0.111957
15 0.160750 0.391848 0.034500 0.071739
15 0.194750 0.413587 0.027000 0.092391
15 0.176375 0.516576 0.027250 0.117935
15 0.224875 0.525000 0.042750 0.067391
15 0.262125 0.555435 0.039250 0.051087
15 0.296000 0.540489 0.029000 0.080978
15 0.266375 0.483424 0.037750 0.074457
15 0.223875 0.439674 0.043750 0.104348
15 0.277125 0.406250 0.050750 0.084239
15 0.241000 0.372554 0.030500 0.094022
15 0.271125 0.265489 0.039250 0.090761
15 0.247125 0.266304 0.016750 0.100000
15 0.281625 0.328261 0.034250 0.067391
15 0.199750 0.256793 0.040000 0.089674
15 0.102125 0.290217 0.042250 0.089130
15 0.053125 0.314402 0.042250 0.069022
15 0.068000 0.224728 0.048000 0.104891
15 0.053250 0.142391 0.031500 0.079348
15 0.136000 0.034239 0.052500 0.067391
15 0.172875 0.106793 0.041750 0.087500
15 0.254875 0.058967 0.046750 0.072283
15 0.231125 0.173913 0.036250 0.129348
15 0.268000 0.132337 0.043000 0.065761
15 0.317500 0.118207 0.047000 0.133152
15 0.284875 0.213587 0.031750 0.091304
15 0.319375 0.241033 0.035750 0.111413
15 0.226750 0.005978 0.031000 0.010870
15 0.368250 0.148370 0.050000 0.104348
15 0.375375 0.058696 0.044250 0.084783
15 0.371625 0.244837 0.044250 0.080978
15 0.411750 0.237500 0.036000 0.095652
15 0.420875 0.129076 0.040750 0.074457
15 0.342875 0.341033 0.027750 0.076630
15 0.371250 0.327717 0.041000 0.104348
15 0.369000 0.413315 0.042000 0.071196
15 0.416750 0.334239 0.054500 0.097826
15 0.445375 0.213587 0.046250 0.072826
15 0.458125 0.280978 0.039250 0.065217
15 0.488875 0.234511 0.028750 0.092935
15 0.468000 0.363043 0.032500 0.089130
15 0.429250 0.388859 0.043500 0.057065
15 0.398250 0.439130 0.025000 0.098913
15 0.430375 0.449185 0.030750 0.054891
15 0.416625 0.510326 0.034750 0.050000
15 0.454625 0.493750 0.047250 0.072283
15 0.482250 0.433967 0.041000 0.059239
15 0.496000 0.514130 0.037000 0.051087
15 0.461250 0.588043 0.026500 0.061957
15 0.493625 0.583696 0.044750 0.071739
15 0.535125 0.580978 0.048250 0.097826
15 0.555625 0.524185 0.040750 0.084239
15 0.523125 0.467935 0.048750 0.075000
15 0.521625 0.385326 0.048250 0.080435
15 0.502250 0.329620 0.041000 0.077717
15 0.525625 0.301902 0.033750 0.087500
15 0.523000 0.217391 0.041500 0.076087
15 0.505125 0.135326 0.044250 0.093478
15 0.463375 0.137228 0.037750 0.098370
15 0.481250 0.050543 0.053000 0.073913
