15 0.926082 0.922656 0.071394 0.154688
15 0.953365 0.852604 0.072115 0.101042
15 0.967668 0.701302 0.056010 0.117188
15 0.904087 0.760938 0.075962 0.160417
15 0.862981 0.895312 0.051923 0.148958
15 0.818269 0.805990 0.061058 0.113021
15 0.814183 0.931250 0.030769 0.097917
15 0.783173 0.919531 0.045673 0.160938
15 0.763101 0.831510 0.051683 0.074479
15 0.763341 0.738021 0.055529 0.106250
15 0.842187 0.692448 0.094471 0.100521
15 0.724399 0.911198 0.068029 0.172396
15 0.680048 0.964323 0.042308 0.071354
15 0.660457 0.902604 0.058413 0.105208
15 0.703245 0.787760 0.051202 0.117188
15 0.683534 0.716667 0.084856 0.130208
15 0.740144 0.614062 0.068750 0.142708
15 0.674279 0.597656 0.061538 0.120313
15 0.813702 0.629948 0.065385 0.147396
15 0.912861 0.611719 0.075721 0.124479
15 0.970913 0.588802 0.058173 0.100521
15 0.979087 0.448958 0.041827 0.136458
15 0.931010 0.497396 0.066346 0.093750
15 0.883534 0.461458 0.043510 0.112500
15 0.847596 0.570052 0.052404 0.115104
15 0.780288 0.533854 0.049038 0.112500
15 0.829567 0.434375 0.079327 0.148958
15 0.934014 0.413021 0.053606 0.083333
15 0.959135 0.324219 0.058173 0.099479
15 0.895553 0.365104 0.064663 0.094792
15 0.778005 0.394792 0.056971 0.161458
15 0.729087 0.465104 0.056731 0.134375
15 0.671274 0.481510 0.057452 0.091146
15 0.684736 0.374479 0.042548 0.125000
15 0.728365 0.309896 0.061058 0.159375
15 0.831250 0.295312 0.050000 0.118750
15 0.906010 0.265104 0.066346 0.095833
15 0.960577 0.210677 0.059135 0.104688
15 0.911779 0.130729 0.050962 0.175000
15 0.944351 0.084896 0.051683 0.145833
15 0.973678 0.041146 0.050721 0.081250
15 0.864663 0.172135 0.054808 0.138021
15 0.831370 0.105208 0.036298 0.085417
15 0.864543 0.044792 0.092548 0.086458
15 0.789904 0.025260 0.054327 0.049479
15 0.721875 0.048958 0.069712 0.093750
15 0.793990 0.151042 0.068750 0.198958
15 0.778365 0.252604 0.040385 0.072917
15 0.734615 0.166406 0.065385 0.129688
15 0.684615 0.247135 0.046154 0.132812
15 0.645072 0.305208 0.042548 0.109375
15 0.657212 0.172917 0.057692 0.104167
15 0.613822 0.240625 0.058894 0.129167
15 0.591947 0.318229 0.064183 0.100000
15 0.624279 0.395313 0.063462 0.075000
15 0.596154 0.441927 0.102404 0.124479
15 0.550000 0.478385 0.054808 0.072396
15 0.614543 0.533854 0.062740 0.084375
15 0.611899 0.635938 0.068029 0.128125
15 0.563822 0.598177 0.043029 0.150521
15 0.593750 0.766146 0.062981 0.142708
15 0.649519 0.782031 0.056731 0.132812
15 0.613822 0.882552 0.039663 0.148438
15 0.641346 0.981510 0.039904 0.036979
15 0.603606 0.988542 0.031250 0.022917
15 0.566346 0.965365 0.051923 0.069271
15 0.558534 0.880990 0.072356 0.110937
15 0.554688 0.718490 0.025721 0.111979
15 0.514423 0.833594 0.061058 0.111979
15 0.514663 0.729948 0.063462 0.143229
15 0.511058 0.944010 0.056731 0.111979
15 0.468750 0.979688 0.056731 0.040625
15 0.451562 0.898698 0.058894 0.119271
15 0.466587 0.757031 0.057212 0.168229
15 0.496034 0.554427 0.093510 0.133854
15 0.484736 0.417448 0.058413 0.115104
15 0.445913 0.444010 0.046635 0.116146
15 0.447115 0.649219 0.058654 0.174479
15 0.408534 0.748437 0.058413 0.143750
15 0.419231 0.832812 0.048077 0.105208
15 0.390024 0.955208 0.074760 0.089583
15 0.352764 0.985938 0.041587 0.028125
15 0.365625 0.869792 0.050962 0.154167
15 0.391226 0.589583 0.047356 0.209375
15 0.343750 0.730469 0.068269 0.133854
15 0.346394 0.603906 0.048077 0.096354
15 0.309976 0.571615 0.043510 0.143229
15 0.425721 0.526302 0.044712 0.116146
15 0.381370 0.437760 0.060817 0.105729
15 0.428005 0.375260 0.057933 0.088021
15 0.428606 0.266146 0.042308 0.107292
15 0.467548 0.227865 0.048077 0.131771
15 0.518750 0.174479 0.035577 0.076042
15 0.508053 0.303646 0.079567 0.192708
15 0.536899 0.367188 0.040625 0.134375
15 0.557091 0.236198 0.033894 0.103646
15 0.577524 0.153646 0.053125 0.100000
15 0.545072 0.103125 0.052163 0.102083
15 0.607452 0.106771 0.048558 0.135417
15 0.665264 0.069792 0.063702 0.110417
15 0.548558 0.025781 0.057692 0.050521
15 0.512019 0.025000 0.016346 0.048958
15 0.473438 0.040104 0.068990 0.079167
15 0.485457 0.110156 0.054087 0.082812
15 0.447476 0.154688 0.033894 0.087500
15 0.421034 0.092448 0.055529 0.155729
15 0.393029 0.040625 0.030769 0.080208
15 0.355168 0.023438 0.064183 0.045833
15 0.355529 0.088802 0.048558 0.102604
15 0.390144 0.190625 0.055769 0.123958
15 0.381010 0.311979 0.057212 0.116667
15 0.333654 0.373177 0.054808 0.102604
15 0.347476 0.493490 0.051683 0.111979
15 0.324159 0.291667 0.031010 0.061458
15 0.351803 0.203385 0.024760 0.119271
15 0.322115 0.935937 0.054808 0.122917
15 0.300120 0.850000 0.068990 0.170833
15 0.264784 0.962500 0.051202 0.075000
15 0.225962 0.927344 0.044712 0.118229
15 0.238462 0.796875 0.060577 0.133333
15 0.280168 0.698177 0.056971 0.131771
15 0.226923 0.681771 0.052885 0.148958
15 0.177885 0.763802 0.058654 0.098437
15 0.170313 0.865885 0.094952 0.094271
15 0.176683 0.958333 0.070192 0.083333
15 0.118990 0.916406 0.068750 0.082812
15 0.106851 0.978906 0.066106 0.042188
15 0.035457 0.946094 0.070433 0.107813
15 0.097716 0.817448 0.067067 0.092188
15 0.106370 0.710417 0.062260 0.121875
15 0.045312 0.727083 0.058894 0.143750
15 0.009736 0.772656 0.018990 0.138021
15 0.016226 0.605729 0.031971 0.143750
15 0.069351 0.545312 0.058894 0.127083
15 0.123438 0.593490 0.064183 0.111979
15 0.189303 0.595313 0.067067 0.136458
15 0.249519 0.550521 0.070192 0.109375
15 0.275841 0.462760 0.065625 0.125521
15 0.297957 0.401042 0.074760 0.143750
15 0.208894 0.409635 0.068269 0.124479
15 0.162981 0.462500 0.042788 0.121875
15 0.116226 0.480469 0.071394 0.106771
15 0.171154 0.319531 0.051442 0.164062
15 0.224279 0.282031 0.054327 0.164062
15 0.279207 0.299479 0.060337 0.111458
15 0.307812 0.183073 0.067067 0.183854
15 0.263942 0.190885 0.022115 0.098437
15 0.266226 0.072917 0.045433 0.098958
15 0.225962 0.143490 0.057692 0.118229
15 0.177404 0.153125 0.052404 0.135417
15 0.131851 0.216667 0.065625 0.121875
15 0.107572 0.336458 0.066587 0.173958
15 0.136418 0.110156 0.027163 0.085938
15 0.165865 0.048177 0.062019 0.095312
15 0.222716 0.028385 0.057452 0.055729
15 0.276562 0.009635 0.055529 0.018229
15 0.091346 0.164583 0.048077 0.122917
15 0.102404 0.047135 0.060096 0.093229
15 0.047837 0.219531 0.061058 0.111979
15 0.045312 0.353125 0.073317 0.156250
15 0.007812 0.382812 0.015144 0.142708
15 0.005889 0.257031 0.011298 0.103646
15 0.015505 0.166927 0.030529 0.060937
15 0.044231 0.088802 0.068750 0.107813
15 0.052163 0.015885 0.065865 0.030729
15 0.008894 0.045312 0.017308 0.083333
