15 0.987740 0.160156 0.024519 0.090104
15 0.983894 0.315104 0.028365 0.093750
15 0.960337 0.086458 0.052885 0.171875
15 0.929928 0.168490 0.052644 0.120313
15 0.891346 0.106250 0.072115 0.113542
15 0.903966 0.025000 0.043990 0.048958
15 0.855769 0.047656 0.051442 0.094271
15 0.826683 0.014583 0.020192 0.028125
15 0.803486 0.069010 0.056490 0.086979
15 0.825120 0.146615 0.061298 0.096354
15 0.765024 0.142969 0.054567 0.119271
15 0.783293 0.025781 0.038702 0.049479
15 0.881370 0.214062 0.055529 0.107292
15 0.826683 0.255208 0.066346 0.090625
15 0.797837 0.298698 0.029808 0.039062
15 0.798918 0.365625 0.062740 0.120833
15 0.756370 0.332813 0.056971 0.109375
15 0.758894 0.254688 0.052885 0.097917
15 0.720673 0.208073 0.060096 0.102604
15 0.718029 0.115104 0.058654 0.158333
15 0.739904 0.038281 0.050962 0.075521
15 0.689303 0.051562 0.047837 0.089583
15 0.659736 0.126302 0.051202 0.085938
15 0.669471 0.218229 0.038462 0.106250
15 0.703365 0.313802 0.054327 0.105729
15 0.712019 0.396875 0.058654 0.086458
15 0.654928 0.415365 0.052644 0.093229
15 0.653365 0.337500 0.045673 0.090625
15 0.741226 0.438542 0.041106 0.088542
15 0.759736 0.499479 0.078606 0.125000
15 0.801082 0.461719 0.025240 0.102604
15 0.827885 0.520312 0.031250 0.088542
15 0.865264 0.511458 0.039183 0.104167
15 0.843870 0.416146 0.061779 0.096875
15 0.888702 0.378125 0.037500 0.082292
15 0.868750 0.309375 0.072596 0.083333
15 0.901683 0.470052 0.051442 0.089063
15 0.934014 0.374219 0.054087 0.152604
15 0.964904 0.394010 0.043750 0.127604
15 0.988822 0.461198 0.022356 0.092188
15 0.966346 0.521615 0.065385 0.121354
15 0.935337 0.595052 0.051442 0.103646
15 0.892548 0.558073 0.033173 0.070312
15 0.876563 0.616406 0.058894 0.083854
15 0.823678 0.646875 0.044471 0.134375
15 0.786779 0.567187 0.050000 0.087500
15 0.734135 0.600260 0.067308 0.097396
15 0.737861 0.706510 0.040625 0.151562
15 0.771154 0.769792 0.050000 0.171875
15 0.827404 0.750000 0.062019 0.080208
15 0.877043 0.772135 0.049279 0.145313
15 0.871394 0.688542 0.064423 0.063542
15 0.923077 0.689063 0.046154 0.080208
15 0.969952 0.681250 0.059135 0.097917
15 0.978245 0.776302 0.034856 0.077604
15 0.926683 0.801042 0.067788 0.139583
15 0.919591 0.742448 0.032933 0.040104
15 0.918870 0.888021 0.055048 0.064583
15 0.986659 0.870052 0.026683 0.113021
15 0.938702 0.954427 0.075000 0.091146
15 0.976202 0.970313 0.045673 0.059375
15 0.868029 0.972396 0.064423 0.055208
15 0.870913 0.898177 0.049038 0.088021
15 0.831971 0.917188 0.044712 0.083333
15 0.811538 0.973437 0.046635 0.053125
15 0.785216 0.913802 0.046875 0.082812
15 0.816587 0.831510 0.077404 0.083854
15 0.751082 0.885156 0.042548 0.076563
15 0.760697 0.969792 0.020913 0.060417
15 0.726322 0.958333 0.047356 0.080208
15 0.708293 0.861719 0.054567 0.116146
15 0.688341 0.953646 0.033413 0.068750
15 0.697837 0.732031 0.034615 0.111979
15 0.665144 0.791667 0.051923 0.118750
15 0.659255 0.909635 0.039663 0.105729
15 0.659615 0.978906 0.040385 0.033854
15 0.693630 0.521875 0.040144 0.129167
15 0.707452 0.474740 0.029327 0.071354
15 0.670072 0.537500 0.054087 0.130208
15 0.656490 0.614583 0.051442 0.096875
15 0.630769 0.013802 0.035096 0.026562
15 0.614303 0.085417 0.061779 0.143750
15 0.629928 0.235156 0.039663 0.107813
15 0.610216 0.316927 0.041587 0.089063
15 0.591466 0.242969 0.043029 0.080729
15 0.605769 0.404427 0.054327 0.080729
15 0.614423 0.533333 0.059135 0.070833
15 0.611779 0.602344 0.044231 0.061979
15 0.599279 0.682292 0.043750 0.117708
15 0.622476 0.718490 0.053606 0.118229
15 0.624399 0.859635 0.035817 0.107813
15 0.626683 0.959115 0.031731 0.078646
15 0.590986 0.938542 0.046875 0.094792
15 0.566827 0.880990 0.064904 0.118229
15 0.582212 0.794010 0.040385 0.074479
15 0.546394 0.965365 0.039423 0.069271
15 0.536779 0.825781 0.034615 0.077604
15 0.552404 0.732812 0.051442 0.158333
15 0.570913 0.606771 0.039904 0.101042
15 0.585577 0.487240 0.050000 0.083854
15 0.558534 0.400781 0.032452 0.119271
15 0.550481 0.501302 0.050000 0.107813
15 0.532572 0.589583 0.050240 0.115625
15 0.536298 0.672135 0.025962 0.056771
15 0.502885 0.973698 0.051442 0.052604
15 0.507452 0.909375 0.043269 0.073958
15 0.492788 0.813802 0.054808 0.133854
15 0.478966 0.927865 0.034856 0.080729
15 0.456010 0.984115 0.039423 0.031771
15 0.495312 0.674740 0.061298 0.118229
15 0.498918 0.559635 0.046875 0.106771
15 0.505529 0.473698 0.049519 0.093229
15 0.503245 0.363542 0.050721 0.121875
15 0.471755 0.454167 0.047356 0.104167
15 0.550000 0.270833 0.034615 0.097917
15 0.563341 0.180729 0.048317 0.088542
15 0.550962 0.078385 0.060096 0.109896
15 0.518269 0.206771 0.037500 0.128125
15 0.482812 0.173698 0.041106 0.106771
15 0.459014 0.303125 0.046394 0.093750
15 0.466947 0.070052 0.063221 0.094271
15 0.466707 0.009635 0.037740 0.018229
15 0.446875 0.194271 0.038942 0.137500
15 0.435817 0.399479 0.036058 0.125000
15 0.399038 0.364323 0.035577 0.060937
15 0.425481 0.515625 0.050000 0.106250
15 0.453125 0.577604 0.051923 0.111458
15 0.428245 0.654687 0.051683 0.084375
15 0.467308 0.692708 0.025481 0.084375
15 0.441947 0.756771 0.038221 0.106250
15 0.414904 0.724479 0.042308 0.114583
15 0.418870 0.832812 0.030529 0.103125
15 0.395072 0.874479 0.040144 0.164583
15 0.445673 0.883854 0.049519 0.114583
15 0.420072 0.964844 0.048798 0.070312
15 0.370793 0.939063 0.030529 0.058333
15 0.336659 0.973437 0.055529 0.053125
15 0.351803 0.896875 0.036298 0.094792
15 0.312139 0.918490 0.048798 0.084896
15 0.307692 0.835156 0.049038 0.086979
15 0.360817 0.814583 0.051442 0.072917
15 0.385096 0.728906 0.025481 0.113021
15 0.340865 0.732031 0.060096 0.105729
15 0.384495 0.616146 0.059856 0.102083
15 0.319712 0.659375 0.065385 0.109375
15 0.293149 0.752083 0.036298 0.082292
15 0.338822 0.552604 0.041106 0.107292
15 0.372957 0.502865 0.045433 0.106771
15 0.394471 0.439844 0.043269 0.134896
15 0.355529 0.388542 0.038942 0.097917
15 0.369351 0.295312 0.067548 0.087500
15 0.415024 0.276562 0.037260 0.075000
15 0.310817 0.346354 0.048558 0.143750
15 0.264423 0.437760 0.052404 0.133854
15 0.303245 0.500260 0.063702 0.104688
15 0.291587 0.597396 0.043269 0.075000
15 0.397837 0.220052 0.056250 0.145313
15 0.408413 0.089063 0.046635 0.111458
15 0.359135 0.169792 0.043269 0.132292
15 0.435817 0.022135 0.031731 0.041146
15 0.405769 0.011198 0.031250 0.021354
15 0.365865 0.053646 0.053365 0.103125
15 0.313702 0.040104 0.051442 0.079167
15 0.288341 0.075781 0.064183 0.080729
15 0.269351 0.015365 0.035817 0.029687
15 0.307692 0.154167 0.051442 0.090625
15 0.259375 0.158333 0.039904 0.127083
15 0.314183 0.236979 0.070192 0.080208
15 0.257091 0.316146 0.056010 0.117708
15 0.257212 0.678385 0.056250 0.069271
15 0.250601 0.755469 0.043510 0.090104
15 0.259014 0.836719 0.056971 0.078646
15 0.266466 0.903385 0.046394 0.055729
15 0.270313 0.966927 0.066106 0.064062
15 0.225841 0.952604 0.052163 0.094792
15 0.182572 0.956771 0.046394 0.079167
15 0.213221 0.870833 0.044231 0.117708
15 0.206130 0.795052 0.041587 0.055729
15 0.173678 0.874740 0.033413 0.089063
15 0.215385 0.730208 0.043750 0.076042
15 0.200601 0.639844 0.051202 0.104688
15 0.229087 0.589323 0.058173 0.106771
15 0.251803 0.545833 0.044471 0.066667
15 0.197115 0.480208 0.066346 0.098958
15 0.163942 0.553906 0.050481 0.083854
15 0.179688 0.367969 0.065144 0.117188
15 0.201202 0.297135 0.059615 0.086979
15 0.211538 0.202604 0.053846 0.098958
15 0.219712 0.082552 0.058654 0.127604
15 0.194231 0.032552 0.073558 0.052604
15 0.184976 0.112500 0.043990 0.081250
15 0.155889 0.188802 0.053606 0.120313
15 0.142668 0.275260 0.076683 0.066146
15 0.131731 0.364583 0.054808 0.101042
15 0.133534 0.476042 0.058413 0.101042
15 0.113462 0.578125 0.038942 0.150000
15 0.153606 0.644271 0.044712 0.094792
15 0.108053 0.692187 0.043510 0.073958
15 0.128486 0.751042 0.045433 0.101042
15 0.164543 0.755990 0.060817 0.117188
15 0.147476 0.849219 0.033413 0.052604
15 0.150000 0.945573 0.022596 0.078646
15 0.101442 0.919271 0.087981 0.059375
15 0.030649 0.919792 0.060817 0.069792
15 0.068029 0.864323 0.036058 0.070312
15 0.099159 0.817448 0.052644 0.119271
15 0.065144 0.721094 0.051442 0.116146
15 0.031851 0.814583 0.063221 0.104167
15 0.013582 0.705469 0.026683 0.097396
15 0.034856 0.731771 0.012981 0.063542
15 0.051322 0.613281 0.085817 0.094271
15 0.031490 0.517708 0.042788 0.139583
15 0.082933 0.517969 0.038942 0.098437
15 0.074279 0.402344 0.067308 0.145313
15 0.006250 0.473438 0.012019 0.046875
15 0.041947 0.336198 0.050721 0.098437
15 0.020433 0.400781 0.040385 0.094271
15 0.024159 0.245573 0.047837 0.101562
15 0.082452 0.272656 0.043750 0.078646
15 0.062740 0.182812 0.055288 0.113542
15 0.107692 0.166667 0.046635 0.138542
15 0.141106 0.083594 0.045192 0.109896
15 0.079327 0.084115 0.069712 0.100521
15 0.021514 0.144531 0.042548 0.092188
15 0.015865 0.048958 0.031250 0.096875
15 0.053726 0.033854 0.050240 0.062500
15 0.102644 0.019271 0.061538 0.037500
15 0.149279 0.013542 0.026442 0.026042
