15 0.900521 0.010817 0.073958 0.021154
15 0.817187 0.008654 0.089583 0.016827
15 0.716667 0.012500 0.081250 0.024519
15 0.649219 0.010096 0.055729 0.019712
15 0.594010 0.020433 0.077604 0.040385
15 0.528385 0.009615 0.057813 0.018750
15 0.498958 0.034495 0.079167 0.033413
15 0.357292 0.006851 0.063542 0.013221
15 0.264583 0.010337 0.100000 0.020192
15 0.180208 0.013462 0.087500 0.026442
15 0.208073 0.043269 0.068229 0.038462
15 0.299479 0.081611 0.087500 0.047837
15 0.413802 0.093630 0.072396 0.037740
15 0.703385 0.086418 0.133854 0.042067
15 0.737760 0.044231 0.113021 0.042308
15 0.413542 0.139423 0.112500 0.040385
15 0.645833 0.135937 0.088542 0.046875
15 0.681771 0.160817 0.070833 0.054327
15 0.451302 0.187019 0.105729 0.028846
15 0.466146 0.222596 0.102083 0.038462
15 0.535417 0.244231 0.113542 0.047115
15 0.632812 0.224038 0.082292 0.063942
15 0.722917 0.247837 0.090625 0.037019
15 0.776563 0.237500 0.092708 0.037019
15 0.775000 0.196635 0.098958 0.034615
15 0.789583 0.157812 0.087500 0.054087
15 0.858073 0.169832 0.073438 0.051683
15 0.920573 0.191947 0.086979 0.064663
15 0.930208 0.118630 0.063542 0.048317
15 0.855208 0.119832 0.086458 0.050721
15 0.885677 0.082212 0.085938 0.037981
15 0.808594 0.079087 0.079687 0.046154
15 0.812760 0.030889 0.083854 0.046394
15 0.864844 0.231971 0.093229 0.055769
15 0.900260 0.282452 0.086979 0.039423
15 0.844271 0.297476 0.084375 0.062260
15 0.777865 0.282813 0.073438 0.053606
15 0.707292 0.291226 0.086458 0.056490
15 0.604167 0.264423 0.068750 0.035577
15 0.531250 0.284856 0.078125 0.040385
15 0.613281 0.295072 0.095312 0.034375
15 0.908854 0.322236 0.110417 0.034856
15 0.764062 0.331010 0.120833 0.038942
15 0.678385 0.318029 0.075521 0.040865
15 0.585677 0.322115 0.106771 0.032692
15 0.651302 0.351803 0.089063 0.045433
15 0.752083 0.361779 0.127083 0.030288
15 0.883594 0.355409 0.154688 0.032452
15 0.870833 0.389784 0.095833 0.044952
15 0.899219 0.412260 0.122396 0.027404
15 0.781510 0.414183 0.085938 0.028846
15 0.766927 0.389663 0.125521 0.053846
15 0.675260 0.415986 0.079687 0.052163
15 0.619531 0.385937 0.057813 0.055529
15 0.720052 0.446875 0.130729 0.044231
15 0.810937 0.447356 0.061458 0.031250
15 0.895052 0.442668 0.107813 0.031490
15 0.908594 0.467067 0.091146 0.029327
15 0.804427 0.474279 0.078646 0.027885
15 0.730469 0.476082 0.054688 0.040625
15 0.657813 0.486178 0.098958 0.048798
15 0.784115 0.499399 0.069271 0.031971
15 0.860677 0.492909 0.092188 0.031010
15 0.935937 0.500120 0.055208 0.031490
15 0.921354 0.541827 0.111458 0.060096
15 0.852344 0.526803 0.064062 0.040144
15 0.779948 0.541707 0.075521 0.040625
15 0.107552 0.295673 0.079687 0.039904
15 0.328906 0.379808 0.128646 0.054327
15 0.526302 0.437740 0.094271 0.029327
15 0.519531 0.467788 0.093229 0.036058
15 0.096354 0.476803 0.067708 0.050240
15 0.142448 0.507692 0.095312 0.065865
15 0.098437 0.532212 0.091667 0.039423
15 0.129688 0.569471 0.109375 0.038942
15 0.638542 0.543990 0.092708 0.060096
15 0.731510 0.567788 0.070312 0.035577
15 0.794792 0.584736 0.063542 0.039663
15 0.827083 0.567788 0.079167 0.038942
15 0.889323 0.600601 0.077604 0.057933
15 0.932292 0.575000 0.043750 0.022115
15 0.941667 0.612019 0.044792 0.051923
15 0.908073 0.651563 0.093229 0.046394
15 0.820312 0.630769 0.066667 0.055769
15 0.776302 0.657091 0.047396 0.040625
15 0.750260 0.619231 0.070312 0.036058
15 0.700000 0.592187 0.095833 0.043029
15 0.620573 0.576562 0.060937 0.060817
15 0.527083 0.592548 0.108333 0.029327
15 0.654687 0.624159 0.094792 0.035817
15 0.697917 0.652404 0.096875 0.036058
15 0.645312 0.686779 0.071875 0.042788
15 0.707552 0.692548 0.074479 0.039423
15 0.840104 0.686899 0.097917 0.029567
15 0.926823 0.679688 0.064062 0.017067
15 0.927865 0.724038 0.086979 0.038942
15 0.846615 0.713582 0.096354 0.042067
15 0.804688 0.733173 0.061458 0.051442
15 0.872656 0.767428 0.090104 0.062260
15 0.937240 0.777644 0.050521 0.044712
15 0.815625 0.793029 0.061458 0.045673
15 0.753646 0.788942 0.092708 0.051442
15 0.726562 0.740264 0.110417 0.052163
15 0.644010 0.755529 0.106771 0.039904
15 0.611719 0.779087 0.082812 0.044231
15 0.606250 0.817548 0.130208 0.042308
15 0.729167 0.830048 0.113542 0.041346
15 0.846615 0.823438 0.115104 0.034375
15 0.846094 0.850601 0.069271 0.023798
15 0.778906 0.870072 0.101562 0.036779
15 0.734115 0.898438 0.061979 0.045913
15 0.641146 0.874760 0.094792 0.044712
15 0.510938 0.871394 0.105208 0.060096
15 0.765104 0.919712 0.051042 0.036058
15 0.683333 0.942067 0.122917 0.047115
15 0.654687 0.915625 0.090625 0.050481
15 0.557292 0.928606 0.091667 0.043750
15 0.467708 0.953365 0.134375 0.060577
15 0.646615 0.975240 0.075521 0.040865
15 0.574740 0.985817 0.107813 0.028365
