15 0.394531 0.351923 0.118229 0.071154
15 0.586198 0.406010 0.179688 0.052404
15 0.420573 0.560577 0.118229 0.049038
15 0.677604 0.555168 0.120833 0.051202
15 0.837760 0.550000 0.127604 0.054808
15 0.679688 0.225721 0.163542 0.043750
15 0.180208 0.125721 0.158333 0.081731
15 0.452604 0.042188 0.158333 0.061298
15 0.385156 0.154087 0.127604 0.047115
15 0.775521 0.076563 0.122917 0.042548
15 0.737760 0.177644 0.108854 0.039423
15 0.524479 0.154567 0.134375 0.033654
15 0.646875 0.138582 0.084375 0.049760
15 0.472917 0.113942 0.070833 0.047596
15 0.378385 0.082933 0.090104 0.045673
15 0.365885 0.119712 0.143229 0.028846
15 0.309896 0.155288 0.048958 0.020192
15 0.314063 0.187019 0.128125 0.034615
15 0.446615 0.199038 0.142187 0.059615
15 0.547656 0.203606 0.070312 0.049519
15 0.632812 0.181851 0.102083 0.032933
15 0.800781 0.229447 0.117188 0.056010
15 0.885156 0.202885 0.142187 0.046154
15 0.843229 0.165385 0.152083 0.036058
15 0.960677 0.175481 0.078646 0.068750
15 0.855990 0.127764 0.168229 0.039183
15 0.707031 0.097596 0.096354 0.050000
15 0.896615 0.074760 0.145313 0.047596
15 0.959635 0.097236 0.080729 0.041106
15 0.941667 0.034495 0.109375 0.040144
15 0.880729 0.015505 0.113542 0.030048
15 0.802604 0.035337 0.098958 0.051442
15 0.753385 0.013341 0.121354 0.026202
15 0.670833 0.034014 0.123958 0.057933
15 0.626823 0.065024 0.074479 0.077163
15 0.540625 0.026322 0.158333 0.049760
15 0.418490 0.011298 0.081771 0.020673
15 0.358333 0.031010 0.126042 0.048077
15 0.250260 0.018990 0.098437 0.035096
15 0.190885 0.050601 0.114062 0.050240
15 0.192188 0.096274 0.154167 0.054087
15 0.078385 0.053125 0.103646 0.046154
15 0.057292 0.106971 0.075000 0.063462
15 0.100521 0.162019 0.070833 0.037500
15 0.086458 0.014183 0.079167 0.023558
15 0.022656 0.018389 0.038021 0.030529
15 0.012240 0.071154 0.023438 0.069231
15 0.038281 0.159615 0.065104 0.047596
15 0.261979 0.144471 0.054167 0.039423
15 0.191146 0.188341 0.100000 0.045913
15 0.603125 0.270793 0.090625 0.049279
15 0.703646 0.306611 0.138542 0.055048
15 0.833594 0.312981 0.102604 0.046154
15 0.930469 0.278365 0.114062 0.047115
15 0.881250 0.245072 0.095833 0.037260
15 0.735417 0.260937 0.129167 0.043510
15 0.945052 0.321995 0.108854 0.046394
15 0.948958 0.371154 0.102083 0.056731
15 0.874479 0.378966 0.064583 0.034375
15 0.805990 0.592909 0.185938 0.045913
15 0.956250 0.590385 0.087500 0.054327
15 0.888021 0.613221 0.091667 0.015385
15 0.916667 0.535457 0.166667 0.046394
15 0.906510 0.487620 0.166146 0.052644
15 0.975521 0.467067 0.048958 0.045673
15 0.952083 0.418990 0.095833 0.035577
15 0.847135 0.454087 0.089063 0.030288
15 0.599219 0.333053 0.094271 0.064183
15 0.539323 0.379207 0.089063 0.022356
15 0.648698 0.361418 0.061979 0.023317
15 0.797396 0.354567 0.145833 0.045192
15 0.718490 0.384014 0.127604 0.069952
15 0.755729 0.409495 0.078125 0.046394
15 0.841927 0.415264 0.106771 0.056490
15 0.918490 0.449880 0.055729 0.021875
15 0.467708 0.310817 0.148958 0.051442
15 0.504687 0.259615 0.111458 0.039423
15 0.304427 0.219471 0.118229 0.027885
15 0.411719 0.244111 0.081771 0.045433
15 0.326823 0.261779 0.132812 0.050962
15 0.291406 0.305649 0.081771 0.055048
15 0.233333 0.270793 0.071875 0.058413
15 0.200781 0.316226 0.089063 0.043029
15 0.144531 0.272236 0.093229 0.040625
15 0.184115 0.225240 0.095312 0.041827
15 0.061979 0.207091 0.116667 0.043510
15 0.088021 0.238101 0.106250 0.044471
15 0.271094 0.353365 0.120313 0.038462
15 0.061458 0.339423 0.076042 0.077885
15 0.148177 0.348558 0.113021 0.067308
15 0.008333 0.278125 0.015625 0.041346
15 0.021875 0.376322 0.042708 0.032452
15 0.039062 0.419832 0.070833 0.049760
15 0.107292 0.406370 0.105208 0.062740
15 0.209115 0.410337 0.115104 0.051442
15 0.228646 0.388822 0.058333 0.031490
15 0.312500 0.398558 0.079167 0.050962
15 0.402865 0.412740 0.153646 0.048077
15 0.489844 0.353966 0.096354 0.034856
15 0.611979 0.467308 0.100000 0.077404
15 0.681510 0.444952 0.075521 0.053365
15 0.762760 0.467909 0.094271 0.062260
15 0.714323 0.496875 0.121354 0.068750
15 0.580990 0.522596 0.118229 0.033173
15 0.515104 0.531731 0.110417 0.045673
15 0.504167 0.477284 0.092708 0.055048
15 0.478125 0.453365 0.060417 0.035577
15 0.389323 0.461298 0.079687 0.050481
15 0.302604 0.442909 0.093750 0.034375
15 0.230208 0.452163 0.070833 0.025000
15 0.138542 0.461058 0.130208 0.062500
15 0.187500 0.510577 0.123958 0.053846
15 0.046875 0.501082 0.092708 0.050721
15 0.092448 0.545793 0.127604 0.077163
15 0.241927 0.560697 0.158854 0.049760
15 0.202344 0.588942 0.094271 0.035577
15 0.300781 0.519471 0.122396 0.047596
15 0.328646 0.482812 0.106250 0.047356
15 0.239844 0.474159 0.075521 0.025721
15 0.388802 0.459856 0.082812 0.039423
15 0.428646 0.500481 0.058333 0.041827
15 0.390625 0.519351 0.044792 0.031490
15 0.406771 0.558534 0.086458 0.058413
15 0.368490 0.575962 0.069271 0.036058
15 0.486719 0.563462 0.100521 0.054327
15 0.879948 0.627043 0.125521 0.055529
15 0.968750 0.642668 0.062500 0.049279
15 0.937240 0.675601 0.125521 0.038221
15 0.829167 0.665625 0.090625 0.037981
15 0.950260 0.718389 0.099479 0.052644
15 0.935156 0.745673 0.106771 0.053846
15 0.920573 0.800361 0.120313 0.046394
15 0.934635 0.852284 0.130729 0.061779
15 0.901563 0.883654 0.116667 0.053846
15 0.944010 0.959615 0.111979 0.069231
15 0.574219 0.574880 0.079687 0.053125
15 0.598437 0.609615 0.085417 0.027404
15 0.702344 0.637861 0.132812 0.049760
15 0.734635 0.608413 0.093229 0.048077
15 0.667708 0.670433 0.070833 0.045192
15 0.579167 0.663341 0.158333 0.053606
15 0.575521 0.627644 0.084375 0.006250
15 0.502865 0.627284 0.082812 0.061779
15 0.414844 0.621875 0.118229 0.051923
15 0.333073 0.639543 0.088021 0.055529
15 0.257292 0.612620 0.097917 0.046394
15 0.170573 0.629327 0.093229 0.039423
15 0.062500 0.609856 0.117708 0.051923
15 0.122135 0.656490 0.107813 0.033173
15 0.234896 0.662019 0.135417 0.050962
15 0.181510 0.705409 0.159896 0.061298
15 0.034115 0.649279 0.066146 0.039423
15 0.066406 0.708173 0.122396 0.075000
15 0.039844 0.772957 0.078646 0.048798
15 0.149479 0.756130 0.177083 0.052644
15 0.303906 0.773438 0.086979 0.064663
15 0.359635 0.738341 0.079687 0.049279
15 0.373698 0.700000 0.172396 0.056250
15 0.466927 0.696875 0.063021 0.054327
15 0.541406 0.724519 0.132812 0.072115
15 0.627604 0.735938 0.077083 0.067548
15 0.733594 0.731490 0.107813 0.057212
15 0.762760 0.692548 0.114062 0.038942
15 0.849479 0.710577 0.073958 0.047596
15 0.786719 0.735457 0.043229 0.036779
15 0.828385 0.774399 0.059896 0.045913
15 0.782031 0.800120 0.093229 0.061779
15 0.695833 0.770433 0.104167 0.035577
15 0.656771 0.813101 0.142708 0.049760
15 0.562500 0.789543 0.090625 0.061298
15 0.451562 0.772115 0.136458 0.057212
15 0.436719 0.733413 0.061979 0.015385
15 0.313802 0.834856 0.099479 0.075000
15 0.429688 0.818990 0.112500 0.041346
15 0.221354 0.827885 0.076042 0.066827
15 0.152604 0.805288 0.156250 0.042308
15 0.040365 0.870313 0.075521 0.070433
15 0.014583 0.817308 0.028125 0.027404
15 0.086198 0.848197 0.102604 0.052644
15 0.189844 0.853005 0.140104 0.061298
15 0.245573 0.768630 0.049479 0.043510
15 0.705208 0.855649 0.110417 0.056010
15 0.766927 0.873437 0.107813 0.043510
15 0.832812 0.842187 0.103125 0.024760
15 0.610156 0.865865 0.083854 0.048077
15 0.537500 0.852163 0.090625 0.048077
15 0.430469 0.869471 0.146354 0.053846
15 0.314323 0.902043 0.122396 0.061779
15 0.119010 0.906010 0.114062 0.059615
15 0.038802 0.936899 0.076563 0.050240
15 0.180469 0.886058 0.102604 0.051442
15 0.234375 0.916106 0.079167 0.054327
15 0.830208 0.988221 0.142708 0.023558
15 0.846354 0.957332 0.112500 0.055529
15 0.801042 0.912620 0.116667 0.046394
15 0.776823 0.955769 0.073438 0.036538
15 0.704948 0.927284 0.070312 0.058413
15 0.660937 0.899159 0.084375 0.046875
15 0.600260 0.922115 0.086979 0.066346
15 0.496094 0.911779 0.114062 0.051442
15 0.435417 0.957332 0.104167 0.082933
15 0.551042 0.977284 0.110417 0.045433
15 0.504687 0.951322 0.027083 0.034375
15 0.303385 0.958293 0.132812 0.049760
15 0.356510 0.949519 0.073438 0.044712
15 0.315625 0.903726 0.128125 0.057452
15 0.135156 0.967909 0.148438 0.064183
15 0.356510 0.986659 0.105729 0.022837
15 0.679167 0.971274 0.142708 0.036779
