15 0.962760 0.037259 0.074479 0.045998
15 0.983333 0.087626 0.033333 0.074057
15 0.917188 0.074287 0.109375 0.108096
15 0.871875 0.143744 0.103125 0.101656
15 0.819010 0.061638 0.082812 0.089236
15 0.713802 0.064627 0.130729 0.100736
15 0.780469 0.117755 0.088021 0.051518
15 0.738802 0.205612 0.115104 0.089236
15 0.945573 0.177093 0.085938 0.090156
15 0.973437 0.223321 0.053125 0.059338
15 0.926302 0.288408 0.093229 0.076357
15 0.990365 0.307498 0.019271 0.080497
15 0.938281 0.364305 0.086979 0.072677
15 0.852083 0.344986 0.083333 0.078197
15 0.788281 0.292778 0.111979 0.113615
15 0.591667 0.024609 0.084375 0.048298
15 0.497656 0.034729 0.084896 0.056578
15 0.562240 0.091996 0.139063 0.119595
15 0.665885 0.166053 0.110937 0.106716
15 0.640365 0.262879 0.097396 0.084177
15 0.587760 0.192732 0.068229 0.057038
15 0.515104 0.169733 0.085417 0.057958
15 0.778125 0.161684 0.087500 0.038178
15 0.454167 0.131095 0.157292 0.082797
15 0.423958 0.076127 0.093750 0.058418
15 0.410677 0.018169 0.085938 0.035419
15 0.330990 0.019089 0.071354 0.037259
15 0.336979 0.100046 0.073958 0.120975
15 0.407031 0.198252 0.096354 0.074517
15 0.394792 0.254140 0.115625 0.093376
15 0.317708 0.263799 0.078125 0.091536
15 0.445052 0.285189 0.093229 0.076357
15 0.538021 0.329117 0.097917 0.087856
15 0.673438 0.350506 0.163542 0.068997
15 0.687240 0.330727 0.119271 0.083717
15 0.765885 0.397194 0.133854 0.062098
15 0.900521 0.445262 0.096875 0.109476
15 0.797656 0.468261 0.120313 0.109476
15 0.732292 0.492640 0.143750 0.091076
15 0.632812 0.426863 0.088542 0.065317
15 0.550781 0.415823 0.071354 0.086477
15 0.461458 0.392364 0.110417 0.093836
15 0.490885 0.454232 0.122396 0.115455
15 0.373177 0.480681 0.111979 0.091076
15 0.303906 0.453082 0.092188 0.090156
15 0.395833 0.366835 0.101042 0.096136
15 0.302604 0.359936 0.086458 0.111776
15 0.232813 0.353956 0.096875 0.109936
15 0.305990 0.161224 0.086979 0.095216
15 0.258073 0.031509 0.114062 0.058418
15 0.226302 0.109706 0.156771 0.090616
15 0.209375 0.162833 0.084375 0.014719
15 0.223177 0.207222 0.139063 0.074977
15 0.188802 0.263799 0.156771 0.081417
15 0.162760 0.041858 0.110937 0.080957
15 0.104167 0.126725 0.100000 0.093376
15 0.061979 0.060258 0.101042 0.065317
15 0.046875 0.028289 0.092708 0.052898
15 0.021875 0.101656 0.042708 0.054278
15 0.014583 0.156854 0.028125 0.080037
15 0.089844 0.204692 0.113021 0.056118
15 0.084635 0.272999 0.083854 0.086017
15 0.038802 0.286339 0.076563 0.089696
15 0.107031 0.359476 0.151562 0.097056
15 0.044531 0.386385 0.088021 0.103036
15 0.172396 0.434913 0.123958 0.072217
15 0.122396 0.481141 0.047917 0.054278
15 0.207292 0.502070 0.128125 0.062098
15 0.047135 0.505750 0.093229 0.111776
15 0.095573 0.583027 0.106771 0.132935
15 0.020573 0.641444 0.040104 0.103496
15 0.201823 0.580497 0.092188 0.110396
15 0.306771 0.583027 0.114583 0.098896
15 0.384375 0.557958 0.092708 0.091076
15 0.456510 0.528289 0.064062 0.060258
15 0.423958 0.601886 0.100000 0.074057
15 0.518750 0.597976 0.092708 0.129715
15 0.594271 0.609476 0.082292 0.094756
15 0.693490 0.551058 0.079687 0.082797
15 0.607292 0.513339 0.118750 0.097516
15 0.759635 0.585557 0.051562 0.080957
15 0.869010 0.550828 0.108854 0.073137
15 0.898958 0.512879 0.068750 0.044158
15 0.962240 0.520469 0.071354 0.064857
15 0.954427 0.574747 0.068229 0.045538
15 0.976562 0.412833 0.046875 0.059338
15 0.897135 0.629485 0.076563 0.085097
15 0.823438 0.611546 0.068750 0.096136
15 0.964063 0.629945 0.069792 0.084177
15 0.950781 0.710902 0.096354 0.074057
15 0.860417 0.714581 0.079167 0.076817
15 0.803125 0.715961 0.035417 0.103496
15 0.744010 0.687902 0.085938 0.126495
15 0.689583 0.748160 0.114583 0.145814
15 0.772656 0.795538 0.057813 0.067617
15 0.633854 0.658464 0.138542 0.118215
15 0.495573 0.686293 0.141146 0.093836
15 0.373958 0.674333 0.093750 0.094756
15 0.286458 0.725621 0.104167 0.147654
15 0.220312 0.682153 0.059375 0.075437
15 0.172396 0.690892 0.069792 0.061638
15 0.082552 0.690202 0.126562 0.095216
15 0.161979 0.740110 0.112500 0.106716
15 0.073698 0.794618 0.146354 0.097056
15 0.058073 0.866145 0.115104 0.050598
15 0.219271 0.841306 0.120833 0.075437
15 0.310417 0.808878 0.064583 0.053818
15 0.365625 0.846826 0.072917 0.073597
15 0.397135 0.778749 0.105729 0.128795
15 0.237500 0.900644 0.125000 0.070837
15 0.098958 0.933763 0.129167 0.132475
15 0.021875 0.964811 0.042708 0.070377
15 0.153385 0.990340 0.053646 0.019319
15 0.230208 0.970331 0.083333 0.057498
15 0.321354 0.935373 0.113542 0.129255
15 0.442708 0.916053 0.118750 0.126495
15 0.498698 0.757130 0.108854 0.130635
15 0.572656 0.854646 0.079687 0.081877
15 0.585938 0.773689 0.094792 0.112236
15 0.686458 0.871435 0.141667 0.135695
15 0.595573 0.938822 0.159896 0.100276
15 0.525000 0.983901 0.078125 0.032199
15 0.711458 0.977001 0.104167 0.045998
15 0.806250 0.944112 0.104167 0.111776
15 0.785937 0.860856 0.090625 0.063017
15 0.835677 0.799678 0.077604 0.083257
15 0.909375 0.845906 0.120833 0.122355
15 0.929427 0.958832 0.122396 0.082337
15 0.957812 0.887764 0.056250 0.104876
15 0.977865 0.811178 0.044271 0.088776
15 0.940104 0.769089 0.119792 0.033119
