15 0.976683 0.975521 0.042788 0.048958
15 0.961298 0.887500 0.077404 0.132292
15 0.892668 0.847917 0.045913 0.089583
15 0.884375 0.948177 0.075000 0.103646
15 0.806370 0.949479 0.079087 0.095833
15 0.763221 0.973437 0.037500 0.053125
15 0.734976 0.905208 0.045433 0.138542
15 0.703486 0.973698 0.068510 0.052604
15 0.701202 0.858854 0.037981 0.165625
15 0.845913 0.819271 0.046635 0.146875
15 0.790024 0.849219 0.070913 0.114062
15 0.734615 0.763281 0.046154 0.103646
15 0.779087 0.729427 0.082212 0.120313
15 0.827524 0.734896 0.050240 0.107292
15 0.887139 0.737760 0.065625 0.128646
15 0.916587 0.677865 0.039904 0.127604
15 0.993029 0.642448 0.013942 0.117188
15 0.936659 0.563542 0.056010 0.111458
15 0.977524 0.489844 0.044471 0.116146
15 0.947596 0.414583 0.051923 0.159375
15 0.901803 0.492448 0.051202 0.161979
15 0.875120 0.436458 0.047837 0.113542
15 0.883894 0.321875 0.057212 0.112500
15 0.986178 0.319792 0.027644 0.114583
15 0.946034 0.294531 0.070433 0.103646
15 0.989663 0.177083 0.020673 0.069792
15 0.946635 0.176042 0.057692 0.137500
15 0.889784 0.212500 0.056490 0.080208
15 0.904928 0.115885 0.056010 0.095312
15 0.869471 0.061198 0.061058 0.107813
15 0.853125 0.165625 0.042788 0.111458
15 0.829447 0.263021 0.047356 0.089583
15 0.809375 0.175260 0.040865 0.125521
15 0.806611 0.057031 0.060337 0.109896
15 0.833413 0.029948 0.033173 0.054688
15 0.744351 0.146354 0.082452 0.129167
15 0.775240 0.134896 0.023077 0.069792
15 0.736659 0.028385 0.060817 0.055729
15 0.708053 0.192708 0.038221 0.081250
15 0.737260 0.275260 0.053365 0.111979
15 0.795553 0.325521 0.081971 0.143750
15 0.831971 0.450260 0.040865 0.136979
15 0.788101 0.459635 0.054567 0.110937
15 0.736659 0.398438 0.052163 0.131250
15 0.713221 0.496354 0.055288 0.112500
15 0.776322 0.560156 0.049760 0.099479
15 0.817548 0.552344 0.047115 0.094271
15 0.870913 0.597917 0.053846 0.147917
15 0.732572 0.611198 0.060337 0.133854
15 0.697476 0.658594 0.044471 0.123438
15 0.671154 0.773177 0.051442 0.120313
15 0.658654 0.908073 0.055288 0.138021
15 0.645072 0.983073 0.044952 0.033854
15 0.596635 0.971615 0.059615 0.056771
15 0.606611 0.889323 0.052163 0.107813
15 0.625120 0.783854 0.044471 0.104167
15 0.578726 0.789583 0.043510 0.097917
15 0.652163 0.689583 0.044712 0.103125
15 0.664904 0.587760 0.049519 0.103646
15 0.618029 0.571615 0.044231 0.108854
15 0.668389 0.479687 0.058894 0.136458
15 0.672837 0.374219 0.059135 0.082812
15 0.687981 0.271094 0.044231 0.124479
15 0.643630 0.273958 0.073317 0.142708
15 0.622115 0.211979 0.037981 0.072917
15 0.609495 0.457552 0.050721 0.123438
15 0.590385 0.358073 0.061058 0.107813
15 0.629567 0.370312 0.020192 0.055208
15 0.605048 0.676562 0.045192 0.132292
15 0.560577 0.701562 0.042788 0.107292
15 0.566106 0.595833 0.055769 0.105208
15 0.567668 0.500260 0.043510 0.100521
15 0.542188 0.485677 0.047837 0.114062
15 0.538942 0.384375 0.057692 0.091667
15 0.583894 0.261979 0.043269 0.093750
15 0.544712 0.277604 0.036538 0.123958
15 0.528606 0.219792 0.029808 0.053125
15 0.579207 0.170573 0.069471 0.091146
15 0.495553 0.286719 0.059375 0.101562
15 0.498678 0.378646 0.023317 0.082292
15 0.511058 0.456250 0.027885 0.080208
15 0.511298 0.577604 0.047596 0.129167
15 0.481611 0.504948 0.038221 0.143229
15 0.463341 0.532292 0.036779 0.168750
15 0.510697 0.690365 0.052163 0.097396
15 0.525240 0.800000 0.061538 0.090625
15 0.550841 0.882552 0.064663 0.099479
15 0.509856 0.946615 0.050962 0.088021
15 0.543269 0.962500 0.025000 0.072917
15 0.491587 0.879948 0.039423 0.100521
15 0.455288 0.904427 0.045673 0.101562
15 0.475000 0.970833 0.045192 0.058333
15 0.435697 0.981771 0.030529 0.036458
15 0.458053 0.794531 0.063221 0.107813
15 0.450361 0.710417 0.045913 0.116667
15 0.455409 0.660156 0.075240 0.077604
15 0.465986 0.384635 0.050240 0.120313
15 0.437019 0.472656 0.038942 0.058854
15 0.486538 0.197656 0.050000 0.080729
15 0.560216 0.122656 0.057933 0.116146
15 0.512139 0.119010 0.042067 0.154688
15 0.614784 0.057813 0.045433 0.113542
15 0.654447 0.108594 0.046394 0.152604
15 0.693149 0.096354 0.045913 0.104167
15 0.652163 0.020833 0.051923 0.040625
15 0.581250 0.020833 0.026442 0.040625
15 0.557452 0.027604 0.018750 0.054167
15 0.527043 0.031510 0.039183 0.061979
15 0.475000 0.098698 0.039904 0.096354
15 0.465986 0.032031 0.052163 0.063021
15 0.436418 0.121094 0.037740 0.099479
15 0.418870 0.036458 0.038221 0.071875
15 0.451442 0.272135 0.025481 0.098437
15 0.413101 0.289323 0.057933 0.108854
15 0.417187 0.407031 0.045433 0.115104
15 0.409736 0.511198 0.065144 0.127604
15 0.417308 0.604167 0.050962 0.063542
15 0.375962 0.626823 0.074038 0.096354
15 0.405649 0.736198 0.056490 0.117188
15 0.395913 0.852604 0.086058 0.107292
15 0.406971 0.939063 0.051923 0.090625
15 0.347596 0.934896 0.065865 0.103125
15 0.382692 0.991406 0.046635 0.017188
15 0.319952 0.833594 0.054327 0.116146
15 0.311058 0.978646 0.067788 0.041667
15 0.277284 0.917188 0.048317 0.132292
15 0.230168 0.957031 0.054087 0.085938
15 0.227404 0.865365 0.050481 0.109896
15 0.267067 0.788281 0.048558 0.128646
15 0.236418 0.731510 0.056010 0.138021
15 0.303486 0.658333 0.060337 0.088542
15 0.310337 0.564583 0.059135 0.093750
15 0.358654 0.534375 0.055288 0.066667
15 0.343029 0.449479 0.064423 0.105208
15 0.382212 0.372656 0.025481 0.117188
15 0.346635 0.307812 0.042308 0.167708
15 0.369111 0.209896 0.038221 0.107292
15 0.369952 0.285677 0.023558 0.042188
15 0.397236 0.144271 0.031010 0.142708
15 0.338462 0.078646 0.048077 0.156250
15 0.302524 0.260937 0.050240 0.118750
15 0.282933 0.399740 0.082692 0.150521
15 0.281851 0.315365 0.030048 0.040104
15 0.254327 0.221615 0.047115 0.133854
15 0.240024 0.318750 0.056490 0.145833
15 0.236899 0.455469 0.044471 0.124479
15 0.249639 0.591406 0.051202 0.150521
15 0.287019 0.483854 0.069712 0.079167
15 0.275962 0.101562 0.064423 0.113542
15 0.290024 0.037500 0.058413 0.073958
15 0.223197 0.158594 0.039663 0.154688
15 0.234135 0.040885 0.046154 0.080729
15 0.195553 0.989583 0.040625 0.020833
15 0.144351 0.965625 0.058894 0.067708
15 0.169712 0.885156 0.069231 0.093229
15 0.187981 0.782552 0.056250 0.104688
15 0.120072 0.805990 0.086779 0.095312
15 0.077284 0.871875 0.073798 0.118750
15 0.097236 0.975000 0.032452 0.050000
15 0.055288 0.963542 0.057692 0.071875
15 0.023558 0.919271 0.045673 0.125000
15 0.083654 0.698438 0.054327 0.113542
15 0.138462 0.707812 0.061058 0.111458
15 0.195312 0.682031 0.057452 0.086979
15 0.191587 0.579427 0.065385 0.116146
15 0.136899 0.591406 0.062260 0.130729
15 0.195192 0.482812 0.047115 0.096875
15 0.147115 0.469792 0.052404 0.130208
15 0.094471 0.483073 0.057692 0.111979
15 0.041106 0.509896 0.053365 0.092708
15 0.050240 0.406510 0.054327 0.099479
15 0.100481 0.366667 0.071154 0.088542
15 0.150361 0.333594 0.045913 0.134896
15 0.198077 0.276302 0.045192 0.091146
15 0.171274 0.215365 0.049760 0.081771
15 0.122957 0.261198 0.054087 0.108854
15 0.093870 0.187500 0.042548 0.167708
15 0.071875 0.276823 0.037981 0.086979
15 0.035817 0.297396 0.052885 0.133333
15 0.134976 0.158854 0.052163 0.073958
15 0.182692 0.152604 0.047596 0.101042
15 0.189062 0.062760 0.056490 0.124479
15 0.137740 0.059115 0.045192 0.117188
15 0.053966 0.042969 0.100240 0.084896
15 0.045192 0.119792 0.060096 0.063542
15 0.051202 0.188542 0.048558 0.082292
15 0.014183 0.241667 0.027885 0.096875
15 0.013702 0.158594 0.026923 0.082812
15 0.009615 0.417708 0.018750 0.179167
15 0.029327 0.606771 0.058173 0.106250
15 0.037139 0.726823 0.044952 0.117188
15 0.010577 0.728906 0.020673 0.125521
15 0.006971 0.822396 0.013462 0.057292
15 0.012139 0.984635 0.018029 0.030729
