15 0.948438 0.038101 0.103125 0.071394
15 0.956250 0.092909 0.081250 0.035817
15 0.848177 0.025962 0.120313 0.048558
15 0.780469 0.070913 0.132812 0.075000
15 0.875521 0.081731 0.072917 0.052404
15 0.689844 0.118510 0.139063 0.039423
15 0.957031 0.130769 0.085938 0.038942
15 0.895833 0.140865 0.089583 0.056731
15 0.804948 0.145673 0.130729 0.070192
15 0.702604 0.179447 0.096875 0.073317
15 0.629427 0.074279 0.157812 0.064423
15 0.596094 0.024159 0.131771 0.047837
15 0.705469 0.007933 0.064062 0.015385
15 0.511198 0.060216 0.090104 0.067548
15 0.530729 0.132812 0.123958 0.067548
15 0.412500 0.099399 0.154167 0.078606
15 0.373958 0.164784 0.114583 0.055048
15 0.316927 0.098197 0.092188 0.062740
15 0.475781 0.011298 0.120313 0.022115
15 0.396354 0.032452 0.100000 0.064423
15 0.488021 0.199159 0.129167 0.067548
15 0.978646 0.184976 0.042708 0.058413
15 0.912500 0.203125 0.097917 0.058654
15 0.805990 0.208654 0.108854 0.048558
15 0.975521 0.237380 0.048958 0.043990
15 0.658854 0.244111 0.079167 0.062740
15 0.567448 0.236779 0.097396 0.056250
15 0.417448 0.268750 0.133854 0.071635
15 0.322656 0.222957 0.107813 0.065144
15 0.297917 0.277163 0.096875 0.059615
15 0.520833 0.294591 0.084375 0.065144
15 0.635417 0.304688 0.120833 0.059856
15 0.761979 0.268389 0.116667 0.068029
15 0.882292 0.240505 0.103125 0.023317
15 0.870573 0.271995 0.139063 0.041587
15 0.938802 0.290024 0.092188 0.058413
15 0.833854 0.319591 0.115625 0.059375
15 0.723177 0.329928 0.129688 0.049760
15 0.884115 0.345433 0.103646 0.053365
15 0.930990 0.379207 0.102604 0.046875
15 0.968229 0.329808 0.063542 0.054327
15 0.563542 0.372596 0.138542 0.071154
15 0.461458 0.360938 0.119792 0.086298
15 0.335417 0.342308 0.106250 0.065385
15 0.424219 0.320192 0.091146 0.025000
15 0.397135 0.406250 0.114062 0.055288
15 0.315104 0.445913 0.095833 0.088462
15 0.407552 0.460457 0.111979 0.052644
15 0.516146 0.464904 0.136458 0.075481
15 0.638281 0.469111 0.101562 0.073317
15 0.748437 0.462861 0.085417 0.028125
15 0.758854 0.428245 0.119792 0.036779
15 0.680990 0.393149 0.090104 0.068990
15 0.602083 0.408534 0.079167 0.050721
15 0.776823 0.383413 0.085938 0.063462
15 0.839323 0.389423 0.055729 0.044231
15 0.982292 0.404928 0.035417 0.062740
15 0.889062 0.440625 0.155208 0.072115
15 0.965885 0.456851 0.065104 0.037260
15 0.855729 0.479207 0.118750 0.051683
15 0.930208 0.492067 0.035417 0.027885
15 0.976042 0.499399 0.047917 0.045913
15 0.762240 0.502524 0.130729 0.049279
15 0.664583 0.520072 0.117708 0.034375
15 0.555729 0.523197 0.087500 0.054087
15 0.517708 0.465745 0.128125 0.073798
15 0.471615 0.530168 0.064062 0.046394
15 0.385677 0.523678 0.105729 0.046394
15 0.864844 0.533053 0.172396 0.047356
15 0.765625 0.534135 0.057292 0.018750
15 0.953646 0.568029 0.088542 0.070192
15 0.880208 0.563341 0.065625 0.023317
15 0.845313 0.596154 0.121875 0.057692
15 0.954688 0.615505 0.082292 0.038702
15 0.982292 0.648077 0.035417 0.049519
15 0.375260 0.496274 0.119271 0.025240
15 0.388542 0.572356 0.094792 0.057692
15 0.478906 0.584255 0.209896 0.053125
15 0.606510 0.550841 0.105729 0.036779
15 0.642969 0.575841 0.111979 0.063702
15 0.603906 0.614183 0.103646 0.051923
15 0.519531 0.640024 0.070312 0.043510
15 0.741667 0.589303 0.103125 0.063221
15 0.824219 0.643029 0.119271 0.065865
15 0.691406 0.637500 0.123438 0.060577
15 0.598177 0.664904 0.094271 0.049038
15 0.496094 0.691947 0.109896 0.057452
15 0.451302 0.658173 0.086979 0.087500
15 0.346875 0.629567 0.098958 0.053846
15 0.381250 0.682212 0.108333 0.052885
15 0.383073 0.745553 0.118229 0.068029
15 0.473438 0.751202 0.069792 0.066827
15 0.559115 0.780769 0.097396 0.088942
15 0.630469 0.789183 0.076563 0.059135
15 0.670573 0.736298 0.069271 0.034615
15 0.637760 0.753726 0.052604 0.028125
15 0.700260 0.688702 0.114062 0.063462
15 0.583073 0.712981 0.098437 0.054327
15 0.749740 0.725361 0.107813 0.056971
15 0.791146 0.683413 0.072917 0.034135
15 0.925260 0.686779 0.147396 0.046154
15 0.916146 0.655649 0.061458 0.016587
15 0.857292 0.740144 0.123958 0.050962
15 0.974740 0.741827 0.050521 0.062019
15 0.918490 0.745793 0.047396 0.036298
15 0.918750 0.788462 0.132292 0.045192
15 0.821615 0.791346 0.101562 0.050481
15 0.730208 0.773918 0.117708 0.041587
15 0.720573 0.816947 0.099479 0.058413
15 0.938542 0.837019 0.122917 0.061538
15 0.953646 0.876442 0.092708 0.040385
15 0.982031 0.911779 0.035937 0.042788
15 0.852344 0.916226 0.146354 0.057452
15 0.833333 0.857692 0.132292 0.062981
15 0.719271 0.885577 0.114583 0.035577
15 0.616146 0.875841 0.090625 0.056971
15 0.691406 0.848317 0.106771 0.037500
15 0.489323 0.830168 0.141146 0.043510
15 0.456510 0.802524 0.119271 0.041106
15 0.350000 0.784014 0.092708 0.048317
15 0.511719 0.861178 0.155729 0.029567
15 0.461719 0.900841 0.091146 0.067548
15 0.570312 0.914303 0.129167 0.050721
15 0.386979 0.868990 0.076042 0.062019
15 0.353125 0.921274 0.170833 0.059375
15 0.333594 0.958413 0.111979 0.033173
15 0.322396 0.828846 0.110417 0.051442
15 0.302604 0.871274 0.087500 0.042067
15 0.276562 0.740865 0.096875 0.058654
15 0.694792 0.932933 0.105208 0.070673
15 0.792188 0.924639 0.088542 0.034856
15 0.885417 0.958654 0.106250 0.049038
15 0.947396 0.975120 0.022917 0.049760
15 0.892188 0.989784 0.072917 0.020433
15 0.795312 0.970793 0.117708 0.058413
15 0.714063 0.983774 0.087500 0.032452
15 0.607292 0.991466 0.111458 0.017067
15 0.602344 0.961178 0.117188 0.043990
15 0.463281 0.976202 0.096354 0.047596
15 0.363021 0.984375 0.123958 0.031250
15 0.252604 0.959976 0.095833 0.057452
15 0.207031 0.878005 0.118229 0.063221
15 0.230208 0.811418 0.082292 0.075240
15 0.131250 0.837981 0.109375 0.060096
15 0.113802 0.978726 0.095312 0.042548
15 0.126562 0.927644 0.121875 0.062500
15 0.034635 0.970553 0.068229 0.045913
15 0.009375 0.943029 0.017708 0.014904
15 0.044271 0.903125 0.087500 0.061058
15 0.039062 0.845553 0.077083 0.055529
15 0.135417 0.837260 0.105208 0.055769
15 0.032813 0.817668 0.064583 0.045433
15 0.075781 0.771875 0.142187 0.054808
15 0.180469 0.731130 0.086979 0.076202
15 0.070833 0.710697 0.132292 0.077163
15 0.114062 0.665024 0.120833 0.067067
15 0.233854 0.646394 0.163542 0.045673
15 0.261979 0.693990 0.146875 0.045673
15 0.217708 0.618389 0.151042 0.029087
15 0.080208 0.589904 0.104167 0.077885
15 0.025781 0.648678 0.050521 0.057933
15 0.165365 0.566707 0.100521 0.059375
15 0.273698 0.578245 0.134896 0.051683
15 0.268490 0.520312 0.106771 0.068990
15 0.125260 0.514423 0.160938 0.059135
15 0.024479 0.532332 0.047917 0.050240
15 0.017188 0.588341 0.033333 0.057452
15 0.213542 0.469471 0.104167 0.045673
15 0.158854 0.429447 0.156250 0.051683
15 0.089063 0.465144 0.105208 0.041827
15 0.038281 0.427404 0.075521 0.066346
15 0.114062 0.379327 0.139583 0.043269
15 0.252344 0.381851 0.174479 0.051202
15 0.023438 0.357572 0.045833 0.062740
15 0.225000 0.331731 0.107292 0.056250
15 0.106250 0.333293 0.159375 0.056490
15 0.163542 0.282212 0.125000 0.051442
15 0.055208 0.300240 0.108333 0.019231
15 0.044531 0.264423 0.088021 0.049038
15 0.093229 0.226322 0.103125 0.064663
15 0.208594 0.229928 0.119271 0.047837
15 0.279687 0.162260 0.079167 0.064904
15 0.142708 0.165865 0.111458 0.069712
15 0.031771 0.190986 0.062500 0.055048
15 0.054948 0.140144 0.108854 0.051442
15 0.215625 0.109856 0.101042 0.062981
15 0.167969 0.066346 0.083854 0.042308
15 0.092708 0.083534 0.154167 0.084856
15 0.029687 0.095433 0.053125 0.037500
15 0.132552 0.023918 0.118229 0.047356
15 0.034115 0.025841 0.067187 0.040625
15 0.212240 0.004447 0.047396 0.008413
15 0.253125 0.043990 0.085417 0.065385
15 0.310677 0.027404 0.106771 0.054327
