15 0.981851 0.163542 0.036298 0.067708
15 0.966106 0.197917 0.067788 0.073958
15 0.981851 0.266667 0.036298 0.079167
15 0.935457 0.272656 0.055529 0.109896
15 0.908534 0.335938 0.047837 0.101042
15 0.946154 0.388021 0.055769 0.107292
15 0.960817 0.089323 0.057212 0.088021
15 0.918029 0.110677 0.040865 0.102604
15 0.907572 0.190625 0.031971 0.111458
15 0.877404 0.250000 0.053846 0.085417
15 0.863341 0.134375 0.046875 0.160417
15 0.880649 0.084115 0.027644 0.085938
15 0.828005 0.188542 0.038221 0.068750
15 0.822115 0.096875 0.042308 0.111458
15 0.790865 0.158073 0.040865 0.102604
15 0.774880 0.076042 0.061779 0.078125
15 0.758654 0.130990 0.039904 0.082812
15 0.740745 0.175521 0.046875 0.109375
15 0.771635 0.226302 0.034135 0.084896
15 0.804447 0.254688 0.054087 0.076042
15 0.808894 0.317708 0.038462 0.097917
15 0.849639 0.318490 0.050721 0.106771
15 0.867788 0.386719 0.047115 0.102604
15 0.817187 0.389062 0.035337 0.073958
15 0.772957 0.363021 0.033413 0.075000
15 0.722356 0.449740 0.035577 0.117188
15 0.750721 0.406250 0.048558 0.094792
15 0.804327 0.506771 0.047115 0.115625
15 0.855409 0.553385 0.062260 0.090104
15 0.767668 0.594010 0.058413 0.113021
15 0.694591 0.729427 0.058894 0.083854
15 0.834375 0.833073 0.057692 0.099479
15 0.685337 0.382292 0.039423 0.116667
15 0.656370 0.453646 0.046394 0.093750
15 0.619471 0.455208 0.039423 0.123958
15 0.744111 0.286979 0.042548 0.101042
15 0.699519 0.295052 0.046635 0.085938
15 0.656851 0.327865 0.038702 0.072396
15 0.669832 0.255208 0.036298 0.067708
15 0.700120 0.169531 0.047837 0.155729
15 0.714663 0.084896 0.039423 0.093750
15 0.678245 0.097135 0.035817 0.095312
15 0.664663 0.193229 0.031731 0.076042
15 0.625962 0.144271 0.053365 0.063542
15 0.631490 0.079948 0.060577 0.065104
15 0.627524 0.204687 0.052163 0.085417
15 0.628726 0.281250 0.039663 0.079167
15 0.624159 0.352865 0.045433 0.085938
15 0.580649 0.401562 0.046394 0.087500
15 0.594351 0.545833 0.041106 0.150000
15 0.539543 0.451042 0.053606 0.082292
15 0.539183 0.363542 0.051923 0.096875
15 0.497476 0.390625 0.045913 0.097917
15 0.477764 0.463542 0.041587 0.100000
15 0.478125 0.309115 0.041827 0.103646
15 0.508774 0.297917 0.030529 0.090625
15 0.545793 0.266146 0.039663 0.102083
15 0.578365 0.312240 0.044712 0.097396
15 0.583894 0.229167 0.040385 0.075000
15 0.581731 0.161719 0.042788 0.079687
15 0.546394 0.164844 0.027885 0.089063
15 0.581370 0.082552 0.041587 0.079687
15 0.538822 0.087240 0.041106 0.086979
15 0.487500 0.095312 0.057692 0.088542
15 0.461779 0.235417 0.048077 0.103125
15 0.418029 0.235677 0.048558 0.113021
15 0.366827 0.152344 0.038462 0.131771
15 0.415625 0.388021 0.062500 0.077083
15 0.434135 0.476302 0.057212 0.094271
15 0.448558 0.554167 0.064423 0.078125
15 0.383293 0.500781 0.044952 0.101562
15 0.362620 0.421354 0.063702 0.066667
15 0.372236 0.347917 0.032452 0.086458
15 0.334615 0.364063 0.039904 0.080208
15 0.329928 0.266146 0.046394 0.080208
15 0.290625 0.483594 0.047115 0.094271
15 0.214543 0.477083 0.064183 0.116667
15 0.156971 0.455469 0.044231 0.102604
15 0.215625 0.372656 0.047115 0.097396
15 0.259255 0.344010 0.052644 0.083854
15 0.287981 0.297656 0.053365 0.099479
15 0.251322 0.259896 0.048798 0.078125
15 0.206851 0.284635 0.042548 0.084896
15 0.167909 0.286198 0.043510 0.102604
15 0.147837 0.338802 0.053846 0.125521
15 0.231971 0.200260 0.067788 0.065104
15 0.251082 0.150000 0.043029 0.044792
15 0.212380 0.130469 0.034856 0.095312
15 0.173077 0.208073 0.046154 0.074479
15 0.169952 0.127083 0.051442 0.104167
15 0.172356 0.071875 0.047596 0.053125
15 0.133534 0.095312 0.036298 0.109375
15 0.126562 0.213281 0.041587 0.119271
15 0.102404 0.283333 0.044231 0.104167
15 0.068630 0.267448 0.041106 0.111979
15 0.085697 0.166146 0.052644 0.101042
15 0.072115 0.102344 0.052885 0.065104
15 0.101082 0.069792 0.054567 0.056250
15 0.025240 0.082552 0.050000 0.083854
15 0.034856 0.154688 0.069231 0.084375
15 0.011899 0.217969 0.023317 0.051562
15 0.040865 0.249219 0.037019 0.075521
15 0.039423 0.340104 0.037500 0.102083
15 0.011538 0.318229 0.022596 0.142708
