15 0.966799 0.013940 0.066401 0.027267
15 0.944887 0.040748 0.065073 0.045956
15 0.905710 0.060509 0.081009 0.046262
15 0.856906 0.016391 0.105578 0.028493
15 0.800797 0.052696 0.111554 0.042892
15 0.708831 0.068321 0.108234 0.041054
15 0.741700 0.094363 0.127490 0.030637
15 0.859230 0.089461 0.073041 0.047181
15 0.937251 0.103554 0.092297 0.023284
15 0.965803 0.149357 0.063081 0.026654
15 0.988712 0.118260 0.022576 0.018382
15 0.900066 0.129442 0.102922 0.030331
15 0.793825 0.114277 0.104250 0.028186
15 0.791833 0.141544 0.101594 0.026961
15 0.695219 0.144608 0.091633 0.031863
15 0.665007 0.125153 0.108234 0.038909
15 0.615206 0.102022 0.086985 0.030025
15 0.596946 0.067555 0.110226 0.035233
15 0.583665 0.038450 0.086321 0.031556
15 0.259296 0.051011 0.084329 0.055453
15 0.385458 0.067249 0.065737 0.023591
15 0.422311 0.098192 0.095618 0.038297
15 0.308101 0.095282 0.102258 0.033701
15 0.146414 0.083487 0.076361 0.037684
15 0.174967 0.113358 0.122842 0.039828
15 0.133798 0.141238 0.138778 0.035539
15 0.029216 0.134804 0.057105 0.047181
15 0.081341 0.178462 0.145418 0.046875
15 0.208499 0.185355 0.088977 0.039828
15 0.298805 0.141850 0.135458 0.034314
15 0.333665 0.114277 0.067065 0.025123
15 0.408699 0.131434 0.075033 0.039828
15 0.499004 0.147212 0.076361 0.044424
15 0.545485 0.120251 0.098938 0.032169
15 0.519588 0.086703 0.101594 0.031863
15 0.564077 0.172641 0.096282 0.051164
15 0.468459 0.177543 0.071049 0.043811
15 0.346282 0.167279 0.144090 0.031863
15 0.304781 0.194393 0.094290 0.036458
15 0.411687 0.209252 0.108898 0.036765
15 0.508964 0.219822 0.067065 0.039522
15 0.332337 0.230699 0.117530 0.038603
15 0.252656 0.254136 0.114874 0.058517
15 0.158035 0.216299 0.099602 0.032475
15 0.052125 0.224571 0.094954 0.037377
15 0.130478 0.250153 0.085657 0.046262
15 0.029880 0.277574 0.058433 0.052696
15 0.100930 0.305760 0.090305 0.041667
15 0.215471 0.287071 0.110890 0.023897
15 0.180943 0.320466 0.077689 0.037990
15 0.378818 0.266697 0.093625 0.032169
15 0.465139 0.246477 0.090969 0.027880
15 0.542497 0.259957 0.082337 0.022978
15 0.627490 0.212469 0.100930 0.056066
15 0.667663 0.177390 0.084329 0.034926
15 0.774568 0.166973 0.109562 0.024510
15 0.799469 0.204810 0.090305 0.062194
15 0.728420 0.195466 0.046481 0.034926
15 0.698871 0.234069 0.051129 0.042279
15 0.613214 0.264093 0.067065 0.030025
15 0.867530 0.179534 0.079017 0.028186
15 0.896414 0.157169 0.073041 0.024510
15 0.948871 0.181373 0.075697 0.034314
15 0.899734 0.214920 0.099602 0.041360
15 0.979084 0.229626 0.032537 0.027267
15 0.943559 0.269148 0.088977 0.046875
15 0.862218 0.272365 0.104250 0.051471
15 0.773240 0.242188 0.080345 0.040748
15 0.730412 0.270374 0.071713 0.049939
15 0.778220 0.291360 0.067729 0.025735
15 0.656375 0.291360 0.130810 0.046569
15 0.562085 0.292433 0.086985 0.027880
15 0.518260 0.309130 0.090969 0.035539
15 0.419323 0.293505 0.090969 0.052083
15 0.469124 0.275582 0.063081 0.030944
15 0.348938 0.307445 0.061753 0.038297
15 0.268260 0.322151 0.086321 0.046875
15 0.324037 0.348652 0.045153 0.033701
15 0.238712 0.361366 0.075033 0.029718
15 0.141766 0.358150 0.088313 0.036152
15 0.049137 0.339308 0.096946 0.047488
15 0.061753 0.387868 0.102258 0.036152
15 0.838977 0.333333 0.106906 0.060049
15 0.911687 0.307598 0.075697 0.022672
15 0.983068 0.314798 0.033865 0.043811
15 0.929947 0.348039 0.096282 0.035539
15 0.962815 0.367647 0.073041 0.049632
15 0.820385 0.373009 0.152058 0.021140
15 0.746348 0.329504 0.078353 0.054841
15 0.632802 0.332721 0.106242 0.038603
15 0.523240 0.343444 0.088977 0.031863
15 0.409695 0.341912 0.103586 0.037377
15 0.479084 0.379289 0.120186 0.058824
15 0.576693 0.389553 0.094954 0.043199
15 0.680279 0.400123 0.100266 0.023897
15 0.693891 0.361213 0.114210 0.039216
15 0.775232 0.403646 0.094954 0.043199
15 0.877490 0.401961 0.149402 0.042279
15 0.155378 0.393229 0.070385 0.021752
15 0.236056 0.411918 0.153386 0.068934
15 0.343958 0.398744 0.054449 0.017463
15 0.091301 0.432904 0.134794 0.053922
15 0.009296 0.412837 0.017264 0.036458
15 0.271248 0.462163 0.105578 0.044424
15 0.096946 0.470435 0.134130 0.045650
15 0.405710 0.439185 0.140770 0.065870
15 0.468792 0.430453 0.078353 0.047181
15 0.549801 0.431066 0.073041 0.033088
15 0.640770 0.431526 0.102258 0.042586
15 0.834329 0.444087 0.093625 0.045650
15 0.946547 0.436428 0.106906 0.047488
15 0.743692 0.454197 0.100930 0.046875
15 0.669655 0.475337 0.051129 0.034620
15 0.572709 0.477175 0.104250 0.056066
15 0.734064 0.509651 0.117530 0.057904
15 0.860558 0.500460 0.135458 0.059743
15 0.951195 0.484069 0.097610 0.043505
15 0.817065 0.554994 0.167995 0.047488
15 0.939243 0.554841 0.121514 0.042279
15 0.550797 0.531250 0.096282 0.046569
15 0.501328 0.493566 0.034529 0.064338
15 0.406042 0.504289 0.140106 0.063725
15 0.299801 0.511336 0.081673 0.042892
15 0.190903 0.506587 0.124170 0.055453
15 0.099602 0.534773 0.115538 0.062194
15 0.616202 0.574142 0.122178 0.072917
15 0.643094 0.527114 0.057769 0.031556
15 0.721448 0.589920 0.067065 0.047488
15 0.817065 0.603707 0.101594 0.052390
15 0.955843 0.606311 0.088313 0.052083
15 0.823373 0.643842 0.087649 0.033395
15 0.867530 0.679994 0.110890 0.048100
15 0.965803 0.657475 0.068393 0.031250
15 0.714807 0.669884 0.146746 0.059743
15 0.780212 0.687500 0.073041 0.045956
15 0.666667 0.627451 0.130146 0.037990
15 0.526892 0.600950 0.092297 0.052390
15 0.433267 0.547947 0.105578 0.059743
15 0.309097 0.571844 0.114874 0.070772
15 0.190571 0.573989 0.123506 0.062194
15 0.049801 0.582414 0.091633 0.065564
15 0.105578 0.640625 0.108898 0.075368
15 0.021912 0.652574 0.042497 0.034314
15 0.241036 0.636642 0.131474 0.057598
15 0.376826 0.674939 0.145418 0.043505
15 0.497012 0.643076 0.096282 0.034314
15 0.389774 0.613817 0.150066 0.068321
15 0.586321 0.678615 0.092961 0.055147
15 0.493360 0.693934 0.108898 0.045956
15 0.400066 0.739124 0.154714 0.050551
15 0.251328 0.732843 0.128154 0.071691
15 0.160027 0.701746 0.154050 0.065870
15 0.038513 0.728860 0.075697 0.082721
15 0.694887 0.738051 0.122842 0.070466
15 0.826361 0.738971 0.138778 0.060049
15 0.956839 0.735754 0.077025 0.030331
15 0.949867 0.788603 0.100266 0.068015
15 0.895086 0.834559 0.184595 0.123162
15 0.721448 0.840533 0.162683 0.109988
15 0.456175 0.783088 0.119522 0.044118
15 0.311421 0.797488 0.171315 0.053922
15 0.182603 0.825214 0.103586 0.109375
15 0.111222 0.771599 0.126826 0.061581
15 0.030544 0.866575 0.059761 0.109988
15 0.294489 0.876225 0.161355 0.110294
15 0.418991 0.902574 0.151394 0.074142
15 0.482736 0.840993 0.158035 0.063113
15 0.567065 0.898744 0.146082 0.098958
15 0.638114 0.940104 0.151394 0.087316
15 0.805777 0.911765 0.150730 0.049632
15 0.945883 0.916667 0.100266 0.060049
15 0.968792 0.974112 0.062417 0.051777
15 0.837981 0.962623 0.108898 0.052696
15 0.739708 0.968290 0.108898 0.056679
15 0.487384 0.973652 0.114210 0.052696
15 0.354914 0.966146 0.105578 0.062194
15 0.234396 0.966146 0.087649 0.067708
