15 0.931771 0.016466 0.136458 0.031490
15 0.954948 0.056370 0.084896 0.041587
15 0.854427 0.054808 0.127604 0.044712
15 0.826042 0.016587 0.129167 0.032692
15 0.733333 0.054808 0.090625 0.067788
15 0.650781 0.029567 0.088021 0.058654
15 0.627604 0.099760 0.087500 0.076442
15 0.707552 0.124399 0.080729 0.062740
15 0.825781 0.121755 0.118229 0.087740
15 0.945052 0.106250 0.105729 0.060577
15 0.946875 0.156611 0.097917 0.046394
15 0.887500 0.193630 0.083333 0.040625
15 0.980208 0.203726 0.039583 0.037740
15 0.946875 0.237019 0.097917 0.047596
15 0.847656 0.261779 0.076563 0.066827
15 0.948958 0.278726 0.102083 0.053606
15 0.778906 0.211899 0.129688 0.068510
15 0.542448 0.028365 0.106771 0.056250
15 0.436979 0.025962 0.085417 0.045673
15 0.336979 0.042067 0.079167 0.071154
15 0.259375 0.012139 0.086458 0.023798
15 0.226562 0.050601 0.113542 0.051683
15 0.292187 0.113942 0.121875 0.059615
15 0.442188 0.076563 0.172917 0.044471
15 0.524219 0.124639 0.097396 0.089663
15 0.423177 0.131490 0.103646 0.055769
15 0.270313 0.173558 0.127083 0.054808
15 0.468490 0.198077 0.180729 0.051442
15 0.619010 0.183654 0.127604 0.054808
15 0.117188 0.161538 0.160417 0.050000
15 0.174479 0.111659 0.097917 0.088221
15 0.145052 0.031731 0.082812 0.060577
15 0.071094 0.081851 0.079687 0.068990
15 0.052083 0.024159 0.077083 0.046875
15 0.010417 0.090144 0.019792 0.067788
15 0.049479 0.135096 0.097917 0.038462
15 0.050521 0.207452 0.093750 0.068269
15 0.158073 0.218510 0.108854 0.058654
15 0.098698 0.270072 0.111979 0.051202
15 0.218229 0.285817 0.089583 0.074519
15 0.341927 0.276562 0.114062 0.060817
15 0.278646 0.339784 0.075000 0.058413
15 0.138281 0.324038 0.099479 0.045192
15 0.040365 0.315505 0.075521 0.029087
15 0.017448 0.275481 0.033854 0.039904
15 0.507031 0.250962 0.141146 0.040865
15 0.650781 0.231250 0.125521 0.034615
15 0.636719 0.266827 0.123438 0.033173
15 0.685156 0.306490 0.098437 0.038942
15 0.784896 0.333053 0.109375 0.040144
15 0.921354 0.328245 0.157292 0.048317
15 0.627344 0.340745 0.155729 0.051202
15 0.557031 0.302043 0.108854 0.027163
15 0.421094 0.305048 0.159896 0.054327
15 0.460156 0.337500 0.153646 0.038462
15 0.033073 0.353606 0.065104 0.039423
15 0.025000 0.394952 0.048958 0.037500
15 0.085417 0.374399 0.081250 0.043029
15 0.138802 0.398918 0.058854 0.065144
15 0.066406 0.417668 0.058854 0.043029
15 0.016667 0.432572 0.032292 0.029087
15 0.047396 0.462861 0.093750 0.043510
15 0.134375 0.457572 0.087500 0.051202
15 0.193750 0.354928 0.089583 0.047837
15 0.226562 0.416106 0.110417 0.062019
15 0.222656 0.477043 0.080729 0.058413
15 0.123177 0.502163 0.131771 0.034135
15 0.029427 0.503486 0.057813 0.034375
15 0.348177 0.373317 0.167187 0.050481
15 0.466927 0.390024 0.090104 0.055048
15 0.570573 0.393750 0.127604 0.050000
15 0.726562 0.380168 0.069792 0.066106
15 0.818229 0.411779 0.106250 0.089904
15 0.902865 0.378606 0.111979 0.045192
15 0.976302 0.386058 0.047396 0.043750
15 0.952344 0.417788 0.073438 0.031250
15 0.941406 0.465144 0.117188 0.097596
15 0.847917 0.475361 0.068750 0.031010
15 0.778906 0.474880 0.078646 0.041106
15 0.695312 0.424279 0.138542 0.067788
15 0.672917 0.470313 0.073958 0.038702
15 0.558073 0.448437 0.144271 0.053125
15 0.434115 0.443990 0.104688 0.048077
15 0.341927 0.434856 0.122396 0.047596
15 0.315365 0.489423 0.115104 0.060096
15 0.190625 0.533654 0.147917 0.027404
15 0.052083 0.552043 0.103125 0.062740
15 0.165104 0.570072 0.111458 0.039183
15 0.069271 0.608293 0.086458 0.050240
15 0.013281 0.602163 0.025521 0.029327
15 0.277344 0.574399 0.105729 0.037740
15 0.362500 0.586538 0.094792 0.068269
15 0.456250 0.568990 0.095833 0.050962
15 0.419010 0.612380 0.049479 0.023798
15 0.269531 0.615385 0.100521 0.044231
15 0.486979 0.512861 0.116667 0.068990
15 0.584115 0.494471 0.099479 0.036058
15 0.422656 0.485216 0.055729 0.031490
15 0.350781 0.531490 0.153646 0.048077
15 0.569010 0.528365 0.045312 0.017788
15 0.589323 0.555409 0.118229 0.034375
15 0.589844 0.595313 0.102604 0.050721
15 0.652865 0.607692 0.075521 0.042308
15 0.708333 0.552885 0.087500 0.083173
15 0.808333 0.543510 0.107292 0.051923
15 0.809115 0.508534 0.117188 0.025240
15 0.910677 0.512740 0.080729 0.041346
15 0.943229 0.548077 0.113542 0.062500
15 0.982812 0.605168 0.034375 0.047356
15 0.931250 0.612981 0.066667 0.055288
15 0.852083 0.620192 0.073958 0.062500
15 0.750260 0.616226 0.130729 0.064663
15 0.496615 0.613341 0.097396 0.064183
15 0.606250 0.648438 0.113542 0.040625
15 0.654948 0.686899 0.069271 0.053125
15 0.724219 0.671635 0.067187 0.042308
15 0.809896 0.685817 0.087500 0.065865
15 0.937760 0.659615 0.119271 0.036058
15 0.932552 0.701202 0.134896 0.044712
15 0.875000 0.732452 0.056250 0.022596
15 0.967969 0.735337 0.064062 0.014423
15 0.946615 0.772356 0.106771 0.059615
15 0.826823 0.769832 0.119271 0.054567
15 0.757031 0.783774 0.056771 0.050240
15 0.780469 0.733053 0.106771 0.018990
15 0.680990 0.757812 0.074479 0.067067
15 0.722656 0.710457 0.083854 0.025240
15 0.947396 0.824639 0.105208 0.043510
15 0.877604 0.850841 0.088542 0.063221
15 0.966406 0.864784 0.067187 0.036779
15 0.802344 0.877284 0.132812 0.012740
15 0.787240 0.841106 0.100521 0.052404
15 0.683333 0.813942 0.086458 0.042308
15 0.684896 0.860577 0.090625 0.043750
15 0.594271 0.824519 0.078125 0.064904
15 0.500260 0.815505 0.104688 0.087260
15 0.450521 0.883774 0.159375 0.043029
15 0.337500 0.857933 0.148958 0.058173
15 0.366667 0.807332 0.130208 0.067067
15 0.453906 0.843990 0.061979 0.030288
15 0.598177 0.768029 0.061979 0.045673
15 0.583333 0.712981 0.100000 0.079808
15 0.498698 0.670312 0.104688 0.048798
15 0.459375 0.712260 0.146875 0.027885
15 0.503385 0.747596 0.100521 0.031731
15 0.420833 0.748798 0.073958 0.036058
15 0.342187 0.759856 0.079167 0.054327
15 0.327604 0.703125 0.087500 0.047115
15 0.378646 0.665144 0.119792 0.054808
15 0.266406 0.729447 0.085938 0.047837
15 0.240365 0.769231 0.116146 0.059135
15 0.225521 0.833774 0.130208 0.060817
15 0.069010 0.762019 0.115104 0.074038
15 0.163021 0.780889 0.048958 0.036298
15 0.170313 0.708173 0.089583 0.047596
15 0.238021 0.672837 0.079167 0.050000
15 0.147656 0.644952 0.134896 0.066346
15 0.070833 0.691466 0.085417 0.041587
15 0.013802 0.663341 0.026562 0.068990
15 0.111198 0.732692 0.042188 0.022115
15 0.036979 0.822837 0.072917 0.034135
15 0.120052 0.818750 0.093229 0.028365
15 0.048958 0.860457 0.096875 0.045433
15 0.107552 0.865385 0.068229 0.033173
15 0.026562 0.919111 0.047917 0.048317
15 0.094271 0.920673 0.087500 0.061538
15 0.206510 0.903726 0.128646 0.060337
15 0.308073 0.894351 0.104688 0.031010
15 0.365625 0.947837 0.117708 0.066346
15 0.447917 0.926803 0.122917 0.050721
15 0.553385 0.926202 0.088021 0.045673
15 0.588281 0.886899 0.075521 0.045433
15 0.924740 0.947115 0.118229 0.054327
15 0.810937 0.954567 0.129167 0.068269
15 0.814063 0.896995 0.156250 0.050721
15 0.667708 0.914423 0.108333 0.053846
15 0.980990 0.972236 0.038021 0.055529
15 0.897917 0.992548 0.121875 0.014904
15 0.667188 0.985817 0.123958 0.028365
15 0.653125 0.959014 0.146875 0.033894
15 0.516927 0.976322 0.176563 0.047356
15 0.355469 0.945312 0.095312 0.052644
15 0.347917 0.985817 0.104167 0.025962
15 0.253385 0.968750 0.103646 0.062500
15 0.127604 0.958654 0.126042 0.037019
15 0.041927 0.971274 0.082812 0.053606
15 0.135417 0.990024 0.104167 0.019952
