15 0.970833 0.048558 0.058333 0.093750
15 0.924740 0.089063 0.101562 0.055529
15 0.856771 0.059255 0.135417 0.113702
15 0.754948 0.015264 0.102604 0.030048
15 0.695312 0.034976 0.163542 0.043990
15 0.569010 0.015144 0.116146 0.029808
15 0.680729 0.082933 0.195833 0.070192
15 0.622656 0.125721 0.095312 0.050481
15 0.981771 0.135457 0.036458 0.066587
15 0.876302 0.144471 0.164062 0.057692
15 0.729427 0.155288 0.122396 0.071154
15 0.509375 0.109135 0.131250 0.053365
15 0.425781 0.076202 0.096354 0.057212
15 0.394010 0.032452 0.186979 0.063942
15 0.421615 0.142548 0.135937 0.063462
15 0.544010 0.161178 0.106771 0.047837
15 0.655469 0.200240 0.125521 0.088462
15 0.786979 0.221034 0.134375 0.050721
15 0.918750 0.214303 0.129167 0.075721
15 0.580469 0.214784 0.075521 0.049760
15 0.515104 0.242909 0.086458 0.054087
15 0.482031 0.195913 0.108854 0.040865
15 0.349219 0.217428 0.138021 0.062260
15 0.473438 0.269832 0.068750 0.062260
15 0.378906 0.294712 0.154688 0.120673
15 0.329427 0.329567 0.059896 0.027885
15 0.474479 0.326322 0.084375 0.054567
15 0.600781 0.280529 0.153646 0.082692
15 0.606250 0.325240 0.058333 0.020673
15 0.740885 0.270313 0.113021 0.050240
15 0.877344 0.292187 0.099479 0.083894
15 0.966406 0.292788 0.067187 0.075962
15 0.719531 0.364663 0.210938 0.063942
15 0.857552 0.369712 0.102604 0.066346
15 0.553906 0.374159 0.107813 0.100240
15 0.443750 0.378486 0.111458 0.044952
15 0.323437 0.381130 0.115625 0.072356
15 0.432031 0.423558 0.123438 0.049038
15 0.648177 0.431731 0.139063 0.066346
15 0.741406 0.424880 0.118229 0.046875
15 0.862500 0.424159 0.188542 0.087260
15 0.985677 0.391466 0.028646 0.029087
15 0.975521 0.465144 0.048958 0.036058
15 0.972135 0.423317 0.051562 0.046635
15 0.917188 0.472837 0.086458 0.063462
15 0.981250 0.507692 0.037500 0.041827
15 0.791927 0.491947 0.118229 0.059375
15 0.677604 0.476683 0.159375 0.058173
15 0.525000 0.472957 0.105208 0.061298
15 0.561198 0.521635 0.085938 0.059135
15 0.414844 0.485096 0.116146 0.077404
15 0.326823 0.437620 0.110937 0.056971
15 0.471094 0.540745 0.126562 0.056971
15 0.372656 0.546755 0.086979 0.039663
15 0.372396 0.594832 0.139583 0.055529
15 0.515885 0.582332 0.125521 0.055048
15 0.637500 0.582452 0.108333 0.061058
15 0.752083 0.617909 0.100000 0.084856
15 0.687500 0.535216 0.160417 0.051683
15 0.856250 0.525721 0.122917 0.091346
15 0.950260 0.531731 0.054688 0.054327
15 0.832292 0.573438 0.127083 0.048317
15 0.947917 0.585817 0.104167 0.050481
15 0.952344 0.652764 0.095312 0.097356
15 0.871875 0.648918 0.126042 0.081010
15 0.886458 0.699880 0.191667 0.049279
15 0.716927 0.693029 0.094271 0.103846
15 0.642969 0.639663 0.142187 0.048077
15 0.550000 0.626923 0.113542 0.065865
15 0.446615 0.627885 0.083854 0.046635
15 0.440625 0.669712 0.136458 0.047115
15 0.573958 0.684135 0.180208 0.042788
15 0.794271 0.718990 0.110417 0.051923
15 0.851562 0.757572 0.089583 0.069952
15 0.736198 0.774760 0.125521 0.058654
15 0.602344 0.757692 0.134896 0.059135
15 0.570312 0.730288 0.188542 0.084615
15 0.438281 0.725361 0.098437 0.057452
15 0.478385 0.777644 0.097396 0.042788
15 0.593750 0.801683 0.119792 0.055288
15 0.698958 0.807933 0.118750 0.086538
15 0.691667 0.847236 0.193750 0.041587
15 0.943490 0.814543 0.113021 0.057452
15 0.966406 0.866106 0.066146 0.047115
15 0.953385 0.925962 0.093229 0.068269
15 0.856250 0.905048 0.121875 0.101923
15 0.678906 0.913341 0.114062 0.095433
15 0.542708 0.905649 0.155208 0.075721
15 0.525521 0.836659 0.144792 0.067067
15 0.402604 0.811659 0.101042 0.047837
15 0.416146 0.865745 0.096875 0.060337
15 0.325260 0.838341 0.103646 0.098798
15 0.401302 0.917188 0.114062 0.051683
15 0.444010 0.968510 0.119271 0.062981
15 0.530990 0.978245 0.081771 0.043510
15 0.631250 0.963582 0.115625 0.072837
15 0.959635 0.980288 0.080729 0.039423
15 0.345313 0.967187 0.097917 0.065625
15 0.240104 0.954327 0.103125 0.052885
15 0.257812 0.990745 0.094792 0.018510
15 0.145573 0.977404 0.119271 0.041827
15 0.121875 0.895553 0.107292 0.045913
15 0.219792 0.851923 0.101042 0.028846
15 0.111198 0.841947 0.131771 0.068990
15 0.224479 0.807452 0.147917 0.052885
15 0.057292 0.907933 0.113542 0.078365
15 0.015625 0.961418 0.030208 0.017548
15 0.042448 0.833053 0.083854 0.072356
15 0.218229 0.767548 0.089583 0.050962
15 0.352865 0.766827 0.149479 0.042788
15 0.291927 0.733413 0.174479 0.052885
15 0.108073 0.758774 0.166146 0.063221
15 0.119792 0.794832 0.090625 0.018029
15 0.019010 0.777163 0.036979 0.070673
15 0.317188 0.696154 0.138542 0.059135
15 0.181250 0.689543 0.128125 0.076202
15 0.113802 0.661298 0.194271 0.050000
15 0.066146 0.713582 0.108333 0.063702
15 0.009375 0.684976 0.017708 0.062740
15 0.169531 0.611178 0.084896 0.051202
15 0.313542 0.628005 0.150000 0.078125
15 0.067969 0.616106 0.108854 0.073558
15 0.023438 0.573317 0.045833 0.054327
15 0.163281 0.559976 0.217188 0.049279
15 0.060937 0.520553 0.120833 0.057933
15 0.113802 0.507212 0.086979 0.073558
15 0.199219 0.500721 0.134896 0.056731
15 0.245312 0.458413 0.094792 0.050481
15 0.298958 0.519832 0.122917 0.093990
15 0.244271 0.412620 0.044792 0.038702
15 0.130990 0.439303 0.181771 0.064183
15 0.018229 0.452524 0.035417 0.060337
15 0.200260 0.368990 0.173437 0.071635
15 0.089583 0.390024 0.101042 0.069952
15 0.146875 0.321514 0.114583 0.061779
15 0.047135 0.336538 0.093229 0.075962
15 0.219792 0.291106 0.105208 0.069712
15 0.289062 0.297837 0.069792 0.070673
15 0.170313 0.223197 0.125000 0.074279
15 0.076823 0.268750 0.144271 0.059135
15 0.048698 0.224519 0.096354 0.044712
15 0.172396 0.181490 0.162500 0.046154
15 0.045312 0.169712 0.089583 0.069231
15 0.321615 0.168269 0.178646 0.049038
15 0.290885 0.101923 0.136979 0.093269
15 0.156250 0.125601 0.152083 0.073317
15 0.047656 0.095312 0.094271 0.075721
15 0.154167 0.048438 0.103125 0.094952
15 0.051302 0.019591 0.101562 0.038702
15 0.257552 0.023918 0.104688 0.047356
