15 0.409896 0.064423 0.163542 0.049519
15 0.298177 0.043510 0.098437 0.062981
15 0.165885 0.065625 0.146354 0.058173
15 0.126823 0.034495 0.142187 0.040144
15 0.266146 0.096034 0.112500 0.042067
15 0.374219 0.116226 0.148438 0.054087
15 0.447135 0.157933 0.147396 0.047596
15 0.142448 0.146394 0.089063 0.060577
15 0.265625 0.165024 0.135417 0.081490
15 0.351302 0.181250 0.074479 0.062981
15 0.199479 0.165986 0.027083 0.031490
15 0.241667 0.217428 0.137500 0.055048
15 0.233073 0.268750 0.098437 0.061538
15 0.100521 0.299279 0.136458 0.101442
15 0.148958 0.331971 0.088542 0.062019
15 0.227083 0.343870 0.121875 0.066587
15 0.277865 0.333534 0.093229 0.074279
15 0.021094 0.361298 0.041146 0.055769
15 0.107031 0.393149 0.142187 0.054087
15 0.047135 0.418630 0.093229 0.055048
15 0.067187 0.458053 0.133333 0.052644
15 0.050260 0.506010 0.099479 0.046635
15 0.069271 0.552885 0.135417 0.056250
15 0.069531 0.602524 0.121354 0.056010
15 0.323177 0.012380 0.126562 0.024279
15 0.534375 0.013341 0.131250 0.026202
15 0.641667 0.036899 0.083333 0.073317
15 0.572656 0.088341 0.098437 0.065144
15 0.742708 0.079808 0.151042 0.040385
15 0.776042 0.042428 0.130208 0.052163
15 0.754427 0.017909 0.119271 0.035337
15 0.884375 0.023438 0.116667 0.043029
15 0.971094 0.024399 0.053646 0.048317
15 0.960938 0.068630 0.078125 0.037260
15 0.946875 0.117067 0.106250 0.058173
15 0.919271 0.172356 0.112500 0.076442
15 0.790625 0.147356 0.139583 0.081250
15 0.738542 0.082212 0.159375 0.040385
15 0.845052 0.096875 0.132812 0.051923
15 0.656771 0.118750 0.152083 0.052404
15 0.597656 0.156250 0.128646 0.049038
15 0.509635 0.206731 0.167187 0.075962
15 0.630990 0.213101 0.085938 0.050721
15 0.698177 0.195673 0.078646 0.060096
15 0.793229 0.225120 0.122917 0.055529
15 0.908594 0.239784 0.106771 0.045433
15 0.988542 0.176803 0.022917 0.055048
15 0.981510 0.225120 0.036979 0.037740
15 0.942448 0.296635 0.109896 0.050481
15 0.837240 0.283534 0.136979 0.049279
15 0.734115 0.329327 0.150521 0.055288
15 0.875781 0.350962 0.140104 0.048077
15 0.687760 0.265385 0.117188 0.073077
15 0.601042 0.302404 0.104167 0.078365
15 0.570573 0.346995 0.100521 0.032452
15 0.501563 0.301803 0.101042 0.057933
15 0.480208 0.338101 0.083333 0.050240
15 0.380990 0.307452 0.120313 0.053365
15 0.391146 0.362861 0.113542 0.053606
15 0.379948 0.249880 0.149479 0.064663
15 0.560417 0.261779 0.107292 0.051923
15 0.961979 0.381250 0.076042 0.057692
15 0.924219 0.435457 0.151562 0.071394
15 0.978906 0.488822 0.042188 0.055048
15 0.941667 0.544712 0.095833 0.075962
15 0.813281 0.467428 0.130729 0.060817
15 0.819531 0.511899 0.178646 0.041106
15 0.828125 0.388582 0.163542 0.044952
15 0.681771 0.380168 0.113542 0.068510
15 0.574740 0.365024 0.095312 0.073317
15 0.480208 0.389904 0.081250 0.028365
15 0.498698 0.429207 0.101562 0.052644
15 0.300000 0.391827 0.129167 0.065385
15 0.394531 0.416947 0.104688 0.048317
15 0.328125 0.455529 0.148958 0.037981
15 0.439063 0.468870 0.106250 0.036779
15 0.552865 0.465625 0.105729 0.054327
15 0.680208 0.458534 0.138542 0.070913
15 0.645833 0.495192 0.094792 0.054327
15 0.528385 0.522596 0.135937 0.055769
15 0.426042 0.505409 0.120833 0.046875
15 0.282292 0.488582 0.107292 0.067548
15 0.161198 0.492188 0.145313 0.046875
15 0.201823 0.526923 0.121354 0.045673
15 0.231250 0.559495 0.159375 0.057452
15 0.889062 0.605048 0.142708 0.066346
15 0.641406 0.545913 0.120313 0.047115
15 0.772396 0.549399 0.143750 0.048798
15 0.738802 0.592308 0.153646 0.052404
15 0.678385 0.631010 0.128646 0.050962
15 0.604427 0.593630 0.123438 0.048798
15 0.981510 0.609495 0.036979 0.049760
15 0.192708 0.660096 0.117708 0.060096
15 0.297917 0.621154 0.116667 0.062019
15 0.358073 0.565264 0.099479 0.074279
15 0.486979 0.567428 0.121875 0.040625
15 0.470573 0.611418 0.146354 0.049760
15 0.381250 0.659495 0.116667 0.054087
15 0.926562 0.677163 0.098958 0.071154
15 0.970052 0.721755 0.059896 0.068510
15 0.930990 0.738221 0.100521 0.060577
15 0.888542 0.767308 0.119792 0.073558
15 0.895573 0.813341 0.127604 0.051202
15 0.981771 0.805409 0.036458 0.055529
15 0.807552 0.669712 0.124479 0.074038
15 0.798958 0.718630 0.164583 0.044471
15 0.670573 0.691346 0.114062 0.075962
15 0.575521 0.670673 0.098958 0.055769
15 0.495833 0.678606 0.107292 0.075962
15 0.079687 0.660937 0.108333 0.060817
15 0.280990 0.701202 0.120313 0.049038
15 0.316667 0.763702 0.090625 0.072115
15 0.193490 0.731971 0.119271 0.059615
15 0.107031 0.722115 0.115104 0.061058
15 0.021875 0.720072 0.038542 0.062740
15 0.460156 0.752163 0.096354 0.056731
15 0.502865 0.790264 0.165104 0.044952
15 0.371875 0.801442 0.106250 0.063462
15 0.484896 0.832933 0.128125 0.050000
15 0.601562 0.857572 0.134375 0.057452
15 0.475260 0.879928 0.125521 0.046875
15 0.335417 0.901803 0.109375 0.082933
15 0.209375 0.868029 0.093750 0.060577
15 0.122656 0.838822 0.102604 0.068510
15 0.058594 0.866346 0.115104 0.077885
15 0.648698 0.771394 0.130729 0.061538
15 0.747917 0.756851 0.131250 0.050240
15 0.754687 0.816226 0.142708 0.065144
15 0.738021 0.869471 0.127083 0.041346
15 0.869531 0.856611 0.114062 0.050721
15 0.963021 0.853726 0.073958 0.040144
15 0.958854 0.898558 0.082292 0.039904
15 0.936719 0.938702 0.085938 0.082212
15 0.851562 0.948798 0.106250 0.064423
15 0.811719 0.897957 0.100521 0.057452
15 0.697917 0.909375 0.125000 0.048558
15 0.740625 0.961779 0.116667 0.050000
15 0.809635 0.987139 0.118229 0.025721
15 0.575260 0.947957 0.118229 0.064183
15 0.615104 0.992788 0.071875 0.014423
15 0.474219 0.989904 0.057813 0.020192
15 0.124219 0.776563 0.101562 0.057452
15 0.106510 0.930409 0.178646 0.063221
15 0.068229 0.981130 0.102083 0.037740
15 0.208854 0.976082 0.130208 0.047837
15 0.283073 0.946274 0.157812 0.051683
15 0.345313 0.980529 0.178125 0.038942
15 0.945573 0.989062 0.103646 0.021875
15 0.040365 0.785096 0.079687 0.070673
