15 0.191406 0.120313 0.066146 0.039183
15 0.212500 0.147236 0.100000 0.039183
15 0.268229 0.170072 0.075000 0.025240
15 0.192708 0.189663 0.070833 0.042308
15 0.256771 0.192668 0.080208 0.027163
15 0.350260 0.199399 0.076563 0.044952
15 0.271354 0.213221 0.091667 0.032692
15 0.193229 0.228966 0.075000 0.033894
15 0.289844 0.243750 0.107813 0.026923
15 0.228906 0.261538 0.090104 0.028846
15 0.187760 0.278846 0.073438 0.039904
15 0.331771 0.268269 0.100000 0.030288
15 0.362240 0.281851 0.061979 0.030529
15 0.431771 0.301923 0.063542 0.034615
15 0.850000 0.273077 0.069792 0.029327
15 0.268490 0.313101 0.107813 0.039183
15 0.180729 0.324279 0.062500 0.040385
15 0.233854 0.337500 0.097917 0.022115
15 0.338802 0.335938 0.060937 0.033413
15 0.388281 0.336899 0.060937 0.027163
15 0.386458 0.363822 0.094792 0.024760
15 0.225781 0.362981 0.066146 0.032212
15 0.193490 0.383774 0.067187 0.027163
15 0.270052 0.378846 0.089063 0.028846
15 0.285417 0.397236 0.081250 0.019952
15 0.359896 0.391106 0.064583 0.027404
15 0.208854 0.411058 0.052083 0.023077
15 0.183854 0.424639 0.061458 0.033413
15 0.166667 0.450601 0.069792 0.036298
15 0.201042 0.462620 0.059375 0.020433
15 0.254427 0.443510 0.088021 0.021154
15 0.253646 0.418990 0.063542 0.031731
15 0.304688 0.424279 0.063542 0.031731
15 0.394792 0.408173 0.091667 0.029808
15 0.356510 0.446514 0.071354 0.043510
15 0.305208 0.473438 0.062500 0.030529
15 0.257552 0.462620 0.060937 0.026202
15 0.240885 0.488462 0.078646 0.018269
15 0.397917 0.460817 0.054167 0.040385
15 0.444271 0.434495 0.088542 0.028606
15 0.505208 0.422837 0.051042 0.037019
15 0.580729 0.395192 0.069792 0.039423
15 0.860417 0.447356 0.064583 0.050962
15 0.712760 0.431010 0.072396 0.032212
15 0.650000 0.425721 0.051042 0.047596
15 0.592969 0.439183 0.048438 0.046154
15 0.540885 0.446875 0.055729 0.034615
15 0.485156 0.472356 0.083854 0.042308
15 0.385677 0.499639 0.083854 0.027644
15 0.322135 0.505769 0.060937 0.029327
15 0.277865 0.516346 0.071354 0.039904
15 0.333073 0.543510 0.082812 0.040385
15 0.400521 0.526803 0.069792 0.022356
15 0.462760 0.518990 0.059896 0.042788
15 0.401042 0.553606 0.088542 0.034615
15 0.588542 0.520673 0.075000 0.037019
15 0.625260 0.495673 0.102604 0.037500
15 0.626042 0.465625 0.076042 0.032212
15 0.696875 0.461538 0.063542 0.042788
15 0.492448 0.571154 0.119271 0.034615
15 0.388281 0.591587 0.060937 0.048558
15 0.431510 0.608413 0.050521 0.039904
15 0.492448 0.610697 0.078646 0.041106
15 0.542708 0.586659 0.085417 0.031490
15 0.614323 0.612740 0.066146 0.031250
15 0.608073 0.554087 0.076563 0.029808
15 0.663802 0.568389 0.060937 0.036298
15 0.843750 0.586298 0.085417 0.032212
15 0.551042 0.628245 0.058333 0.046875
15 0.461979 0.643750 0.096875 0.029808
15 0.522396 0.679808 0.069792 0.035096
15 0.516667 0.708894 0.073958 0.035577
15 0.585417 0.710337 0.058333 0.034135
15 0.576562 0.736779 0.086458 0.024519
15 0.661719 0.733774 0.060937 0.036298
15 0.727083 0.729688 0.069792 0.032933
15 0.710938 0.782452 0.070833 0.032692
15 0.774479 0.777524 0.068750 0.049760
15 0.671615 0.823798 0.055729 0.053365
15 0.855208 0.841707 0.080208 0.043510
15 0.209896 0.866947 0.067708 0.038702
15 0.742188 0.911779 0.080208 0.047596
15 0.819792 0.900721 0.097917 0.034615
15 0.852083 0.944952 0.093750 0.042308
15 0.737760 0.958173 0.089063 0.034615
15 0.225781 0.991226 0.063021 0.017548
