15 0.422135 0.023317 0.093229 0.027885
15 0.398438 0.005649 0.084375 0.010817
15 0.347396 0.004808 0.025000 0.009135
15 0.483594 0.020313 0.053646 0.030048
15 0.496615 0.042668 0.044271 0.018510
15 0.554427 0.047356 0.069271 0.037019
15 0.535937 0.015264 0.056250 0.023798
15 0.591406 0.027043 0.057813 0.051202
15 0.653385 0.044952 0.073438 0.038942
15 0.596354 0.074519 0.019792 0.018269
15 0.644010 0.081731 0.070312 0.048077
15 0.713802 0.021755 0.058854 0.041587
15 0.824479 0.027163 0.063542 0.053846
15 0.773698 0.053245 0.077604 0.038221
15 0.732292 0.089543 0.090625 0.030529
15 0.827083 0.097716 0.068750 0.042067
15 0.840885 0.136659 0.059896 0.035817
15 0.724740 0.146755 0.096354 0.022356
15 0.733333 0.174519 0.064583 0.036058
15 0.822656 0.175601 0.093229 0.046394
15 0.686198 0.196154 0.120313 0.040865
15 0.767188 0.216587 0.087500 0.044231
15 0.838802 0.224038 0.077604 0.041827
15 0.690365 0.249880 0.066146 0.041587
15 0.854427 0.263822 0.051562 0.036779
15 0.820312 0.269832 0.095833 0.039183
15 0.750260 0.284856 0.079687 0.040385
15 0.686458 0.300361 0.078125 0.042067
15 0.807292 0.305529 0.069792 0.029327
15 0.866146 0.297596 0.039583 0.024038
15 0.749479 0.338101 0.078125 0.044952
15 0.846875 0.332091 0.066667 0.038702
15 0.794010 0.358173 0.069271 0.044712
15 0.858073 0.373678 0.081771 0.042548
15 0.814583 0.402764 0.131250 0.031490
15 0.830990 0.433173 0.103646 0.038942
15 0.741406 0.449519 0.070312 0.047596
15 0.777604 0.474760 0.095833 0.026923
15 0.860677 0.457452 0.071354 0.049519
15 0.780469 0.500361 0.074479 0.032933
15 0.834375 0.531611 0.075000 0.033894
15 0.854688 0.601562 0.085417 0.037740
15 0.791927 0.625962 0.076563 0.042788
15 0.798177 0.671154 0.076563 0.041827
15 0.869531 0.651202 0.078646 0.031250
15 0.847917 0.688341 0.090625 0.041587
15 0.860156 0.763702 0.066146 0.049038
