15 0.040745 0.168229 0.061779 0.172917
15 0.101082 0.136198 0.063221 0.099479
15 0.152644 0.085156 0.071635 0.169271
15 0.065745 0.038021 0.074760 0.072917
15 0.027284 0.410677 0.054087 0.140104
15 0.072236 0.524740 0.053606 0.189062
15 0.127885 0.517708 0.060577 0.190625
15 0.186298 0.470052 0.068750 0.157812
15 0.186298 0.292448 0.068750 0.213021
15 0.102524 0.290104 0.103125 0.163542
15 0.260817 0.330990 0.059615 0.224479
15 0.226562 0.096615 0.066587 0.172396
15 0.025601 0.613802 0.049279 0.179688
15 0.032813 0.791667 0.056971 0.155208
15 0.096995 0.709115 0.063221 0.161979
15 0.160938 0.741667 0.053606 0.194792
15 0.048678 0.941146 0.096875 0.117708
15 0.141346 0.959115 0.083173 0.078646
15 0.226082 0.978385 0.061779 0.043229
15 0.219351 0.869010 0.092067 0.116146
15 0.237981 0.720573 0.107692 0.141146
15 0.118990 0.844531 0.072596 0.111979
15 0.263942 0.546875 0.087981 0.173958
15 0.342548 0.621094 0.059615 0.165104
15 0.380649 0.717187 0.074279 0.139583
15 0.443149 0.741927 0.079567 0.108854
15 0.365625 0.842969 0.075481 0.111979
15 0.318510 0.955990 0.069231 0.088021
15 0.410457 0.913542 0.068029 0.148958
15 0.452885 0.965625 0.038462 0.065625
15 0.485096 0.875000 0.059135 0.166667
15 0.530769 0.965885 0.052885 0.056771
15 0.589543 0.868229 0.061779 0.156250
15 0.659856 0.825781 0.065385 0.113021
15 0.701803 0.923438 0.058413 0.135417
15 0.640625 0.957552 0.047596 0.084896
15 0.538942 0.699479 0.092788 0.235417
15 0.515986 0.812500 0.053606 0.166667
15 0.662981 0.676302 0.057692 0.144271
15 0.600120 0.599740 0.085817 0.092188
15 0.662981 0.496875 0.076923 0.128125
15 0.733293 0.528385 0.074760 0.154688
15 0.710337 0.703646 0.023558 0.145833
15 0.784856 0.641927 0.102404 0.189062
15 0.740144 0.800521 0.033654 0.101042
15 0.777644 0.872135 0.060577 0.193229
15 0.850721 0.789583 0.070673 0.096875
15 0.832212 0.923177 0.052885 0.105729
15 0.905048 0.845833 0.069231 0.180208
15 0.897837 0.673958 0.087981 0.104167
15 0.957212 0.523177 0.085577 0.192188
15 0.973678 0.734375 0.052644 0.194792
15 0.961659 0.909115 0.071394 0.119271
15 0.864904 0.520052 0.104327 0.174479
15 0.857332 0.306510 0.074279 0.210938
15 0.940144 0.337760 0.081731 0.181771
15 0.947957 0.164323 0.049279 0.165104
15 0.982692 0.247656 0.032212 0.120313
15 0.899880 0.065625 0.049279 0.130208
15 0.893389 0.176302 0.054087 0.057813
15 0.827163 0.171875 0.056250 0.153125
15 0.784255 0.327344 0.066587 0.178646
15 0.725120 0.325000 0.055529 0.156250
15 0.652043 0.270833 0.090625 0.211458
15 0.698678 0.163802 0.066106 0.130729
15 0.726562 0.032292 0.068029 0.063542
15 0.649519 0.081250 0.063942 0.114583
15 0.579808 0.131510 0.060577 0.102604
15 0.548918 0.230729 0.081010 0.190625
15 0.580889 0.442708 0.061298 0.212500
15 0.506731 0.388542 0.070673 0.080208
15 0.467548 0.481510 0.080288 0.105729
15 0.433173 0.570573 0.102404 0.189062
15 0.427043 0.384635 0.066587 0.158854
15 0.387500 0.260417 0.068750 0.243750
15 0.338822 0.383073 0.074279 0.209896
15 0.297236 0.196354 0.055529 0.142708
15 0.343510 0.160677 0.028846 0.164062
15 0.336418 0.032292 0.058413 0.063542
15 0.415264 0.063542 0.076202 0.126042
15 0.460697 0.178646 0.063702 0.142708
15 0.498798 0.290104 0.057692 0.101042
15 0.507692 0.384115 0.075481 0.092188
15 0.496394 0.061979 0.094231 0.122917
15 0.589183 0.030729 0.043269 0.060417
