15 0.048958 0.022115 0.096875 0.043750
15 0.122656 0.014423 0.070312 0.026442
15 0.141146 0.040505 0.077083 0.041106
15 0.204167 0.051803 0.068750 0.044952
15 0.257812 0.008534 0.088542 0.016587
15 0.263802 0.068870 0.064062 0.044952
15 0.337760 0.069471 0.083854 0.054327
15 0.057813 0.072596 0.079167 0.054327
15 0.140885 0.085817 0.083854 0.038942
15 0.183073 0.114183 0.080729 0.053365
15 0.320833 0.133534 0.077083 0.043990
15 0.451823 0.104447 0.083854 0.043510
15 0.688802 0.013341 0.067187 0.025721
15 0.555990 0.004808 0.070312 0.008654
15 0.566146 0.093510 0.120833 0.048077
15 0.665885 0.085938 0.075521 0.044952
15 0.750781 0.079207 0.067187 0.042548
15 0.791146 0.099399 0.070833 0.036298
15 0.837240 0.078125 0.072396 0.054327
15 0.801302 0.135457 0.086979 0.038702
15 0.753385 0.156370 0.065104 0.044952
15 0.845833 0.173437 0.068750 0.058894
15 0.051562 0.134255 0.068750 0.046394
15 0.117188 0.141346 0.082292 0.040385
15 0.049219 0.172957 0.060937 0.039183
15 0.105729 0.195553 0.075000 0.025721
15 0.155729 0.162740 0.086458 0.047115
15 0.176302 0.190024 0.068229 0.026202
15 0.184635 0.215745 0.072396 0.025240
15 0.246875 0.159856 0.087500 0.048077
15 0.403646 0.174159 0.086458 0.036779
15 0.292708 0.218750 0.115625 0.050000
15 0.398698 0.224880 0.096354 0.033894
15 0.341927 0.251923 0.065104 0.023558
15 0.421615 0.252764 0.101562 0.027644
15 0.487240 0.242188 0.060937 0.033413
15 0.546615 0.212861 0.100521 0.026202
15 0.503906 0.187620 0.142187 0.031010
15 0.610677 0.192428 0.089063 0.031010
15 0.646875 0.172356 0.103125 0.037019
15 0.548438 0.239183 0.076042 0.024038
15 0.610677 0.252644 0.060937 0.053365
15 0.554167 0.281731 0.062500 0.048077
15 0.488542 0.286178 0.063542 0.040625
15 0.169271 0.292909 0.097917 0.044471
15 0.431510 0.352163 0.068229 0.042308
15 0.547135 0.314904 0.050521 0.024038
15 0.595313 0.321394 0.058333 0.055769
15 0.669792 0.268870 0.067708 0.041106
15 0.654948 0.312260 0.083854 0.048077
15 0.749740 0.317548 0.095312 0.030288
15 0.790885 0.276803 0.083854 0.040625
15 0.734115 0.238101 0.066146 0.048798
15 0.854688 0.248918 0.063542 0.054087
15 0.848698 0.326442 0.077604 0.048077
15 0.867708 0.367909 0.052083 0.032933
15 0.738802 0.379087 0.119271 0.022115
15 0.754167 0.409014 0.081250 0.036298
15 0.848958 0.410457 0.103125 0.046394
15 0.706771 0.437380 0.138542 0.041587
15 0.788021 0.454808 0.097917 0.045673
15 0.856510 0.458173 0.088021 0.048077
15 0.070052 0.424880 0.059896 0.057452
15 0.705990 0.484615 0.078646 0.042308
15 0.701042 0.537620 0.081250 0.043990
15 0.769271 0.522115 0.086458 0.043269
15 0.862240 0.500240 0.083854 0.029808
15 0.840625 0.516587 0.086458 0.035577
15 0.836198 0.550601 0.084896 0.028606
15 0.892708 0.539784 0.045833 0.015144
15 0.769531 0.578486 0.078646 0.043510
15 0.876823 0.577885 0.070312 0.031731
15 0.818490 0.599279 0.067187 0.047596
15 0.886979 0.616226 0.087500 0.046394
15 0.260677 0.653726 0.105729 0.031010
15 0.845052 0.647115 0.135937 0.035096
15 0.768229 0.693029 0.076042 0.047596
15 0.860417 0.681731 0.097917 0.039904
15 0.893229 0.702524 0.069792 0.054567
15 0.799219 0.720913 0.100521 0.024519
15 0.808854 0.749399 0.079167 0.038221
15 0.650781 0.775361 0.072396 0.049279
15 0.589844 0.789543 0.084896 0.038702
15 0.860417 0.782813 0.069792 0.043990
