15 0.181250 0.015745 0.057292 0.027163
15 0.221354 0.039663 0.046875 0.028846
15 0.250000 0.018389 0.057292 0.020913
15 0.273177 0.037019 0.065104 0.037500
15 0.262760 0.066226 0.059896 0.025721
15 0.298698 0.093389 0.046354 0.031010
15 0.321875 0.053966 0.061458 0.039183
15 0.335156 0.081731 0.060937 0.028365
15 0.270052 0.004327 0.048438 0.008173
15 0.317448 0.012380 0.057813 0.023798
15 0.375260 0.025000 0.077604 0.049038
15 0.417187 0.038341 0.057292 0.040144
15 0.407292 0.075841 0.085417 0.027644
15 0.352604 0.117548 0.077083 0.051923
15 0.417969 0.103846 0.074479 0.023558
15 0.423438 0.131130 0.095833 0.033413
15 0.483594 0.096875 0.060937 0.046154
15 0.469010 0.015385 0.091146 0.030288
15 0.505990 0.046034 0.074479 0.045433
15 0.554427 0.022957 0.072396 0.040144
15 0.622135 0.017788 0.053646 0.032692
15 0.679688 0.012260 0.056250 0.024038
15 0.655208 0.041466 0.086458 0.033894
15 0.728125 0.039904 0.061458 0.039423
15 0.753646 0.014543 0.080208 0.028125
15 0.896875 0.027524 0.073958 0.045433
15 0.655990 0.072716 0.111979 0.041106
15 0.612240 0.097236 0.083854 0.038221
15 0.405990 0.168870 0.053646 0.041106
15 0.455469 0.184856 0.064062 0.043750
15 0.514062 0.148918 0.122917 0.040625
15 0.558594 0.161298 0.088021 0.037019
15 0.510417 0.185938 0.075000 0.039663
15 0.489063 0.221635 0.093750 0.035577
15 0.571354 0.207212 0.061458 0.050000
15 0.646354 0.190745 0.064583 0.029567
15 0.635156 0.131250 0.083854 0.028846
15 0.696094 0.147236 0.055729 0.033894
15 0.886198 0.166587 0.095312 0.032692
15 0.540365 0.255649 0.078646 0.031971
15 0.545573 0.286659 0.068229 0.034856
15 0.610938 0.287500 0.065625 0.033173
15 0.598958 0.315024 0.094792 0.034856
15 0.690625 0.314663 0.071875 0.044231
15 0.757812 0.310337 0.076042 0.030769
15 0.739844 0.359495 0.079687 0.035337
15 0.805990 0.357212 0.071354 0.049519
15 0.696615 0.402644 0.051562 0.054808
15 0.888281 0.424639 0.085938 0.040144
15 0.850260 0.486058 0.102604 0.038462
15 0.773177 0.498197 0.085938 0.051202
15 0.893490 0.531010 0.109896 0.043269
15 0.764323 0.547115 0.097396 0.033173
15 0.218229 0.451923 0.076042 0.038942
15 0.235417 0.590144 0.090625 0.052885
15 0.161979 0.656130 0.080208 0.028125
15 0.216146 0.671274 0.094792 0.034856
15 0.754167 0.611899 0.079167 0.045433
15 0.833854 0.622957 0.103125 0.035817
15 0.839583 0.651082 0.079167 0.040144
15 0.918750 0.638462 0.061458 0.052404
15 0.739062 0.669111 0.070833 0.037260
15 0.827865 0.681731 0.088021 0.024038
15 0.910156 0.700240 0.056771 0.050962
15 0.848698 0.719712 0.065104 0.056731
15 0.771354 0.702764 0.092708 0.033894
15 0.721354 0.732332 0.061458 0.042548
15 0.780469 0.749519 0.081771 0.037500
15 0.810937 0.783894 0.071875 0.044231
15 0.888281 0.755409 0.079687 0.035817
15 0.348698 0.785337 0.069271 0.037500
15 0.379167 0.816106 0.109375 0.039904
15 0.271875 0.823197 0.065625 0.055529
15 0.207813 0.793870 0.081250 0.042548
15 0.156250 0.791106 0.056250 0.040865
15 0.166927 0.894351 0.093229 0.053606
15 0.394792 0.873197 0.073958 0.038221
15 0.353125 0.906130 0.094792 0.043990
15 0.514844 0.847596 0.089063 0.033654
15 0.687760 0.825481 0.120313 0.032692
15 0.596354 0.871274 0.087500 0.055529
15 0.653906 0.880048 0.070312 0.052885
15 0.736458 0.868389 0.076042 0.049279
15 0.648177 0.931971 0.082812 0.043750
15 0.565885 0.940986 0.083854 0.045433
15 0.539323 0.975962 0.084896 0.048077
15 0.611979 0.984976 0.057292 0.030048
15 0.467187 0.986779 0.073958 0.026442
15 0.386719 0.988101 0.076563 0.023798
15 0.332552 0.947115 0.077604 0.041827
15 0.244792 0.978486 0.069792 0.043029
15 0.306250 0.989062 0.056250 0.021875
15 0.735677 0.989904 0.058854 0.020192
15 0.906771 0.960697 0.071875 0.050240
