15 0.931611 0.083854 0.057452 0.096875
15 0.981490 0.072135 0.037019 0.094271
15 0.962981 0.175260 0.058654 0.127604
15 0.974038 0.299479 0.032692 0.110417
15 0.944351 0.273958 0.035337 0.075000
15 0.912981 0.219792 0.054327 0.092708
15 0.866947 0.186979 0.040625 0.070833
15 0.995793 0.257552 0.008413 0.082812
15 0.789303 0.224740 0.040625 0.051562
15 0.765865 0.273958 0.040865 0.072917
15 0.808894 0.304427 0.050000 0.122396
15 0.848437 0.349740 0.043029 0.090104
15 0.870072 0.422135 0.055529 0.108854
15 0.795913 0.439844 0.047115 0.100521
15 0.783894 0.346354 0.045673 0.093750
15 0.742308 0.355469 0.045192 0.099479
15 0.737019 0.222917 0.045673 0.103125
15 0.709135 0.151042 0.023077 0.101042
15 0.677885 0.155469 0.038942 0.125521
15 0.636779 0.079948 0.049038 0.104688
15 0.638822 0.174219 0.043510 0.107813
15 0.675361 0.261458 0.055048 0.089583
15 0.689423 0.400521 0.039904 0.134375
15 0.740385 0.488281 0.059615 0.097396
15 0.824760 0.525521 0.062500 0.143750
15 0.982572 0.401823 0.034856 0.086979
15 0.976562 0.570052 0.046875 0.111979
15 0.647596 0.403125 0.045192 0.098958
15 0.622476 0.362760 0.040625 0.111979
15 0.585096 0.323437 0.037500 0.087500
15 0.606010 0.228125 0.055288 0.101042
15 0.558173 0.162240 0.043750 0.125521
15 0.583293 0.081771 0.051683 0.063542
15 0.534014 0.080990 0.041106 0.093229
15 0.517909 0.164844 0.035817 0.086979
15 0.528125 0.249219 0.044231 0.098437
15 0.545793 0.315625 0.039663 0.093750
15 0.545312 0.415885 0.031010 0.101562
15 0.503365 0.361979 0.058173 0.103125
15 0.496514 0.243229 0.025721 0.109375
15 0.468029 0.162240 0.053365 0.121354
15 0.468870 0.286198 0.037740 0.107813
15 0.457813 0.383594 0.042548 0.071354
15 0.421034 0.266927 0.051683 0.076563
15 0.489543 0.476042 0.039663 0.096875
15 0.448918 0.462500 0.058413 0.090625
15 0.467548 0.545573 0.038462 0.098437
15 0.407212 0.461719 0.037981 0.159896
15 0.380889 0.368229 0.041587 0.109375
15 0.342067 0.353385 0.042788 0.079687
15 0.367548 0.287500 0.037019 0.063542
15 0.321154 0.296094 0.052404 0.093229
15 0.348918 0.185938 0.057452 0.107292
15 0.391106 0.128906 0.045673 0.091146
15 0.328966 0.100781 0.059375 0.106771
15 0.279207 0.122396 0.040144 0.114583
15 0.240144 0.075781 0.044231 0.075521
15 0.242668 0.157812 0.045433 0.092708
15 0.235577 0.245312 0.036538 0.094792
15 0.266947 0.289583 0.046394 0.067708
15 0.249519 0.359635 0.065865 0.080729
15 0.208894 0.418229 0.026442 0.036458
15 0.194952 0.305990 0.045673 0.142187
15 0.196154 0.289844 0.065865 0.065104
15 0.174159 0.361979 0.048317 0.069792
15 0.176202 0.426563 0.039423 0.068750
15 0.127043 0.423438 0.052644 0.096875
15 0.134375 0.491927 0.048077 0.071354
15 0.361298 0.565885 0.052885 0.090104
15 0.311779 0.549219 0.034615 0.098437
15 0.287861 0.502344 0.031971 0.106771
15 0.327885 0.461198 0.048077 0.123438
15 0.374279 0.888802 0.066827 0.099479
15 0.437139 0.890104 0.040144 0.104167
15 0.397236 0.933073 0.041106 0.090104
15 0.343149 0.929948 0.055048 0.075521
15 0.235937 0.696094 0.056010 0.130729
15 0.151442 0.927083 0.031731 0.085417
15 0.190625 0.123698 0.058654 0.076563
15 0.178726 0.071615 0.044471 0.076563
15 0.145313 0.101823 0.029087 0.125521
15 0.112981 0.106510 0.028365 0.145313
15 0.081611 0.097396 0.031010 0.125000
15 0.046755 0.092708 0.033413 0.104167
15 0.012740 0.100521 0.025000 0.092708
15 0.020913 0.237760 0.041346 0.084896
15 0.060096 0.214583 0.050481 0.095833
15 0.103726 0.226823 0.036298 0.106771
15 0.156010 0.193490 0.041827 0.131771
15 0.126322 0.254427 0.031490 0.090104
15 0.078486 0.310677 0.058894 0.079687
15 0.026562 0.354948 0.052644 0.079687
15 0.054327 0.406250 0.043269 0.108333
15 0.015144 0.432292 0.029327 0.078125
15 0.094351 0.379167 0.036779 0.093750
15 0.084375 0.520052 0.049038 0.079687
15 0.035817 0.527604 0.050000 0.102083
15 0.004928 0.579427 0.009375 0.109896
15 0.027524 0.603385 0.039183 0.066146
15 0.903125 0.885938 0.052885 0.091667
15 0.959976 0.935156 0.054567 0.076563
