15 0.939423 0.882552 0.057212 0.118229
15 0.965625 0.778385 0.037981 0.120313
15 0.959615 0.598958 0.047596 0.102083
15 0.928846 0.973177 0.038462 0.053646
15 0.879207 0.967969 0.065144 0.064062
15 0.867067 0.906250 0.057692 0.093750
15 0.765986 0.964323 0.044952 0.071354
15 0.792788 0.929948 0.027885 0.106771
15 0.826442 0.794531 0.047115 0.184896
15 0.895072 0.805729 0.061779 0.128125
15 0.934736 0.750781 0.048798 0.124479
15 0.906611 0.659635 0.064663 0.160938
15 0.851082 0.715365 0.061779 0.115104
15 0.857572 0.607292 0.053125 0.104167
15 0.903125 0.519271 0.079808 0.104167
15 0.906971 0.414583 0.107212 0.116667
15 0.964784 0.383333 0.060817 0.078125
15 0.830409 0.424479 0.057452 0.090625
15 0.963101 0.270833 0.065144 0.140625
15 0.907572 0.284115 0.051202 0.167187
15 0.933053 0.155208 0.072356 0.087500
15 0.927163 0.074479 0.060577 0.065625
15 0.875240 0.151823 0.055769 0.178646
15 0.836659 0.269531 0.083894 0.119271
15 0.851322 0.321094 0.056010 0.113021
15 0.779808 0.370833 0.050000 0.097917
15 0.763341 0.264062 0.065144 0.146875
15 0.830409 0.175000 0.056490 0.076042
15 0.794952 0.076823 0.060096 0.115104
15 0.754207 0.109896 0.042548 0.113542
15 0.825000 0.046094 0.070192 0.073438
15 0.896875 0.033854 0.053365 0.066667
15 0.955288 0.026302 0.060577 0.051562
15 0.826082 0.571875 0.047356 0.108333
15 0.785337 0.538021 0.050000 0.126042
15 0.737981 0.536719 0.056731 0.120313
15 0.787260 0.665885 0.067308 0.135937
15 0.734495 0.430729 0.048798 0.085417
15 0.728606 0.310937 0.046635 0.125000
15 0.732332 0.194271 0.056971 0.066667
15 0.675481 0.245573 0.061058 0.169271
15 0.702764 0.101823 0.072837 0.138021
15 0.768269 0.027344 0.066346 0.049479
15 0.684255 0.383333 0.082452 0.105208
15 0.676683 0.480208 0.048077 0.090625
15 0.665625 0.596094 0.042788 0.189062
15 0.701442 0.595313 0.046154 0.086458
15 0.715625 0.683594 0.054808 0.105729
15 0.731250 0.828125 0.070673 0.129167
15 0.778486 0.796094 0.048798 0.122396
15 0.743990 0.938021 0.044712 0.090625
15 0.696394 0.890365 0.036058 0.117188
15 0.660937 0.907552 0.031010 0.127604
15 0.617188 0.893750 0.062740 0.183333
15 0.661659 0.767969 0.050240 0.151562
15 0.630769 0.665885 0.058173 0.182812
15 0.601923 0.737760 0.039423 0.109896
15 0.569111 0.805990 0.047356 0.084896
15 0.580048 0.962240 0.036058 0.075521
15 0.532813 0.867188 0.052163 0.101042
15 0.512019 0.948698 0.055769 0.102604
15 0.489543 0.857812 0.041106 0.143750
15 0.515264 0.775260 0.053606 0.082812
15 0.555769 0.709635 0.059135 0.085938
15 0.543029 0.633333 0.054327 0.123958
15 0.574760 0.573177 0.062981 0.175521
15 0.625361 0.534896 0.042067 0.082292
15 0.624519 0.429948 0.051442 0.125521
15 0.621154 0.312760 0.046154 0.106771
15 0.630168 0.155990 0.053125 0.169271
15 0.712139 0.017448 0.047837 0.033854
15 0.647837 0.058073 0.054327 0.069271
15 0.589183 0.124479 0.046635 0.103125
15 0.582452 0.234375 0.028846 0.095833
15 0.572115 0.363542 0.045192 0.132292
15 0.576202 0.471094 0.051923 0.078646
15 0.598918 0.033854 0.037260 0.066667
15 0.546995 0.077083 0.054567 0.107292
15 0.549038 0.191927 0.036538 0.110937
15 0.555409 0.299219 0.036298 0.103646
15 0.510697 0.526042 0.058413 0.117708
15 0.524279 0.419271 0.044712 0.065625
15 0.509495 0.336719 0.064663 0.092188
15 0.483774 0.279687 0.055529 0.184375
15 0.488582 0.633073 0.044471 0.114062
15 0.475481 0.741146 0.052885 0.095833
15 0.453005 0.878906 0.044471 0.155729
15 0.403005 0.861198 0.050721 0.129688
15 0.367188 0.917448 0.043029 0.132812
15 0.367668 0.746094 0.061298 0.120313
15 0.322716 0.864583 0.038221 0.152083
15 0.331731 0.972396 0.042308 0.055208
15 0.310337 0.741146 0.035577 0.086458
15 0.330409 0.628646 0.065625 0.132292
15 0.419591 0.733073 0.049279 0.093229
15 0.435096 0.643750 0.048558 0.126042
15 0.459736 0.551042 0.040625 0.111458
15 0.481010 0.442448 0.040385 0.105729
15 0.390144 0.603385 0.046635 0.121354
15 0.424760 0.516927 0.048558 0.084896
15 0.440625 0.415104 0.040385 0.136458
15 0.394231 0.427604 0.055288 0.096875
15 0.351683 0.518490 0.078365 0.084896
15 0.410337 0.311458 0.050000 0.129167
15 0.365024 0.375000 0.048798 0.179167
15 0.451923 0.303385 0.033173 0.103646
15 0.473077 0.092448 0.070192 0.116146
15 0.409255 0.109115 0.060337 0.182812
15 0.386178 0.200781 0.058413 0.136979
15 0.348077 0.295052 0.048077 0.092188
15 0.320553 0.381510 0.040625 0.105729
15 0.338582 0.152865 0.050721 0.088021
15 0.316707 0.261458 0.021875 0.135417
15 0.313582 0.078906 0.044952 0.104688
15 0.355889 0.044271 0.056490 0.087500
15 0.512740 0.050000 0.029808 0.098958
15 0.464663 0.019010 0.047115 0.036979
15 0.418630 0.032292 0.046394 0.063542
15 0.290505 0.073698 0.086779 0.126562
15 0.279207 0.165365 0.044471 0.092188
15 0.309495 0.246094 0.045913 0.165104
15 0.264543 0.307292 0.053606 0.159375
15 0.273438 0.450260 0.056490 0.096354
15 0.275361 0.571615 0.046875 0.133854
15 0.314423 0.637500 0.091346 0.147917
15 0.272596 0.853385 0.053365 0.105729
15 0.217188 0.957552 0.043990 0.084896
15 0.199159 0.879687 0.044952 0.092708
15 0.194712 0.771094 0.047596 0.133854
15 0.233173 0.852865 0.028365 0.160938
15 0.279327 0.942969 0.052885 0.091146
15 0.253486 0.705208 0.047837 0.145833
15 0.231851 0.675000 0.044952 0.120833
15 0.200361 0.586979 0.048798 0.165625
15 0.201442 0.482031 0.078846 0.107813
15 0.201923 0.357031 0.074519 0.151562
15 0.153846 0.304167 0.056731 0.129167
15 0.127043 0.477344 0.057452 0.133854
15 0.135937 0.907552 0.067548 0.130729
15 0.180288 0.950781 0.027885 0.056771
15 0.151082 0.835156 0.063221 0.071354
15 0.154207 0.750781 0.053125 0.108854
15 0.122716 0.664583 0.051683 0.164583
15 0.163462 0.621354 0.036058 0.122917
15 0.061659 0.941146 0.061298 0.117708
15 0.017188 0.940625 0.033413 0.118750
15 0.044591 0.875521 0.050240 0.055208
15 0.044591 0.790625 0.056971 0.102083
15 0.065986 0.693229 0.059856 0.111458
15 0.054207 0.565104 0.065625 0.157292
15 0.038942 0.675521 0.077404 0.132292
15 0.113702 0.558594 0.056250 0.085938
15 0.016827 0.509896 0.033173 0.069792
15 0.060216 0.430469 0.057452 0.124479
15 0.100962 0.372656 0.052885 0.090104
15 0.058654 0.348698 0.038942 0.056771
15 0.019952 0.426563 0.039423 0.095833
15 0.023197 0.278385 0.045913 0.101562
15 0.077284 0.282552 0.041587 0.093229
15 0.113101 0.271875 0.037740 0.101042
15 0.072957 0.199479 0.063221 0.069792
15 0.198918 0.237240 0.046875 0.082812
15 0.091587 0.114062 0.082212 0.114583
15 0.021514 0.210677 0.042548 0.035937
15 0.019832 0.076302 0.039183 0.151562
15 0.019591 0.156510 0.038702 0.066146
15 0.041707 0.119010 0.018510 0.108854
15 0.137380 0.207292 0.054087 0.070833
15 0.174159 0.165885 0.050721 0.119271
15 0.219351 0.191927 0.045433 0.060937
15 0.228846 0.125781 0.057212 0.095312
15 0.178125 0.069792 0.049038 0.079167
15 0.204447 0.036719 0.076683 0.072396
15 0.134255 0.040885 0.034375 0.080729
15 0.087380 0.027865 0.059375 0.054688
15 0.119231 0.972917 0.038942 0.054167
