15 0.807250 0.038859 0.075000 0.076630
15 0.870875 0.190489 0.088250 0.099457
15 0.937125 0.295380 0.086250 0.158152
15 0.990125 0.290761 0.019750 0.097826
15 0.964000 0.438043 0.072000 0.139130
15 0.838875 0.316304 0.102250 0.194565
15 0.822250 0.509783 0.103500 0.236957
15 0.912875 0.598913 0.070750 0.209783
15 0.989750 0.602446 0.020500 0.117935
15 0.963375 0.892391 0.073250 0.198913
15 0.924625 0.987772 0.054250 0.024457
15 0.863875 0.769293 0.088250 0.266848
15 0.667000 0.652989 0.100000 0.258152
15 0.565625 0.831250 0.120750 0.215761
15 0.549250 0.977989 0.130000 0.044022
15 0.449500 0.814946 0.100000 0.370109
15 0.535750 0.602446 0.073500 0.238587
15 0.348750 0.840489 0.093000 0.312500
15 0.260750 0.895652 0.094500 0.208696
15 0.125000 0.896467 0.166000 0.207065
15 0.156875 0.677446 0.125750 0.191848
15 0.253375 0.621196 0.095250 0.209783
15 0.381500 0.570924 0.201500 0.172283
15 0.063875 0.636413 0.095250 0.197826
15 0.024875 0.816033 0.049250 0.254891
15 0.040875 0.489674 0.081250 0.136957
15 0.146125 0.410870 0.083250 0.214130
15 0.248250 0.441033 0.155500 0.123370
15 0.379500 0.407065 0.112500 0.146739
15 0.486125 0.361957 0.099250 0.143478
15 0.589875 0.450000 0.090250 0.235870
15 0.657875 0.385054 0.090250 0.265761
15 0.738500 0.358152 0.075000 0.229348
15 0.677750 0.206250 0.110500 0.098370
15 0.734750 0.157065 0.077000 0.120652
15 0.652000 0.110598 0.059000 0.048370
15 0.614875 0.034239 0.076250 0.067391
15 0.595000 0.117935 0.071500 0.132609
15 0.552125 0.200815 0.075750 0.184239
15 0.482250 0.229620 0.083500 0.111413
15 0.441625 0.153533 0.096750 0.091848
15 0.402750 0.272826 0.064500 0.073913
15 0.316250 0.242663 0.082000 0.176630
15 0.241625 0.314946 0.111750 0.103804
15 0.064125 0.326359 0.127750 0.157065
15 0.014500 0.240217 0.028500 0.108696
15 0.046125 0.160870 0.091750 0.128261
15 0.029500 0.054620 0.058500 0.108152
15 0.337875 0.056250 0.070750 0.111413
15 0.408625 0.064402 0.069250 0.127717
15 0.485000 0.072826 0.079000 0.144565
