15 0.190885 0.026562 0.077604 0.036779
15 0.105469 0.020793 0.074479 0.035337
15 0.158333 0.006130 0.055208 0.010817
15 0.232813 0.003966 0.051042 0.007452
15 0.310156 0.012740 0.083854 0.024038
15 0.315625 0.043389 0.097917 0.038221
15 0.177604 0.056611 0.071875 0.035337
15 0.100000 0.058774 0.083333 0.060337
15 0.196094 0.086659 0.071354 0.037260
15 0.258073 0.102284 0.073438 0.052163
15 0.313802 0.118750 0.074479 0.046635
15 0.393490 0.120673 0.082812 0.055288
15 0.482812 0.027524 0.118750 0.053606
15 0.545833 0.006130 0.066667 0.010817
15 0.610677 0.041466 0.094271 0.037260
15 0.665885 0.032091 0.069271 0.038221
15 0.725521 0.018630 0.086458 0.036779
15 0.748437 0.058293 0.069792 0.037740
15 0.872135 0.028486 0.079687 0.051683
15 0.105990 0.119952 0.085938 0.052885
15 0.186719 0.134255 0.085938 0.038221
15 0.232031 0.164663 0.078646 0.052885
15 0.369010 0.184615 0.072396 0.045192
15 0.514583 0.157212 0.089583 0.041346
15 0.623437 0.147115 0.119792 0.047596
15 0.720313 0.140024 0.072917 0.042067
15 0.811198 0.134375 0.074479 0.050481
15 0.854167 0.156731 0.064583 0.042308
15 0.895052 0.135457 0.074479 0.061298
15 0.857031 0.194832 0.084896 0.039663
15 0.802083 0.213221 0.070833 0.042308
15 0.897656 0.234736 0.071354 0.058894
15 0.697396 0.227404 0.120833 0.041346
15 0.661198 0.250841 0.091146 0.038221
15 0.550260 0.244832 0.124479 0.033894
15 0.454948 0.229207 0.084896 0.035817
15 0.102344 0.185216 0.076563 0.043990
15 0.165885 0.194471 0.082812 0.044231
15 0.097396 0.228365 0.056250 0.048077
15 0.204687 0.214423 0.090625 0.046635
15 0.221615 0.243029 0.065104 0.030288
15 0.148438 0.253606 0.090625 0.038942
15 0.225260 0.273197 0.080729 0.034856
15 0.294010 0.212500 0.094271 0.047596
15 0.340104 0.271755 0.108333 0.051683
15 0.316406 0.306130 0.071354 0.025240
15 0.388802 0.310577 0.069271 0.026923
15 0.433854 0.335096 0.061458 0.022115
15 0.439583 0.281370 0.098958 0.036298
15 0.464583 0.313221 0.112500 0.030288
15 0.484896 0.336779 0.044792 0.021635
15 0.532813 0.300962 0.059375 0.037500
15 0.595313 0.272236 0.091667 0.028125
15 0.589323 0.298317 0.077604 0.026923
15 0.590625 0.324038 0.060417 0.020673
15 0.528906 0.349038 0.071354 0.047115
15 0.603906 0.347596 0.078646 0.037500
15 0.585417 0.381851 0.058333 0.032452
15 0.636458 0.381010 0.058333 0.052885
15 0.657031 0.312500 0.061979 0.055288
15 0.710156 0.329327 0.078646 0.046154
15 0.701823 0.371635 0.082812 0.050962
15 0.782031 0.299519 0.071354 0.052885
15 0.838802 0.337981 0.093229 0.041827
15 0.897656 0.309856 0.065104 0.052885
15 0.791146 0.376803 0.102083 0.032933
15 0.892448 0.384375 0.071354 0.051923
15 0.907813 0.429688 0.071875 0.039663
15 0.780990 0.440625 0.122396 0.027885
15 0.788281 0.470313 0.077604 0.039183
15 0.884375 0.471875 0.114583 0.046635
15 0.737760 0.499880 0.144271 0.042548
15 0.825000 0.518510 0.091667 0.046635
15 0.899219 0.522236 0.082812 0.045913
15 0.737760 0.550120 0.072396 0.037260
15 0.802083 0.586538 0.092708 0.040385
15 0.880729 0.582572 0.103125 0.040144
15 0.899219 0.565625 0.084896 0.033654
15 0.924479 0.604447 0.060417 0.016106
15 0.865365 0.617909 0.080729 0.022356
15 0.734115 0.602404 0.085938 0.047596
15 0.795573 0.642909 0.081771 0.045913
15 0.911198 0.644351 0.084896 0.036298
15 0.849219 0.662981 0.080729 0.046154
15 0.914583 0.685337 0.096875 0.046635
15 0.866927 0.713822 0.136979 0.036779
15 0.882292 0.748678 0.112500 0.037740
15 0.797396 0.761538 0.085417 0.048077
15 0.821354 0.786659 0.098958 0.027644
15 0.915885 0.773678 0.069271 0.050721
15 0.828385 0.818149 0.080729 0.035337
15 0.883594 0.852644 0.076563 0.041827
15 0.902604 0.923798 0.089583 0.042788
15 0.836719 0.953606 0.078646 0.048558
15 0.912240 0.977043 0.080729 0.035337
15 0.836458 0.987019 0.069792 0.025962
