15 0.972236 0.062500 0.054567 0.088542
15 0.925120 0.088281 0.041106 0.118229
15 0.993510 0.321875 0.012981 0.155208
15 0.965024 0.377344 0.048798 0.081771
15 0.934615 0.355469 0.062019 0.122396
15 0.910577 0.270052 0.044231 0.104688
15 0.880168 0.253906 0.046394 0.082812
15 0.844111 0.246615 0.049760 0.136979
15 0.842668 0.111458 0.066587 0.107292
15 0.779207 0.159115 0.041587 0.125521
15 0.761298 0.249219 0.042308 0.141146
15 0.798918 0.361719 0.068510 0.096354
15 0.772356 0.418750 0.057692 0.090625
15 0.976683 0.467708 0.046635 0.121875
15 0.927885 0.459375 0.061058 0.094792
15 0.880168 0.519792 0.047837 0.107292
15 0.823678 0.570052 0.070433 0.100521
15 0.689784 0.761458 0.037740 0.093750
15 0.664784 0.819010 0.050721 0.114062
15 0.608293 0.828906 0.069471 0.089063
15 0.572356 0.919010 0.040385 0.099479
15 0.563582 0.812760 0.034856 0.116146
15 0.601082 0.762760 0.046875 0.084896
15 0.620313 0.672396 0.055048 0.113542
15 0.667909 0.672656 0.040144 0.116146
15 0.528846 0.758854 0.053846 0.091667
15 0.519712 0.837760 0.057692 0.079687
15 0.506731 0.902344 0.024038 0.043229
15 0.527043 0.957812 0.056971 0.076042
15 0.475240 0.922396 0.042788 0.131250
15 0.470433 0.829427 0.036058 0.078646
15 0.423558 0.937500 0.057692 0.094792
15 0.378245 0.912240 0.058413 0.142187
15 0.496875 0.689063 0.029808 0.107292
15 0.542308 0.666146 0.052885 0.093750
15 0.597115 0.597396 0.044712 0.122917
15 0.632933 0.524479 0.028365 0.153125
15 0.686899 0.506510 0.053606 0.141146
15 0.592067 0.498698 0.056250 0.089063
15 0.556731 0.570312 0.041827 0.096875
15 0.509856 0.557292 0.047596 0.095833
15 0.476322 0.650000 0.039183 0.097917
15 0.424519 0.702344 0.051923 0.077604
15 0.381851 0.740365 0.048317 0.078646
15 0.349038 0.778125 0.057692 0.092708
15 0.328245 0.913021 0.039663 0.126042
15 0.300721 0.936979 0.053365 0.103125
15 0.241587 0.898177 0.046635 0.110937
15 0.265505 0.802083 0.040625 0.112500
15 0.301563 0.767448 0.034375 0.089063
15 0.236178 0.785156 0.028606 0.099479
15 0.209375 0.818490 0.028846 0.128646
15 0.161298 0.851562 0.069231 0.072917
15 0.158293 0.928906 0.059856 0.081771
15 0.112861 0.839583 0.032452 0.104167
15 0.198678 0.680990 0.043990 0.099479
15 0.081370 0.692448 0.048798 0.099479
15 0.277524 0.643750 0.060337 0.090625
15 0.316587 0.688542 0.028846 0.093750
15 0.350841 0.672396 0.035817 0.083333
15 0.396274 0.657292 0.049760 0.083333
15 0.375841 0.594531 0.052163 0.069271
15 0.326683 0.594271 0.050000 0.084375
15 0.360577 0.543750 0.049038 0.072917
15 0.392788 0.504427 0.048077 0.083854
15 0.431490 0.558073 0.059135 0.107813
15 0.671274 0.347656 0.043510 0.078646
15 0.626683 0.416146 0.038942 0.096875
15 0.590745 0.404687 0.037260 0.097917
15 0.549880 0.485938 0.040625 0.069792
15 0.516707 0.449479 0.037740 0.115625
15 0.552284 0.400260 0.038221 0.100521
15 0.572115 0.319271 0.034615 0.063542
15 0.601803 0.292448 0.058413 0.099479
15 0.628365 0.339844 0.042788 0.096354
15 0.625000 0.197135 0.049519 0.114062
15 0.674279 0.188281 0.049519 0.073438
15 0.681611 0.274740 0.035337 0.094271
15 0.719832 0.208073 0.046394 0.101562
15 0.732812 0.122656 0.060337 0.072396
15 0.733293 0.043490 0.042067 0.081771
15 0.789543 0.049740 0.076202 0.091146
15 0.697476 0.099479 0.051683 0.068750
15 0.648558 0.100260 0.044712 0.081771
15 0.681250 0.032552 0.062019 0.059896
15 0.622356 0.033594 0.045192 0.066146
15 0.606731 0.105469 0.037981 0.063021
15 0.571514 0.169010 0.043990 0.076563
15 0.576442 0.235937 0.050000 0.084375
15 0.528726 0.234375 0.042548 0.078125
15 0.526803 0.320833 0.048317 0.105208
15 0.487861 0.372656 0.051683 0.091146
15 0.464303 0.468490 0.030529 0.119271
15 0.435577 0.467708 0.025962 0.066667
15 0.424760 0.400521 0.033654 0.068750
15 0.570192 0.079687 0.046635 0.100000
15 0.525000 0.142187 0.045192 0.106250
15 0.487500 0.192708 0.048077 0.069792
15 0.481010 0.271615 0.052885 0.093229
15 0.444111 0.346094 0.032452 0.069271
15 0.421635 0.295573 0.037019 0.081771
15 0.386058 0.348177 0.043750 0.069271
15 0.375481 0.403125 0.054327 0.068750
15 0.338582 0.478385 0.058894 0.086979
15 0.299159 0.499479 0.044471 0.066667
15 0.303125 0.401562 0.050000 0.115625
15 0.246635 0.489323 0.038462 0.092188
15 0.273678 0.250781 0.059375 0.093229
15 0.301923 0.305990 0.037981 0.099479
15 0.340385 0.314844 0.050000 0.102604
15 0.388341 0.278385 0.042067 0.074479
15 0.408293 0.196354 0.049760 0.065625
15 0.448558 0.213802 0.048077 0.088021
15 0.441466 0.121354 0.055048 0.092708
15 0.483654 0.110156 0.031731 0.089063
15 0.371274 0.167448 0.052644 0.088021
15 0.332452 0.217448 0.049519 0.082812
15 0.267428 0.144531 0.050240 0.119271
15 0.224038 0.169792 0.043269 0.113542
15 0.521034 0.040625 0.055529 0.080208
15 0.479808 0.029427 0.024038 0.057813
15 0.448678 0.035937 0.053606 0.070833
15 0.400841 0.023177 0.033413 0.045312
15 0.386058 0.078125 0.048077 0.120833
15 0.348558 0.063542 0.039423 0.126042
15 0.318630 0.105208 0.031490 0.150000
15 0.292067 0.034635 0.061538 0.068229
15 0.191827 0.589323 0.070673 0.085938
15 0.159615 0.510677 0.044712 0.068229
15 0.207813 0.491146 0.055529 0.107292
15 0.110096 0.486198 0.046635 0.123438
15 0.076442 0.528906 0.038462 0.111979
15 0.128966 0.345313 0.043990 0.118750
15 0.183774 0.348177 0.047356 0.145313
15 0.164784 0.230208 0.053606 0.083333
15 0.079687 0.304427 0.038702 0.141146
15 0.131971 0.140625 0.037019 0.159375
15 0.081851 0.038021 0.058894 0.075000
