15 0.957031 0.031611 0.085938 0.060817
15 0.889323 0.046514 0.081771 0.051202
15 0.842708 0.010937 0.098958 0.021394
15 0.803385 0.025481 0.092188 0.049038
15 0.770312 0.052404 0.082292 0.051923
15 0.845313 0.075000 0.071875 0.054808
15 0.939323 0.086659 0.116146 0.043990
15 0.711458 0.027524 0.060417 0.051202
15 0.652083 0.013341 0.093750 0.026202
15 0.617188 0.048317 0.066667 0.051442
15 0.563542 0.022476 0.069792 0.041106
15 0.465365 0.008413 0.072396 0.016346
15 0.375260 0.011178 0.109896 0.021875
15 0.276042 0.017548 0.075000 0.034615
15 0.193750 0.010337 0.078125 0.020192
15 0.106250 0.021995 0.078125 0.043510
15 0.115885 0.058534 0.075521 0.052644
15 0.208333 0.088221 0.117708 0.036058
15 0.320052 0.101923 0.067187 0.050481
15 0.125260 0.115745 0.114062 0.056971
15 0.445312 0.073197 0.084375 0.048798
15 0.663802 0.095553 0.116146 0.036779
15 0.728385 0.072596 0.116146 0.037981
15 0.765365 0.109495 0.080729 0.047837
15 0.855469 0.124880 0.075521 0.057452
15 0.965625 0.126923 0.064583 0.039904
15 0.933594 0.167668 0.110937 0.041587
15 0.844792 0.180048 0.056250 0.023558
15 0.802344 0.172115 0.146354 0.039423
15 0.768750 0.149159 0.114583 0.029087
15 0.715885 0.184856 0.067187 0.034135
15 0.626042 0.157332 0.101042 0.038221
15 0.552865 0.197476 0.099479 0.054567
15 0.642708 0.203726 0.087500 0.057933
15 0.725781 0.226803 0.083854 0.045913
15 0.821094 0.212500 0.123438 0.044231
15 0.931250 0.216346 0.108333 0.057212
15 0.986458 0.213462 0.027083 0.033654
15 0.826562 0.246635 0.121875 0.027885
15 0.894010 0.257091 0.083854 0.024760
15 0.928125 0.275481 0.116667 0.053846
15 0.834375 0.282212 0.087500 0.040385
15 0.971094 0.294471 0.053646 0.037019
15 0.929688 0.320553 0.094792 0.034856
15 0.840365 0.316226 0.097396 0.037740
15 0.791927 0.288101 0.049479 0.031010
15 0.726302 0.267067 0.096354 0.030288
15 0.639844 0.247115 0.096354 0.043750
15 0.475521 0.234135 0.131250 0.035577
15 0.479948 0.273317 0.135937 0.051923
15 0.573438 0.282692 0.058333 0.050481
15 0.644531 0.291226 0.072396 0.062740
15 0.671354 0.312380 0.048958 0.053125
15 0.740625 0.314423 0.080208 0.066827
15 0.844271 0.357212 0.090625 0.047596
15 0.288021 0.158774 0.086458 0.041587
15 0.227604 0.184255 0.108333 0.048798
15 0.172396 0.156250 0.079167 0.031731
15 0.088802 0.156490 0.069271 0.051442
15 0.135417 0.191947 0.082292 0.039663
15 0.087500 0.204687 0.073958 0.043510
15 0.150781 0.234736 0.076563 0.046875
15 0.208073 0.273438 0.103646 0.039183
15 0.108073 0.296755 0.066146 0.041587
15 0.064062 0.276803 0.087500 0.048798
15 0.080729 0.250481 0.071875 0.042788
15 0.255469 0.316106 0.114062 0.039904
15 0.358854 0.304207 0.070833 0.050721
15 0.157812 0.324639 0.105208 0.029087
15 0.185938 0.362019 0.101042 0.043750
15 0.293229 0.407091 0.098958 0.051202
15 0.419010 0.415505 0.076563 0.041587
15 0.420573 0.466346 0.118229 0.044231
15 0.513802 0.353005 0.079687 0.039183
15 0.539844 0.319471 0.079687 0.043269
15 0.603385 0.340505 0.083854 0.039183
15 0.763542 0.371635 0.126042 0.045192
15 0.835156 0.404928 0.097396 0.046875
15 0.723437 0.415144 0.147917 0.042308
15 0.920312 0.415024 0.100000 0.041587
15 0.962240 0.449399 0.071354 0.055048
15 0.890104 0.456611 0.100000 0.055529
15 0.790885 0.456130 0.109896 0.055529
15 0.701562 0.493149 0.071875 0.058894
15 0.659635 0.466707 0.092188 0.055048
15 0.816927 0.492188 0.106771 0.050721
15 0.887240 0.505769 0.078646 0.047596
15 0.950260 0.529687 0.092188 0.066587
15 0.894010 0.576683 0.116146 0.058654
15 0.794792 0.534615 0.109375 0.040385
15 0.801562 0.578245 0.095833 0.039183
15 0.748437 0.590385 0.095833 0.046154
15 0.645312 0.562380 0.095833 0.075721
15 0.546094 0.585817 0.105729 0.053365
15 0.467708 0.558053 0.113542 0.043029
15 0.463542 0.519952 0.111458 0.031731
15 0.202865 0.501803 0.123438 0.044952
15 0.263802 0.544952 0.092188 0.043750
15 0.311458 0.547356 0.053125 0.037981
15 0.267708 0.590024 0.113542 0.057452
15 0.353125 0.600361 0.061458 0.044471
15 0.296615 0.633293 0.055729 0.035337
15 0.365625 0.662500 0.095833 0.053846
15 0.328646 0.710457 0.109375 0.055529
15 0.246354 0.699639 0.071875 0.043990
15 0.221615 0.646154 0.093229 0.071635
15 0.146354 0.643990 0.070833 0.048077
15 0.079948 0.620433 0.102604 0.070192
15 0.072396 0.677764 0.097917 0.042548
15 0.148438 0.718029 0.108333 0.055769
15 0.060937 0.732572 0.075000 0.055529
15 0.164323 0.779447 0.079687 0.056971
15 0.076563 0.849639 0.093750 0.073317
15 0.133073 0.880168 0.105729 0.056490
15 0.225260 0.883774 0.086979 0.073317
15 0.305469 0.886298 0.084896 0.071154
15 0.396615 0.890865 0.102604 0.042308
15 0.549479 0.816827 0.095833 0.049038
15 0.541927 0.630889 0.092188 0.038702
15 0.619271 0.612620 0.073958 0.037260
15 0.728125 0.631611 0.089583 0.056010
15 0.805469 0.627644 0.071354 0.059615
15 0.875781 0.652163 0.088021 0.073077
15 0.923438 0.626563 0.109375 0.043990
15 0.950781 0.671274 0.098437 0.041587
15 0.914323 0.706611 0.157812 0.035337
15 0.783073 0.678846 0.110937 0.039423
15 0.700260 0.662620 0.073438 0.051202
15 0.629427 0.647115 0.100521 0.032692
15 0.601042 0.667909 0.121875 0.035337
15 0.668750 0.703125 0.095833 0.045192
15 0.777083 0.714904 0.122917 0.034135
15 0.900781 0.743269 0.094271 0.045673
15 0.928906 0.766466 0.128646 0.031010
15 0.814323 0.783293 0.097396 0.031010
15 0.789323 0.754207 0.113021 0.055048
15 0.701562 0.782813 0.093750 0.072837
15 0.639062 0.736418 0.069792 0.065625
15 0.811979 0.815986 0.116667 0.047837
15 0.913802 0.798317 0.109896 0.035096
15 0.921094 0.834615 0.109896 0.039904
15 0.955729 0.857332 0.083333 0.051202
15 0.834635 0.868750 0.106771 0.039904
15 0.767188 0.834856 0.073958 0.034135
15 0.700260 0.830529 0.052604 0.027885
15 0.596615 0.857452 0.094271 0.040865
15 0.576823 0.901442 0.101562 0.047115
15 0.660937 0.911659 0.081250 0.036779
15 0.764062 0.892909 0.096875 0.052163
15 0.881771 0.910697 0.136458 0.046394
15 0.907031 0.972596 0.073438 0.053846
15 0.820573 0.967428 0.098437 0.065144
15 0.748177 0.938221 0.125521 0.032692
15 0.688542 0.980769 0.102083 0.038462
15 0.618229 0.948678 0.078125 0.051202
15 0.499479 0.942909 0.096875 0.042548
15 0.358073 0.943149 0.108854 0.046875
15 0.317969 0.990024 0.106771 0.019952
15 0.243229 0.929207 0.096875 0.046875
15 0.070312 0.920553 0.100000 0.046875
