15 0.978533 0.146625 0.042935 0.036750
15 0.931522 0.137000 0.057609 0.052000
15 0.876902 0.158875 0.057065 0.035250
15 0.809239 0.122500 0.108696 0.047000
15 0.766304 0.139875 0.068478 0.048750
15 0.696196 0.141000 0.092391 0.051000
15 0.624457 0.114625 0.065217 0.038250
15 0.552446 0.089500 0.077717 0.044500
15 0.561685 0.139500 0.100543 0.051500
15 0.476359 0.122125 0.083152 0.034250
15 0.330707 0.092750 0.097283 0.058500
15 0.349728 0.147000 0.091848 0.042000
15 0.442935 0.158750 0.101087 0.048000
15 0.395380 0.199625 0.073370 0.053250
15 0.464130 0.201625 0.059783 0.033750
15 0.522554 0.200375 0.058152 0.034750
15 0.597283 0.180625 0.067391 0.028750
15 0.668207 0.173875 0.076630 0.029250
15 0.650543 0.203125 0.101087 0.035750
15 0.575000 0.213750 0.057609 0.032500
15 0.755435 0.204250 0.125000 0.025000
15 0.802174 0.178625 0.083696 0.026750
15 0.858152 0.185625 0.065217 0.051250
15 0.941576 0.187750 0.084239 0.044500
15 0.986685 0.214000 0.026630 0.036500
15 0.954076 0.236375 0.047283 0.046250
15 0.886957 0.232250 0.077174 0.041000
15 0.813859 0.221500 0.053804 0.036500
15 0.717935 0.233125 0.066304 0.029250
15 0.635598 0.235250 0.079891 0.036000
15 0.557065 0.266625 0.086957 0.042250
15 0.498370 0.241125 0.101087 0.039250
15 0.449728 0.275375 0.072283 0.061750
15 0.383967 0.248375 0.102717 0.048750
15 0.299457 0.204875 0.090217 0.045750
15 0.281793 0.243875 0.082065 0.039250
15 0.245109 0.167375 0.113043 0.037250
15 0.614674 0.283750 0.090217 0.040500
15 0.684511 0.265500 0.080978 0.046000
15 0.775272 0.256375 0.069022 0.044250
15 0.741576 0.294875 0.071196 0.034250
15 0.672554 0.313625 0.073370 0.043250
15 0.821739 0.305250 0.085870 0.034000
15 0.823913 0.266125 0.061957 0.033750
15 0.896196 0.265500 0.102174 0.032000
15 0.933696 0.273250 0.051087 0.032500
15 0.986141 0.262750 0.027717 0.030000
15 0.975815 0.295750 0.048370 0.039000
15 0.895380 0.304000 0.072283 0.042500
15 0.952174 0.333500 0.052174 0.047500
15 0.985054 0.330125 0.029891 0.026750
15 0.907065 0.349125 0.057609 0.036750
15 0.829076 0.338375 0.096196 0.022750
15 0.751359 0.331250 0.083152 0.030000
15 0.665217 0.352625 0.095652 0.028250
15 0.771196 0.363000 0.088043 0.028500
15 0.880435 0.372375 0.071739 0.044250
15 0.974185 0.372750 0.051630 0.038000
15 0.944565 0.390125 0.063043 0.023750
15 0.813043 0.386625 0.083696 0.024250
15 0.687500 0.388875 0.086957 0.035750
15 0.606793 0.393375 0.064674 0.050250
15 0.583967 0.340000 0.083152 0.042500
15 0.517120 0.386250 0.088587 0.041000
15 0.448913 0.355625 0.098913 0.065750
15 0.520109 0.321875 0.096739 0.034750
15 0.375272 0.322375 0.103804 0.054750
15 0.300272 0.342125 0.067935 0.057750
15 0.364946 0.375375 0.072283 0.033750
15 0.245109 0.289375 0.095652 0.054750
15 0.225543 0.344000 0.081522 0.055500
15 0.218750 0.399250 0.061413 0.057500
15 0.291576 0.405500 0.071196 0.059000
15 0.351087 0.415000 0.076087 0.046000
15 0.532065 0.426750 0.080435 0.033500
15 0.470652 0.454500 0.111957 0.041500
15 0.378804 0.460375 0.080435 0.043750
15 0.288587 0.453625 0.093478 0.045750
15 0.331522 0.501500 0.076087 0.041500
15 0.384511 0.535375 0.099457 0.036250
15 0.235326 0.508375 0.114130 0.044250
15 0.215761 0.550750 0.079348 0.039500
15 0.261685 0.561250 0.077717 0.053000
15 0.334239 0.578625 0.094565 0.048750
15 0.500543 0.538500 0.071739 0.049000
15 0.449457 0.494750 0.069565 0.049000
15 0.528533 0.483500 0.079891 0.053500
15 0.603804 0.490875 0.073913 0.039250
15 0.583424 0.532625 0.078804 0.039750
15 0.654620 0.507000 0.075543 0.044500
15 0.651902 0.464375 0.083152 0.040750
15 0.650815 0.429250 0.082065 0.040000
15 0.733967 0.435375 0.104891 0.030250
15 0.738315 0.403250 0.075543 0.037000
15 0.808424 0.418750 0.070109 0.038000
15 0.872826 0.413375 0.055435 0.044250
15 0.938859 0.424375 0.066848 0.032250
15 0.834511 0.448125 0.087500 0.026250
15 0.737500 0.470375 0.082609 0.038250
15 0.782337 0.487000 0.076630 0.045500
15 0.699728 0.522375 0.074457 0.029250
15 0.629620 0.564750 0.075543 0.049500
15 0.907880 0.456750 0.114674 0.023000
15 0.873370 0.490250 0.070652 0.038000
15 0.940761 0.483125 0.050000 0.025750
15 0.983696 0.467125 0.032609 0.034250
15 0.988315 0.431250 0.023370 0.025000
15 0.977989 0.411375 0.042935 0.022250
15 0.967120 0.554250 0.064674 0.032000
15 0.974728 0.504125 0.050543 0.021250
15 0.964130 0.524125 0.061957 0.024750
15 0.907065 0.525250 0.069565 0.035500
15 0.836957 0.521125 0.060870 0.043750
15 0.894837 0.567625 0.057065 0.041250
15 0.921196 0.583250 0.070652 0.031500
15 0.849457 0.588875 0.073913 0.044750
15 0.828804 0.553375 0.070652 0.023250
15 0.775543 0.527625 0.076087 0.033750
15 0.753533 0.566000 0.085326 0.042000
15 0.787228 0.597000 0.049457 0.030500
15 0.671739 0.585500 0.104348 0.035000
15 0.554076 0.579750 0.075543 0.043000
15 0.481522 0.585375 0.078261 0.037250
15 0.414402 0.616125 0.121196 0.051250
15 0.526630 0.621875 0.071739 0.038750
15 0.612500 0.624250 0.079348 0.039500
15 0.673370 0.614625 0.054348 0.022750
15 0.730435 0.608500 0.072826 0.033000
15 0.695380 0.638875 0.084239 0.029750
15 0.311413 0.622500 0.081522 0.034000
15 0.181250 0.602750 0.084239 0.063000
15 0.402717 0.657875 0.084783 0.028750
15 0.468207 0.652750 0.078804 0.032500
15 0.548641 0.646000 0.082065 0.030000
15 0.606250 0.657125 0.070109 0.027750
15 0.677989 0.669375 0.083152 0.022250
15 0.762500 0.645875 0.073913 0.046750
15 0.822826 0.626500 0.076087 0.026000
15 0.924457 0.619875 0.063043 0.034250
15 0.964946 0.601500 0.062500 0.022500
15 0.887228 0.649000 0.076630 0.038500
15 0.822826 0.676500 0.092391 0.047500
15 0.515489 0.689125 0.069022 0.040750
15 0.417663 0.693000 0.114674 0.037000
15 0.326359 0.669750 0.072283 0.056000
15 0.236141 0.656750 0.070109 0.051500
15 0.258424 0.699000 0.079891 0.060500
15 0.612500 0.689375 0.095652 0.026250
15 0.669293 0.709500 0.064674 0.045000
15 0.597283 0.727125 0.079348 0.043250
15 0.518750 0.733625 0.079891 0.039750
15 0.747826 0.721625 0.094565 0.030750
15 0.757337 0.694000 0.084239 0.035000
15 0.832609 0.719875 0.046739 0.041750
15 0.873641 0.704875 0.035326 0.039250
15 0.905435 0.683250 0.066304 0.026000
15 0.944837 0.664000 0.067935 0.034000
15 0.976087 0.688500 0.039130 0.027500
15 0.967120 0.637375 0.065761 0.039250
15 0.932065 0.712625 0.086957 0.033750
15 0.908424 0.741000 0.061413 0.033000
15 0.979620 0.725000 0.036413 0.029500
15 0.988315 0.762875 0.023370 0.047250
15 0.952446 0.763250 0.052717 0.046000
15 0.891848 0.773750 0.072826 0.030500
15 0.855435 0.751500 0.053261 0.047500
15 0.798370 0.759875 0.078261 0.035250
15 0.772554 0.789500 0.079891 0.026000
15 0.729620 0.762125 0.060326 0.050250
15 0.642663 0.763500 0.107065 0.044500
15 0.533696 0.778375 0.109783 0.042750
15 0.457609 0.753125 0.075000 0.052250
15 0.378261 0.724625 0.083696 0.041250
15 0.297554 0.741000 0.116848 0.040000
15 0.362228 0.769875 0.080978 0.031750
15 0.288315 0.785625 0.095109 0.037750
15 0.304891 0.815250 0.093478 0.026500
15 0.408424 0.809375 0.097283 0.051750
15 0.672554 0.799375 0.067935 0.036250
15 0.608696 0.808000 0.075000 0.040000
15 0.736141 0.812875 0.058152 0.050250
15 0.826359 0.818250 0.092935 0.041000
15 0.910054 0.811375 0.072283 0.040250
15 0.972554 0.799000 0.054891 0.036500
15 0.973098 0.831500 0.053804 0.025000
15 0.691033 0.832875 0.074457 0.030250
15 0.621739 0.846875 0.054348 0.030750
15 0.544565 0.826500 0.063043 0.046500
15 0.466576 0.824625 0.078804 0.042750
15 0.392391 0.851125 0.076087 0.049250
15 0.302174 0.853500 0.109783 0.031500
15 0.189130 0.825875 0.082609 0.039750
15 0.073098 0.817750 0.135326 0.064000
15 0.196467 0.780750 0.100543 0.047000
15 0.076087 0.759625 0.133696 0.054250
15 0.124457 0.701875 0.098913 0.047250
15 0.015489 0.650625 0.029891 0.041250
15 0.058152 0.601125 0.115217 0.046250
15 0.116033 0.543875 0.121196 0.042250
15 0.013043 0.543625 0.025000 0.055750
15 0.073641 0.497250 0.146196 0.035500
15 0.051630 0.458000 0.102174 0.043500
15 0.183152 0.455750 0.158696 0.055500
15 0.145380 0.407375 0.083152 0.052250
15 0.136413 0.319250 0.110870 0.050500
15 0.036141 0.313125 0.071196 0.069250
15 0.131522 0.269500 0.138043 0.046000
15 0.155707 0.242625 0.157065 0.035250
15 0.033967 0.217875 0.066848 0.065750
15 0.014946 0.243875 0.028804 0.031250
15 0.166304 0.196250 0.111957 0.045500
15 0.135326 0.141250 0.095652 0.058000
15 0.148370 0.082125 0.114130 0.051250
15 0.038315 0.054125 0.075543 0.076750
15 0.012772 0.121375 0.024457 0.043250
15 0.965217 0.860500 0.052174 0.038000
15 0.980978 0.901500 0.038043 0.032000
15 0.909239 0.871500 0.059783 0.048000
15 0.744293 0.879375 0.066848 0.037250
15 0.704891 0.862375 0.079348 0.031250
15 0.630707 0.882500 0.067935 0.044500
15 0.676630 0.906000 0.082609 0.037500
15 0.572011 0.881000 0.058152 0.050000
15 0.495652 0.875750 0.103261 0.062500
15 0.445924 0.924750 0.077717 0.047500
15 0.586413 0.926875 0.082609 0.036250
15 0.527989 0.945875 0.084239 0.049250
15 0.456522 0.962750 0.065217 0.031500
15 0.670109 0.972875 0.070652 0.054250
15 0.724728 0.932125 0.074457 0.049750
15 0.745924 0.953750 0.084239 0.041000
15 0.824728 0.939625 0.077717 0.040750
15 0.482609 0.986000 0.058696 0.028000
15 0.388315 0.983750 0.105978 0.032500
15 0.349728 0.940750 0.091848 0.035500
15 0.316033 0.916625 0.120109 0.035750
15 0.248913 0.884375 0.072826 0.042250
15 0.167120 0.865500 0.111413 0.039000
15 0.284511 0.982625 0.114674 0.034750
15 0.211413 0.953125 0.108696 0.049250
15 0.186685 0.989625 0.076630 0.020750
15 0.087500 0.984500 0.165217 0.031000
15 0.010870 0.960125 0.020652 0.029250
15 0.069022 0.947000 0.102174 0.049000
15 0.090761 0.901375 0.078261 0.056750
15 0.008696 0.884750 0.016304 0.030500
