15 0.231510 0.023077 0.106771 0.045673
15 0.169792 0.049880 0.083333 0.051683
15 0.303385 0.031130 0.047396 0.030048
15 0.330469 0.012861 0.072396 0.022837
15 0.406771 0.018029 0.082292 0.033173
15 0.382812 0.051082 0.076042 0.049279
15 0.321615 0.065505 0.079687 0.039183
15 0.237240 0.061178 0.085938 0.028125
15 0.193490 0.089423 0.090104 0.024038
15 0.271615 0.087981 0.072396 0.032212
15 0.204167 0.120553 0.080208 0.036779
15 0.151562 0.128005 0.070833 0.034375
15 0.139063 0.146635 0.086458 0.041827
15 0.177865 0.168149 0.064062 0.039183
15 0.234115 0.151082 0.068229 0.033894
15 0.286198 0.125000 0.090104 0.040865
15 0.368750 0.120553 0.087500 0.052163
15 0.429167 0.104087 0.068750 0.053846
15 0.444792 0.051082 0.069792 0.046875
15 0.504687 0.022356 0.109375 0.040385
15 0.549740 0.061779 0.102604 0.039423
15 0.489323 0.080409 0.072396 0.052163
15 0.554688 0.095553 0.089583 0.034375
15 0.610938 0.018029 0.087500 0.034615
15 0.692969 0.014063 0.092188 0.027644
15 0.709115 0.041106 0.077604 0.042788
15 0.633073 0.065505 0.072396 0.065144
15 0.702865 0.076803 0.090104 0.034375
15 0.805990 0.028125 0.070312 0.033173
15 0.797917 0.062500 0.110417 0.056250
15 0.747917 0.107332 0.087500 0.038702
15 0.657292 0.117308 0.052083 0.056731
15 0.572917 0.131010 0.089583 0.050481
15 0.714063 0.131130 0.066667 0.044952
15 0.869792 0.084736 0.070833 0.025721
15 0.888021 0.109255 0.115625 0.034375
15 0.930990 0.138582 0.107813 0.040625
15 0.274740 0.168630 0.071354 0.036298
15 0.354167 0.159375 0.086458 0.043750
15 0.215885 0.195433 0.090104 0.018750
15 0.239844 0.226082 0.073438 0.042067
15 0.294792 0.200481 0.092708 0.031250
15 0.365365 0.197476 0.083854 0.034375
15 0.312240 0.249399 0.088021 0.055048
15 0.389844 0.225481 0.078646 0.028846
15 0.451562 0.209135 0.081250 0.037500
15 0.430990 0.163101 0.068229 0.067067
15 0.505469 0.154207 0.092188 0.041587
15 0.503385 0.191226 0.083854 0.059375
15 0.566667 0.196154 0.052083 0.040385
15 0.612240 0.162981 0.104688 0.033173
15 0.667188 0.185337 0.105208 0.056731
15 0.772135 0.188101 0.093229 0.043990
15 0.859115 0.213822 0.095312 0.034375
15 0.784896 0.234255 0.086458 0.046875
15 0.593490 0.242428 0.084896 0.055048
15 0.521094 0.253606 0.082812 0.056250
15 0.453125 0.259255 0.081250 0.049279
15 0.401042 0.250481 0.098958 0.042788
15 0.359115 0.289183 0.094271 0.032212
15 0.384635 0.317308 0.056771 0.047596
15 0.455990 0.297837 0.123438 0.034615
15 0.457813 0.334375 0.130208 0.048077
15 0.594792 0.322837 0.090625 0.029327
15 0.629687 0.296154 0.115625 0.031731
15 0.663542 0.267308 0.115625 0.023077
15 0.826823 0.281010 0.119271 0.043750
15 0.737760 0.316226 0.090104 0.055048
15 0.676042 0.344231 0.087500 0.031731
15 0.581510 0.352404 0.141146 0.031250
15 0.540365 0.369111 0.113021 0.028125
15 0.491667 0.393029 0.102083 0.044231
15 0.650260 0.377404 0.102604 0.029327
15 0.596094 0.401683 0.097396 0.031250
15 0.535937 0.426082 0.110417 0.041106
15 0.560417 0.462861 0.087500 0.041106
15 0.620313 0.446875 0.068750 0.039904
15 0.683594 0.425601 0.095312 0.042548
15 0.743490 0.390625 0.096354 0.051442
15 0.957292 0.386659 0.070833 0.068029
15 0.959115 0.310577 0.067187 0.050962
15 0.267448 0.360938 0.124479 0.041106
15 0.316146 0.400481 0.086458 0.045673
15 0.373958 0.398438 0.068750 0.043510
15 0.322396 0.443630 0.109375 0.056971
15 0.405469 0.448678 0.079687 0.046875
15 0.348958 0.481130 0.069792 0.043510
15 0.409896 0.507572 0.098958 0.046394
15 0.618490 0.481731 0.084896 0.035577
15 0.606510 0.499880 0.111979 0.028606
15 0.671094 0.472356 0.072396 0.047596
15 0.844792 0.466106 0.113542 0.045192
15 0.786719 0.511779 0.118229 0.043750
15 0.896615 0.499880 0.093229 0.041106
15 0.669271 0.535697 0.091667 0.038221
15 0.669010 0.576082 0.060937 0.051683
15 0.784635 0.547356 0.111979 0.029327
15 0.924740 0.525962 0.150521 0.037981
15 0.918229 0.565144 0.091667 0.042788
15 0.801302 0.585216 0.101562 0.049760
15 0.843229 0.608654 0.068750 0.029808
15 0.935417 0.594832 0.115625 0.025721
15 0.924479 0.627284 0.111458 0.033413
15 0.842448 0.646755 0.095312 0.055529
15 0.725000 0.621274 0.076042 0.064663
15 0.725521 0.665024 0.052083 0.022837
15 0.650521 0.666947 0.057292 0.025721
15 0.589063 0.650962 0.109375 0.042788
15 0.625521 0.687740 0.092708 0.034615
15 0.787240 0.669351 0.066146 0.035337
15 0.848177 0.701562 0.096354 0.036298
15 0.932813 0.660577 0.082292 0.035096
15 0.952344 0.681010 0.083854 0.039904
15 0.774479 0.723558 0.093750 0.045192
15 0.373958 0.552043 0.097917 0.045913
15 0.301563 0.540385 0.075000 0.034135
15 0.286979 0.493149 0.081250 0.057933
15 0.213542 0.491106 0.069792 0.042308
15 0.160417 0.470313 0.115625 0.060337
15 0.137500 0.520673 0.090625 0.034615
15 0.208594 0.557091 0.090104 0.047356
15 0.136979 0.574279 0.081250 0.043269
15 0.225000 0.613101 0.080208 0.046875
15 0.141927 0.678966 0.091146 0.067548
15 0.189062 0.706731 0.093750 0.048077
15 0.269531 0.711538 0.084896 0.065865
15 0.133594 0.746154 0.090104 0.042308
15 0.293229 0.756010 0.091667 0.039904
15 0.348958 0.718269 0.063542 0.068750
15 0.427344 0.720313 0.095312 0.036298
15 0.401302 0.770192 0.106771 0.039904
15 0.355990 0.824399 0.107813 0.039183
15 0.139323 0.887139 0.083854 0.055529
15 0.531771 0.772476 0.086458 0.036298
15 0.602344 0.726803 0.082812 0.045913
15 0.675260 0.742308 0.066146 0.037981
15 0.639323 0.776322 0.072396 0.053125
15 0.705469 0.806731 0.095312 0.032212
15 0.767448 0.765745 0.123438 0.033413
15 0.831250 0.796274 0.087500 0.065144
15 0.889323 0.744351 0.135937 0.043510
15 0.909375 0.808173 0.068750 0.056250
15 0.768750 0.844952 0.092708 0.042788
15 0.666406 0.857452 0.101562 0.048077
15 0.660937 0.896514 0.105208 0.048798
15 0.940885 0.908293 0.073438 0.052163
15 0.941667 0.959856 0.100000 0.056731
15 0.844792 0.975721 0.096875 0.048558
15 0.476042 0.938462 0.129167 0.040865
15 0.336979 0.978245 0.120833 0.043510
