15 0.884239 0.115375 0.088043 0.039250
15 0.986957 0.108500 0.026087 0.033000
15 0.657609 0.097500 0.092391 0.026000
15 0.683967 0.122125 0.089674 0.035750
15 0.767391 0.133250 0.076087 0.037500
15 0.876359 0.154500 0.102717 0.045000
15 0.639946 0.140750 0.046196 0.015500
15 0.607880 0.128375 0.083152 0.030250
15 0.970652 0.175875 0.053261 0.028250
15 0.940761 0.202750 0.096739 0.041500
15 0.889130 0.191750 0.070652 0.035500
15 0.815761 0.193875 0.083696 0.033250
15 0.715761 0.146625 0.089130 0.054750
15 0.723913 0.185625 0.091304 0.020250
15 0.701902 0.205500 0.079891 0.034500
15 0.759511 0.214875 0.061413 0.029750
15 0.820924 0.219750 0.059239 0.023500
15 0.886957 0.236125 0.084783 0.051250
15 0.941848 0.241250 0.048913 0.044000
15 0.983967 0.246875 0.028804 0.052250
15 0.900272 0.279750 0.095109 0.034000
15 0.965489 0.285875 0.045109 0.038750
15 0.619837 0.167500 0.116848 0.034000
15 0.545109 0.149250 0.071739 0.032500
15 0.539402 0.116750 0.027717 0.022000
15 0.548098 0.093125 0.090761 0.036250
15 0.478533 0.124500 0.119022 0.047000
15 0.449185 0.162250 0.064674 0.034000
15 0.486957 0.095000 0.038043 0.017500
15 0.439130 0.080875 0.091304 0.029750
15 0.411685 0.107500 0.053804 0.024500
15 0.360326 0.140500 0.092391 0.041500
15 0.348098 0.102375 0.063587 0.029250
15 0.341848 0.073375 0.071739 0.035250
15 0.286413 0.128000 0.114130 0.041500
15 0.275815 0.102250 0.072283 0.014000
15 0.270380 0.083875 0.065761 0.027250
15 0.229620 0.079375 0.041848 0.027750
15 0.182337 0.070125 0.060326 0.037750
15 0.115217 0.057375 0.081522 0.033750
15 0.135598 0.099875 0.041848 0.040750
15 0.195652 0.115500 0.075000 0.045500
15 0.288587 0.164875 0.102174 0.035250
15 0.241848 0.190625 0.106522 0.039250
15 0.331522 0.202625 0.059783 0.035250
15 0.378804 0.173625 0.065217 0.027250
15 0.404076 0.189375 0.037500 0.015250
15 0.460054 0.186000 0.079891 0.024500
15 0.510870 0.177000 0.040217 0.024000
15 0.394293 0.211500 0.084239 0.031000
15 0.478261 0.211125 0.083696 0.033750
15 0.581522 0.206375 0.068478 0.038750
15 0.650815 0.201500 0.047283 0.027000
15 0.530163 0.203750 0.034239 0.024000
15 0.518478 0.239375 0.108696 0.041250
15 0.437772 0.239375 0.074457 0.022750
15 0.361685 0.240375 0.055978 0.025250
15 0.300000 0.224125 0.070652 0.031750
15 0.249457 0.232625 0.040217 0.027750
15 0.299457 0.259625 0.072826 0.035750
15 0.399457 0.273500 0.082609 0.045500
15 0.330163 0.287750 0.054891 0.032500
15 0.591576 0.250500 0.084239 0.021000
15 0.640761 0.236875 0.079348 0.031750
15 0.679891 0.265250 0.097826 0.034000
15 0.582880 0.277875 0.080978 0.036750
15 0.488587 0.281500 0.077174 0.041000
15 0.226902 0.275750 0.069022 0.061000
15 0.168478 0.227875 0.105435 0.050250
15 0.091848 0.203625 0.095652 0.044250
15 0.152717 0.177500 0.068478 0.031500
15 0.069565 0.159750 0.096739 0.038500
15 0.135598 0.145000 0.077717 0.035000
15 0.058696 0.126375 0.081522 0.025250
15 0.070924 0.104000 0.054891 0.019500
15 0.038859 0.228625 0.071196 0.052250
15 0.084511 0.261625 0.088587 0.021250
15 0.016848 0.270000 0.032609 0.034500
15 0.060870 0.284000 0.085870 0.027000
15 0.142391 0.288625 0.088043 0.048250
15 0.051902 0.313250 0.092935 0.036000
15 0.190761 0.319250 0.071739 0.020500
15 0.271467 0.308875 0.076630 0.034250
15 0.165489 0.339125 0.119022 0.026750
15 0.375815 0.319750 0.078804 0.037000
15 0.476630 0.321750 0.089130 0.041500
15 0.550815 0.304625 0.048370 0.026250
15 0.627717 0.306500 0.101087 0.046500
15 0.560326 0.327500 0.038043 0.012000
15 0.583967 0.351125 0.074457 0.046250
15 0.665489 0.343500 0.091848 0.050500
15 0.728804 0.319750 0.085870 0.060500
15 0.719022 0.286125 0.057609 0.018250
15 0.712228 0.250750 0.052717 0.027000
15 0.783424 0.244750 0.095109 0.034000
15 0.803261 0.272250 0.085870 0.061000
15 0.895924 0.282125 0.099457 0.038250
15 0.839674 0.314375 0.102174 0.032250
15 0.917663 0.329125 0.124457 0.039750
15 0.807337 0.339875 0.074457 0.016750
15 0.982065 0.338875 0.035870 0.029250
15 0.938587 0.358500 0.073913 0.033000
15 0.800543 0.365375 0.084783 0.032750
15 0.973641 0.378125 0.045109 0.043750
15 0.917663 0.399500 0.112500 0.045000
15 0.856250 0.386625 0.054891 0.040250
15 0.786685 0.396250 0.069022 0.028000
15 0.693207 0.379625 0.127717 0.052250
15 0.544293 0.377625 0.088587 0.028750
15 0.496739 0.360500 0.081522 0.031500
15 0.417663 0.347125 0.110326 0.042250
15 0.293750 0.343750 0.114674 0.028500
15 0.163859 0.376625 0.107065 0.069250
15 0.234239 0.372875 0.046739 0.039750
15 0.083696 0.372750 0.054348 0.047000
15 0.053533 0.347125 0.105978 0.029750
15 0.026902 0.380625 0.052717 0.028250
15 0.041304 0.410500 0.072826 0.030500
15 0.107609 0.426250 0.092391 0.036500
15 0.214402 0.414625 0.116848 0.039750
15 0.324728 0.382125 0.127717 0.046250
15 0.425272 0.390500 0.078804 0.041500
15 0.488315 0.409250 0.124457 0.039500
15 0.599185 0.394000 0.052717 0.019500
15 0.802446 0.431625 0.072283 0.057750
15 0.880435 0.436875 0.068478 0.024250
15 0.958696 0.447125 0.077174 0.055750
15 0.863315 0.462125 0.097283 0.040750
15 0.716033 0.418000 0.104891 0.021000
15 0.870109 0.360250 0.042391 0.018000
15 0.703804 0.445000 0.121739 0.041500
15 0.598370 0.421875 0.114130 0.045250
15 0.417391 0.439875 0.109783 0.040250
15 0.518750 0.454250 0.105978 0.032000
15 0.617391 0.463000 0.083696 0.024000
15 0.308967 0.430875 0.116848 0.047250
15 0.201902 0.453000 0.090761 0.037000
15 0.110054 0.470125 0.091848 0.041750
15 0.045380 0.444875 0.072283 0.028750
15 0.035326 0.483375 0.066304 0.049750
15 0.198913 0.494000 0.133696 0.060000
15 0.301630 0.479375 0.076087 0.035250
15 0.083424 0.521375 0.094022 0.044250
15 0.019837 0.524250 0.032065 0.031500
15 0.378533 0.466250 0.066848 0.025000
15 0.453261 0.490625 0.073913 0.031750
15 0.535054 0.489500 0.073370 0.039500
15 0.704620 0.478625 0.066848 0.051750
15 0.778261 0.486375 0.073913 0.043750
15 0.861141 0.498250 0.096196 0.035000
15 0.957609 0.490125 0.084783 0.028750
15 0.939402 0.527375 0.091848 0.049250
15 0.988587 0.526750 0.022826 0.033500
15 0.868750 0.543250 0.088587 0.049000
15 0.765489 0.535625 0.119022 0.045250
15 0.683152 0.528125 0.108696 0.034250
15 0.623370 0.501000 0.125000 0.048000
15 0.592120 0.549375 0.127717 0.067250
15 0.688859 0.566250 0.057065 0.038000
15 0.444293 0.542375 0.132065 0.061250
15 0.510870 0.576750 0.140217 0.046000
15 0.364130 0.501875 0.076087 0.039250
15 0.280978 0.517000 0.080435 0.040000
15 0.348913 0.546750 0.069565 0.044000
15 0.285598 0.567375 0.104891 0.045250
15 0.185870 0.548250 0.090217 0.043000
15 0.100815 0.576750 0.100543 0.053500
15 0.210870 0.590250 0.120652 0.045000
15 0.617391 0.597250 0.096739 0.031500
15 0.562772 0.618875 0.085326 0.037750
15 0.451087 0.613625 0.130435 0.051750
15 0.684239 0.638000 0.117391 0.067000
15 0.782337 0.595875 0.172283 0.080250
15 0.860326 0.581125 0.046739 0.032750
15 0.919565 0.584500 0.088043 0.041500
15 0.964946 0.561125 0.070109 0.029750
15 0.966576 0.597250 0.062500 0.038500
15 0.900815 0.626500 0.088587 0.042000
15 0.974728 0.629375 0.050543 0.020250
15 0.784511 0.647625 0.117935 0.033750
15 0.343207 0.617375 0.110326 0.053750
15 0.273370 0.645250 0.105435 0.063000
15 0.164946 0.632250 0.109239 0.063000
15 0.056793 0.626375 0.102717 0.052250
15 0.025000 0.667625 0.048913 0.033750
15 0.100272 0.675125 0.132065 0.047750
15 0.421467 0.655250 0.126630 0.052500
15 0.551359 0.663875 0.176630 0.052250
15 0.353804 0.691750 0.141304 0.046000
15 0.772283 0.694000 0.181522 0.054000
15 0.908424 0.668750 0.101630 0.038000
15 0.973098 0.690125 0.053804 0.069250
15 0.858967 0.714625 0.155978 0.044250
15 0.936141 0.750250 0.095109 0.039000
15 0.836957 0.759250 0.104348 0.044000
15 0.698098 0.752250 0.160326 0.060000
15 0.570652 0.722125 0.151087 0.055750
15 0.445924 0.727125 0.090761 0.062250
15 0.336413 0.736625 0.119565 0.052250
15 0.222011 0.695250 0.117935 0.061500
15 0.152446 0.763250 0.125543 0.074000
15 0.228804 0.760875 0.093478 0.050750
15 0.099728 0.728875 0.136413 0.052750
15 0.024185 0.707500 0.047283 0.039000
15 0.026087 0.757125 0.042391 0.051750
15 0.076902 0.779500 0.059239 0.031500
15 0.337500 0.782875 0.133696 0.042250
15 0.050272 0.822375 0.099457 0.066750
15 0.183967 0.821750 0.130978 0.064000
15 0.082609 0.861000 0.092391 0.052000
15 0.441033 0.808500 0.117935 0.062000
15 0.515217 0.760250 0.110870 0.072500
15 0.627174 0.793375 0.113043 0.066750
15 0.549185 0.827625 0.101630 0.051750
15 0.819565 0.803500 0.127174 0.065000
15 0.765217 0.836500 0.166304 0.058500
15 0.938587 0.796250 0.122826 0.053500
15 0.973370 0.843250 0.048913 0.054500
15 0.745924 0.891875 0.096196 0.061250
15 0.626630 0.876500 0.135870 0.080500
15 0.403261 0.869625 0.146739 0.055250
15 0.295380 0.830500 0.117935 0.061000
15 0.209511 0.884125 0.162500 0.059250
15 0.160054 0.931500 0.173370 0.064500
15 0.030163 0.891875 0.059239 0.050250
15 0.027446 0.943000 0.053804 0.042000
15 0.060326 0.979750 0.119565 0.040500
15 0.362500 0.931000 0.134783 0.068000
15 0.515761 0.921750 0.175000 0.072500
15 0.708152 0.942750 0.113043 0.070500
15 0.857065 0.932000 0.126087 0.106500
