15 0.964946 0.015500 0.070109 0.024000
15 0.944837 0.043750 0.095109 0.040500
15 0.883696 0.015000 0.076087 0.028500
15 0.839130 0.048750 0.098913 0.040500
15 0.777446 0.026750 0.107065 0.034500
15 0.677989 0.016625 0.089674 0.032750
15 0.599457 0.028625 0.113043 0.039750
15 0.517120 0.036000 0.084239 0.015500
15 0.550543 0.062875 0.091304 0.043250
15 0.654076 0.070625 0.084239 0.035750
15 0.607065 0.098500 0.086957 0.038500
15 0.695109 0.098250 0.101087 0.027500
15 0.802174 0.083750 0.126087 0.043000
15 0.926359 0.084375 0.061413 0.037750
15 0.964946 0.120625 0.070109 0.043750
15 0.942663 0.163750 0.114674 0.041000
15 0.954620 0.195250 0.090761 0.024500
15 0.829891 0.167875 0.100000 0.034750
15 0.841033 0.134125 0.144022 0.039750
15 0.706250 0.136875 0.088587 0.045250
15 0.605978 0.142750 0.067391 0.050000
15 0.519022 0.118875 0.077174 0.039250
15 0.502174 0.086750 0.094565 0.032000
15 0.441033 0.104750 0.074457 0.020500
15 0.366848 0.077500 0.085870 0.040000
15 0.448370 0.063875 0.083696 0.046250
15 0.366304 0.035375 0.101087 0.039750
15 0.416848 0.018875 0.091304 0.036250
15 0.485326 0.014500 0.068478 0.028000
15 0.285054 0.058750 0.080978 0.024500
15 0.259511 0.088000 0.109239 0.029000
15 0.182609 0.059375 0.109783 0.033750
15 0.178533 0.032375 0.064674 0.018750
15 0.235326 0.023375 0.144565 0.046250
15 0.108967 0.039250 0.069022 0.024500
15 0.073913 0.021875 0.102174 0.029250
15 0.019022 0.057750 0.036957 0.034500
15 0.077446 0.067750 0.066848 0.046000
15 0.028804 0.037125 0.055435 0.025750
15 0.032337 0.098000 0.063587 0.043000
15 0.144293 0.088500 0.112500 0.031000
15 0.097283 0.118500 0.118478 0.032000
15 0.199185 0.120000 0.097283 0.033000
15 0.297011 0.112750 0.089674 0.029500
15 0.321739 0.135500 0.070652 0.031500
15 0.424457 0.135125 0.111957 0.044750
15 0.508696 0.159250 0.139130 0.038500
15 0.410870 0.178625 0.072826 0.038750
15 0.295652 0.179500 0.169565 0.063000
15 0.200815 0.155375 0.140761 0.050250
15 0.102446 0.148250 0.079891 0.030500
15 0.058424 0.167625 0.075543 0.029750
15 0.132065 0.192000 0.100000 0.025500
15 0.031522 0.201875 0.061957 0.041250
15 0.131250 0.224000 0.204891 0.033000
15 0.281522 0.233000 0.100000 0.040500
15 0.390489 0.231625 0.123370 0.052750
15 0.538043 0.199500 0.133696 0.038500
15 0.644022 0.180625 0.080435 0.037250
15 0.739674 0.180125 0.075000 0.043750
15 0.861957 0.210500 0.122826 0.038500
15 0.969022 0.220625 0.061957 0.019250
15 0.755435 0.229375 0.077174 0.051750
15 0.668750 0.211125 0.112500 0.032750
15 0.676087 0.239750 0.077174 0.025500
15 0.669293 0.267875 0.088587 0.065750
15 0.751087 0.284125 0.092391 0.041250
15 0.850543 0.279000 0.088043 0.043000
15 0.932337 0.290000 0.114674 0.050000
15 0.846739 0.245875 0.145652 0.039250
15 0.982880 0.251625 0.034239 0.043750
15 0.945380 0.248625 0.032065 0.028750
15 0.573098 0.256750 0.098370 0.036500
15 0.528804 0.235750 0.158696 0.043000
15 0.425272 0.274375 0.119022 0.031250
15 0.475543 0.291875 0.122826 0.045750
15 0.311685 0.268250 0.101630 0.041500
15 0.262500 0.306250 0.096739 0.067500
15 0.143478 0.294375 0.134783 0.042750
15 0.127174 0.256625 0.170652 0.031750
15 0.020652 0.248750 0.040217 0.023000
15 0.049457 0.281500 0.097826 0.034500
15 0.364402 0.321625 0.094022 0.071250
15 0.494565 0.361375 0.117391 0.085250
15 0.604076 0.343375 0.098370 0.058250
15 0.654348 0.319250 0.083696 0.037500
15 0.581250 0.294500 0.138587 0.039000
15 0.791848 0.322375 0.101087 0.036750
15 0.886957 0.347625 0.110870 0.060250
15 0.966304 0.323250 0.067391 0.045000
15 0.981522 0.358375 0.036957 0.019750
15 0.836685 0.386000 0.144022 0.075000
15 0.725000 0.358125 0.108696 0.036750
15 0.696739 0.391875 0.083696 0.050250
15 0.590217 0.388500 0.103261 0.040500
15 0.671196 0.434375 0.111957 0.063750
15 0.777717 0.449000 0.109783 0.063000
15 0.901630 0.459500 0.106522 0.063500
15 0.962500 0.404375 0.075000 0.065250
15 0.527989 0.422000 0.151630 0.049000
15 0.389130 0.386500 0.093478 0.063500
15 0.392935 0.445375 0.125000 0.047250
15 0.294837 0.417250 0.099457 0.035500
15 0.286957 0.368250 0.090217 0.045000
15 0.161413 0.379125 0.161957 0.052750
15 0.169837 0.325625 0.105978 0.051250
15 0.061141 0.340750 0.114674 0.073500
15 0.049457 0.412250 0.094565 0.063500
15 0.174457 0.417875 0.138043 0.037250
15 0.855435 0.515125 0.180435 0.047750
15 0.692663 0.499500 0.132065 0.054000
15 0.552446 0.479125 0.145109 0.056750
15 0.385054 0.491625 0.160326 0.054750
15 0.239946 0.464875 0.165761 0.059250
15 0.079348 0.473000 0.157609 0.062500
15 0.014130 0.521250 0.027174 0.034500
15 0.121467 0.506375 0.126630 0.028750
15 0.120109 0.556500 0.182609 0.075000
15 0.263043 0.525000 0.133696 0.070000
15 0.408696 0.559125 0.135870 0.084250
15 0.574457 0.536125 0.166304 0.070750
15 0.787772 0.550250 0.219022 0.052000
15 0.928804 0.559500 0.113043 0.069000
15 0.737772 0.591750 0.157065 0.055500
15 0.890761 0.630750 0.166304 0.079000
15 0.811957 0.669500 0.102174 0.081000
15 0.714402 0.638000 0.122283 0.032500
15 0.577717 0.600875 0.165217 0.077750
15 0.515217 0.633000 0.203261 0.102500
15 0.332065 0.639000 0.145652 0.069500
15 0.192391 0.642375 0.126087 0.095250
15 0.070109 0.623000 0.132609 0.108000
15 0.034783 0.661250 0.068478 0.067000
15 0.621739 0.682000 0.136957 0.064000
15 0.725272 0.736250 0.114674 0.114000
15 0.878804 0.763375 0.148913 0.097250
15 0.979620 0.759625 0.040761 0.083750
15 0.546196 0.755750 0.214130 0.092500
15 0.344837 0.720750 0.204891 0.084500
15 0.166033 0.737250 0.135326 0.085000
15 0.047283 0.766375 0.093478 0.124250
15 0.311141 0.804500 0.254891 0.080500
15 0.776087 0.841000 0.166304 0.090000
15 0.931793 0.846000 0.136413 0.084000
15 0.611141 0.872625 0.186413 0.134750
15 0.794293 0.940875 0.155978 0.106750
15 0.942120 0.941500 0.115761 0.117000
15 0.597826 0.973000 0.246739 0.054000
15 0.386685 0.903125 0.245109 0.111250
15 0.297554 0.978375 0.240761 0.043250
15 0.092120 0.961125 0.183152 0.077750
