15 0.991466 0.104167 0.017067 0.098958
15 0.962500 0.106510 0.050481 0.082812
15 0.931851 0.040885 0.048317 0.069271
15 0.865385 0.071354 0.063462 0.110417
15 0.895192 0.195312 0.055288 0.075000
15 0.925962 0.142448 0.047596 0.089063
15 0.956731 0.181771 0.052404 0.070833
15 0.982091 0.210677 0.035817 0.082812
15 0.969351 0.282813 0.052163 0.079167
15 0.973077 0.353125 0.042308 0.051042
15 0.942548 0.393490 0.054808 0.096354
15 0.915986 0.330729 0.056971 0.077083
15 0.927284 0.253646 0.049279 0.066667
15 0.874159 0.294792 0.049760 0.086458
15 0.863221 0.372917 0.044231 0.087500
15 0.892067 0.417448 0.050962 0.102604
15 0.853005 0.495312 0.053606 0.110417
15 0.810216 0.417708 0.056971 0.067708
15 0.817308 0.365625 0.044231 0.076042
15 0.832692 0.284375 0.077404 0.090625
15 0.778846 0.273698 0.037981 0.122396
15 0.846034 0.189323 0.042067 0.099479
15 0.806731 0.112500 0.041827 0.130208
15 0.696394 0.212500 0.042308 0.088542
15 0.720913 0.321875 0.058654 0.061458
15 0.720793 0.410417 0.035817 0.091667
15 0.686538 0.444792 0.033173 0.134375
15 0.716707 0.493750 0.051202 0.076042
15 0.742668 0.439323 0.028125 0.096354
15 0.773558 0.454688 0.041346 0.091667
15 0.806611 0.486979 0.042067 0.112500
15 0.786418 0.567187 0.036298 0.085417
15 0.751803 0.549740 0.036298 0.100521
15 0.710096 0.564323 0.048558 0.079687
15 0.666466 0.564063 0.049760 0.110417
15 0.701442 0.630469 0.039904 0.047396
15 0.736659 0.631510 0.045913 0.082812
15 0.643870 0.642708 0.041106 0.056250
15 0.605649 0.536198 0.040144 0.085938
15 0.639904 0.422656 0.045673 0.104688
15 0.639904 0.266667 0.043269 0.098958
15 0.623918 0.185417 0.034375 0.066667
15 0.590625 0.162500 0.035577 0.140625
15 0.607572 0.054427 0.040625 0.104688
15 0.553245 0.046354 0.048798 0.085417
15 0.541346 0.120573 0.051442 0.078646
15 0.968870 0.641927 0.046875 0.128646
15 0.883774 0.886979 0.044952 0.083333
15 0.678966 0.685677 0.049760 0.107813
15 0.631851 0.712500 0.050240 0.063542
15 0.620553 0.788281 0.047356 0.085938
15 0.595673 0.753906 0.040865 0.070312
15 0.593029 0.673698 0.033173 0.093229
15 0.557332 0.723437 0.043029 0.091667
15 0.547957 0.800000 0.040144 0.088542
15 0.584615 0.832292 0.034615 0.093750
15 0.554447 0.876042 0.039663 0.056250
15 0.541466 0.912500 0.049760 0.091667
15 0.503486 0.902344 0.043029 0.079687
15 0.482692 0.849479 0.044231 0.063542
15 0.511418 0.793490 0.034856 0.108854
15 0.481611 0.742448 0.045913 0.056771
15 0.467308 0.793490 0.042788 0.070312
15 0.531851 0.570573 0.059375 0.124479
15 0.480288 0.586458 0.049038 0.084375
15 0.463942 0.667969 0.049038 0.084896
15 0.430288 0.800000 0.029327 0.117708
15 0.457933 0.897917 0.040385 0.084375
15 0.403846 0.897396 0.063942 0.089583
15 0.366587 0.859375 0.051923 0.143750
15 0.321154 0.860677 0.033173 0.132812
15 0.291827 0.897396 0.051442 0.095833
15 0.393269 0.667969 0.057692 0.077604
15 0.401082 0.577604 0.045913 0.102083
15 0.332091 0.615365 0.031971 0.098437
15 0.277284 0.618750 0.060337 0.088542
15 0.292548 0.735677 0.037500 0.092188
15 0.257572 0.761198 0.038221 0.106771
15 0.229928 0.745052 0.028606 0.102604
15 0.203486 0.786458 0.028125 0.123958
15 0.233413 0.857031 0.050000 0.098437
15 0.157692 0.820833 0.062019 0.075000
15 0.156370 0.892448 0.058413 0.081771
15 0.111298 0.809635 0.037500 0.106771
15 0.193750 0.654167 0.041346 0.094792
15 0.082933 0.670573 0.047115 0.099479
15 0.187019 0.568750 0.060577 0.071875
15 0.203846 0.474219 0.054327 0.109896
15 0.240385 0.473958 0.033173 0.089583
15 0.304327 0.406510 0.059135 0.086979
15 0.156370 0.496875 0.043029 0.068750
15 0.113462 0.475260 0.044712 0.099479
15 0.075481 0.505208 0.039423 0.101042
15 0.082933 0.315104 0.041346 0.135417
15 0.128846 0.347656 0.043750 0.113021
15 0.180529 0.342448 0.034615 0.130729
15 0.164303 0.241146 0.044471 0.083333
15 0.133534 0.153125 0.034375 0.143750
15 0.083774 0.050000 0.063221 0.086458
15 0.214303 0.178125 0.042067 0.101042
15 0.254447 0.148177 0.044952 0.099479
15 0.264784 0.253906 0.058894 0.083854
15 0.289423 0.295833 0.034135 0.082292
15 0.329087 0.302344 0.048077 0.100521
15 0.315024 0.219271 0.041587 0.083333
15 0.360817 0.170313 0.051923 0.079167
15 0.407212 0.245312 0.058654 0.079167
15 0.302043 0.116406 0.032933 0.141146
15 0.278726 0.042188 0.061779 0.083333
15 0.334615 0.070312 0.036538 0.110417
15 0.368990 0.080469 0.042308 0.106771
15 0.408173 0.120313 0.039904 0.106250
15 0.379447 0.031771 0.033413 0.062500
15 0.423558 0.048698 0.050481 0.089063
15 0.460457 0.031771 0.030529 0.060417
15 0.462981 0.137760 0.035096 0.095312
15 0.496154 0.047135 0.063942 0.093229
15 0.508173 0.156510 0.045192 0.088021
15 0.496995 0.230990 0.061298 0.070312
15 0.534255 0.340365 0.038221 0.114062
