15 0.697135 0.012861 0.043229 0.025240
15 0.764583 0.026082 0.121875 0.032933
15 0.873698 0.030769 0.094271 0.050481
15 0.752344 0.063341 0.151562 0.043990
15 0.855729 0.075481 0.086458 0.048077
15 0.765104 0.103245 0.085417 0.047356
15 0.859896 0.107091 0.104167 0.032933
15 0.927604 0.089183 0.064583 0.047596
15 0.802604 0.137861 0.063542 0.030048
15 0.882552 0.146034 0.073438 0.043990
15 0.941667 0.136058 0.057292 0.045192
15 0.912240 0.177404 0.095312 0.034135
15 0.763802 0.177885 0.079687 0.066827
15 0.712760 0.185938 0.077604 0.048798
15 0.444271 0.100841 0.083333 0.043990
15 0.558073 0.117308 0.100521 0.035577
15 0.322917 0.102043 0.097917 0.049760
15 0.111979 0.121154 0.082292 0.062019
15 0.164844 0.145793 0.073438 0.057452
15 0.279167 0.146635 0.137500 0.040385
15 0.179427 0.190865 0.110937 0.044712
15 0.366667 0.169471 0.093750 0.069712
15 0.479948 0.146635 0.124479 0.039423
15 0.416406 0.188822 0.101562 0.055529
15 0.528646 0.185337 0.085417 0.053365
15 0.618229 0.176563 0.086458 0.049760
15 0.648177 0.211779 0.061979 0.042788
15 0.586458 0.236899 0.063542 0.055529
15 0.665885 0.243990 0.088021 0.047596
15 0.519792 0.232212 0.080208 0.050000
15 0.432812 0.240986 0.091667 0.046394
15 0.356771 0.230168 0.081250 0.052644
15 0.314583 0.250962 0.098958 0.047596
15 0.355469 0.288221 0.094271 0.052885
15 0.848958 0.209014 0.115625 0.051683
15 0.869271 0.247716 0.133333 0.036298
15 0.796875 0.280288 0.082292 0.035577
15 0.653906 0.286779 0.076563 0.037019
15 0.571875 0.293510 0.103125 0.036538
15 0.495833 0.285577 0.080208 0.048558
15 0.530469 0.340385 0.101562 0.048077
15 0.507812 0.406370 0.073958 0.066106
15 0.664844 0.327764 0.095312 0.040625
15 0.701562 0.370072 0.069792 0.052163
15 0.773177 0.318149 0.124479 0.033894
15 0.787240 0.352764 0.094271 0.043510
15 0.864844 0.337740 0.071354 0.046154
15 0.898438 0.280048 0.092708 0.042308
15 0.932031 0.312260 0.066146 0.058654
15 0.858333 0.395553 0.088542 0.057452
15 0.777865 0.389663 0.090104 0.036538
15 0.679427 0.406370 0.101562 0.047356
15 0.793490 0.432692 0.111979 0.045192
15 0.794792 0.466106 0.053125 0.028846
15 0.732552 0.471154 0.066146 0.031731
15 0.663281 0.455409 0.100521 0.036298
15 0.655208 0.496274 0.086458 0.038702
15 0.688281 0.507212 0.096354 0.050962
15 0.763021 0.494591 0.051042 0.027163
15 0.653646 0.554447 0.081250 0.044471
15 0.564323 0.538341 0.088021 0.049760
15 0.486198 0.515986 0.083854 0.055529
15 0.396615 0.547957 0.095312 0.046875
15 0.366146 0.586659 0.085417 0.046875
15 0.294271 0.603365 0.086458 0.053365
15 0.231510 0.587500 0.067187 0.037981
15 0.149479 0.586298 0.104167 0.045192
15 0.851302 0.510457 0.123438 0.030529
15 0.767188 0.565625 0.104167 0.048077
15 0.589063 0.590505 0.102083 0.046394
15 0.468229 0.581370 0.121875 0.060817
15 0.466667 0.632452 0.115625 0.045673
15 0.589583 0.641466 0.103125 0.048798
15 0.402344 0.653486 0.081771 0.045913
15 0.221875 0.628005 0.086458 0.052163
15 0.146354 0.632933 0.075000 0.048077
15 0.092969 0.668990 0.077604 0.050000
15 0.197656 0.715625 0.078646 0.048077
15 0.503906 0.693990 0.076563 0.056250
15 0.432292 0.700962 0.092708 0.045673
15 0.430208 0.737861 0.098958 0.025721
15 0.084635 0.757572 0.101562 0.049760
15 0.130990 0.778606 0.095312 0.067308
15 0.230208 0.784014 0.094792 0.035817
15 0.232292 0.829928 0.104167 0.043510
15 0.366146 0.794471 0.087500 0.042788
15 0.498698 0.783654 0.078646 0.052885
15 0.578125 0.782692 0.087500 0.045192
15 0.658333 0.761418 0.067708 0.059856
15 0.733333 0.774279 0.087500 0.056250
15 0.830469 0.730889 0.094271 0.044471
15 0.921354 0.750601 0.100000 0.041587
15 0.914323 0.781971 0.099479 0.021154
15 0.857812 0.813221 0.080208 0.040385
15 0.773958 0.803846 0.103125 0.055769
15 0.845052 0.840144 0.120313 0.024038
15 0.689323 0.836418 0.096354 0.051683
15 0.617188 0.819471 0.127083 0.042308
15 0.608333 0.859375 0.104167 0.039904
15 0.451302 0.846394 0.097396 0.066827
15 0.280990 0.892428 0.059896 0.056971
15 0.216146 0.880048 0.085417 0.053365
15 0.141927 0.873077 0.089063 0.046154
15 0.080208 0.904327 0.062500 0.056250
15 0.145833 0.932933 0.109375 0.055769
15 0.256250 0.958413 0.079167 0.058654
15 0.333073 0.936298 0.065104 0.034615
15 0.359635 0.984495 0.095312 0.031010
15 0.453646 0.957812 0.115625 0.046875
15 0.477865 0.899159 0.084896 0.056490
15 0.579167 0.896274 0.104167 0.041106
15 0.623958 0.937861 0.069792 0.043510
15 0.565625 0.961899 0.082292 0.033894
15 0.503125 0.986779 0.087500 0.026442
15 0.604167 0.987139 0.063542 0.025721
15 0.695833 0.934615 0.063542 0.046154
15 0.672917 0.893510 0.070833 0.055769
15 0.759896 0.919111 0.097917 0.041106
15 0.851302 0.944111 0.100521 0.043990
15 0.926823 0.991226 0.060937 0.017548
