15 0.987125 0.034511 0.018750 0.067935
15 0.972375 0.108696 0.036750 0.096739
15 0.935625 0.056793 0.041750 0.072283
15 0.927625 0.130435 0.040750 0.105435
15 0.992125 0.181522 0.015750 0.058696
15 0.990375 0.254076 0.014750 0.049457
15 0.954625 0.269837 0.052250 0.100543
15 0.911750 0.269565 0.035500 0.114130
15 0.879125 0.154076 0.056250 0.077717
15 0.880125 0.254348 0.045250 0.092391
15 0.864500 0.306250 0.024500 0.034239
15 0.825625 0.251902 0.055250 0.103804
15 0.831875 0.162228 0.059750 0.084239
15 0.848875 0.053261 0.043250 0.078261
15 0.883875 0.016304 0.023250 0.031522
15 0.837500 0.010870 0.026500 0.020652
15 0.791625 0.029348 0.051750 0.057609
15 0.780750 0.095109 0.032000 0.080435
15 0.771375 0.164946 0.055750 0.080978
15 0.713500 0.088043 0.049500 0.055435
15 0.744625 0.018750 0.039250 0.036413
15 0.691875 0.031250 0.064750 0.059239
15 0.728625 0.211413 0.034750 0.060870
15 0.773500 0.243207 0.043000 0.078804
15 0.736250 0.292663 0.043500 0.097283
15 0.687125 0.275272 0.055250 0.092935
15 0.686875 0.347554 0.051250 0.041848
15 0.649000 0.225272 0.046000 0.120109
15 0.693500 0.159239 0.052000 0.097826
15 0.651625 0.113315 0.043250 0.098370
15 0.635875 0.067935 0.044750 0.081522
15 0.595875 0.144293 0.039750 0.083152
15 0.608125 0.210870 0.040750 0.086957
15 0.592375 0.057880 0.047250 0.060326
15 0.559375 0.095652 0.050750 0.077174
15 0.577000 0.272011 0.042000 0.113587
15 0.620250 0.314674 0.046500 0.077174
15 0.641250 0.372283 0.030500 0.069565
15 0.671625 0.411957 0.045750 0.071739
15 0.724000 0.395109 0.041000 0.082609
15 0.775125 0.420380 0.052250 0.061413
15 0.777125 0.337772 0.047250 0.099457
15 0.836000 0.381793 0.064000 0.092935
15 0.906875 0.351359 0.042750 0.077717
15 0.986000 0.347554 0.028000 0.112500
15 0.583500 0.373370 0.066500 0.076087
15 0.600750 0.445652 0.053000 0.094565
15 0.542125 0.281250 0.028750 0.072283
15 0.546000 0.533152 0.050000 0.142391
15 0.598500 0.544837 0.057000 0.087500
15 0.613500 0.678261 0.067000 0.180435
15 0.541625 0.695380 0.044250 0.123370
15 0.700000 0.552446 0.048500 0.062500
15 0.710125 0.474728 0.058250 0.133152
15 0.756750 0.527717 0.041000 0.150000
15 0.799750 0.523370 0.039500 0.122826
15 0.842375 0.555163 0.041750 0.117935
15 0.860125 0.460870 0.050750 0.091304
15 0.907500 0.446739 0.051000 0.108696
15 0.888000 0.562228 0.049000 0.115761
15 0.946125 0.494293 0.060250 0.115761
15 0.988500 0.479891 0.023000 0.104348
15 0.975125 0.610326 0.049750 0.125000
15 0.927125 0.680163 0.060750 0.138587
15 0.869250 0.670924 0.080000 0.122283
15 0.766625 0.670924 0.048250 0.097283
15 0.712250 0.632880 0.055000 0.089674
15 0.682750 0.710054 0.053500 0.116848
15 0.664125 0.836413 0.059750 0.135870
15 0.714875 0.830163 0.052250 0.121196
15 0.760250 0.876902 0.062500 0.092935
15 0.800750 0.870109 0.041500 0.094565
15 0.781875 0.771739 0.071750 0.100000
15 0.843125 0.767935 0.052750 0.141304
15 0.894000 0.855707 0.077000 0.123370
15 0.939625 0.760870 0.056750 0.105435
15 0.981750 0.743478 0.036500 0.123913
15 0.978250 0.858696 0.043500 0.118478
15 0.939625 0.949185 0.094250 0.101630
15 0.839375 0.947011 0.060250 0.105978
15 0.768750 0.963315 0.069500 0.073370
15 0.699250 0.958696 0.060500 0.082609
15 0.634750 0.963859 0.061500 0.072283
15 0.575000 0.929348 0.062000 0.132609
15 0.556125 0.808424 0.064750 0.094022
15 0.527250 0.977989 0.051000 0.044022
15 0.502250 0.891304 0.050000 0.097826
15 0.469375 0.972011 0.061750 0.055978
15 0.441125 0.899728 0.067750 0.097283
15 0.400250 0.961141 0.062500 0.077717
15 0.350625 0.968750 0.038250 0.062500
15 0.355875 0.877989 0.054750 0.086413
15 0.394625 0.792663 0.052250 0.117935
15 0.451500 0.794022 0.053500 0.105435
15 0.500500 0.774728 0.041000 0.108152
15 0.443625 0.678804 0.046250 0.102174
15 0.498625 0.672283 0.056250 0.098913
15 0.484875 0.578533 0.070250 0.094022
15 0.435500 0.563043 0.027000 0.123913
15 0.407500 0.594022 0.045500 0.151087
15 0.387750 0.682880 0.054000 0.087500
15 0.379000 0.552717 0.041500 0.078261
15 0.343000 0.634511 0.033500 0.117935
15 0.332875 0.763587 0.066250 0.118478
15 0.309625 0.851902 0.037750 0.104891
15 0.264500 0.929891 0.064500 0.125000
15 0.302750 0.979076 0.053000 0.041848
15 0.231875 0.855978 0.057250 0.143478
15 0.274625 0.745109 0.067750 0.122826
15 0.249750 0.642120 0.032500 0.101630
15 0.251625 0.552989 0.041250 0.077717
15 0.284375 0.521196 0.022750 0.041304
15 0.192125 0.971739 0.074250 0.048913
15 0.134000 0.953261 0.066000 0.084783
15 0.090000 0.912772 0.066000 0.136413
15 0.120625 0.768207 0.067750 0.153804
15 0.170625 0.698913 0.037750 0.083696
15 0.192375 0.780163 0.069750 0.129891
15 0.206250 0.644837 0.048500 0.145109
15 0.219250 0.465217 0.061500 0.130435
15 0.171500 0.535598 0.037500 0.147283
15 0.125625 0.534239 0.047250 0.098913
15 0.085250 0.638043 0.097500 0.121739
15 0.050250 0.539946 0.047000 0.127717
15 0.151500 0.407609 0.076500 0.108696
15 0.188875 0.335326 0.051750 0.111957
15 0.255375 0.352717 0.050250 0.144565
15 0.327125 0.350272 0.066750 0.102717
15 0.077000 0.320652 0.068500 0.123913
15 0.036875 0.233967 0.048750 0.117935
15 0.085125 0.177717 0.050750 0.143478
15 0.144250 0.125000 0.053500 0.081522
15 0.157625 0.216576 0.061250 0.111413
15 0.199500 0.229348 0.053500 0.093478
15 0.249000 0.219565 0.042000 0.086957
15 0.298250 0.248098 0.044500 0.097283
15 0.350500 0.228533 0.049000 0.062500
15 0.344375 0.160326 0.061250 0.068478
15 0.388500 0.180163 0.028500 0.128804
15 0.394375 0.292391 0.080250 0.064130
15 0.411750 0.367120 0.065500 0.096196
15 0.467500 0.344293 0.054000 0.099457
15 0.453625 0.446739 0.063250 0.092391
15 0.432875 0.192935 0.053750 0.091304
15 0.433125 0.120380 0.050250 0.058152
15 0.428375 0.052174 0.039750 0.067391
15 0.401625 0.015761 0.030250 0.030435
15 0.348500 0.023913 0.042500 0.046739
15 0.296625 0.024457 0.041750 0.047826
15 0.260375 0.070924 0.062750 0.084239
15 0.226250 0.028261 0.027000 0.055435
15 0.048375 0.052174 0.050750 0.103261
15 0.485250 0.235598 0.056500 0.108152
15 0.517125 0.361685 0.046250 0.117935
15 0.526000 0.468207 0.069000 0.067935
15 0.539250 0.187772 0.057500 0.108152
15 0.487000 0.142120 0.050500 0.084239
15 0.478750 0.058967 0.042500 0.087500
15 0.523875 0.061957 0.031750 0.078261
15 0.502750 0.011413 0.016000 0.021739
15 0.556625 0.023098 0.034750 0.045109
15 0.628250 0.013315 0.052000 0.023370
