15 0.952800 0.949479 0.094400 0.084375
15 0.965600 0.878906 0.068800 0.057813
15 0.951200 0.809115 0.097600 0.080729
15 0.827600 0.810156 0.120800 0.128646
15 0.876800 0.726823 0.158400 0.050521
15 0.770800 0.984635 0.170400 0.030729
15 0.572400 0.978125 0.176800 0.043750
15 0.661600 0.923958 0.166400 0.087500
15 0.659200 0.858594 0.230400 0.072396
15 0.237600 0.868490 0.132800 0.101562
15 0.332000 0.933854 0.129600 0.126042
15 0.469600 0.933333 0.132800 0.115625
15 0.641200 0.775521 0.170400 0.080208
15 0.348400 0.756250 0.140000 0.164583
15 0.488400 0.795833 0.188000 0.172917
15 0.862000 0.667969 0.143200 0.073438
15 0.958000 0.619531 0.084000 0.073438
15 0.608800 0.711979 0.232000 0.042708
15 0.705600 0.649740 0.150400 0.094271
15 0.862800 0.548958 0.197600 0.127083
15 0.972800 0.544531 0.054400 0.056771
15 0.968000 0.426823 0.064000 0.107813
15 0.800400 0.420573 0.250400 0.107813
15 0.864000 0.371094 0.150400 0.091146
15 0.908400 0.279948 0.183200 0.092188
15 0.948400 0.197656 0.103200 0.123438
15 0.820800 0.213802 0.140800 0.078646
15 0.746000 0.304948 0.188000 0.113021
15 0.627600 0.299479 0.079200 0.115625
15 0.909200 0.091667 0.156000 0.098958
15 0.795200 0.133594 0.108800 0.083854
15 0.684000 0.168490 0.120000 0.105729
15 0.754400 0.057292 0.220800 0.113542
15 0.594000 0.037500 0.232800 0.073958
15 0.558400 0.149219 0.116800 0.077604
15 0.540000 0.267188 0.072000 0.120833
15 0.466400 0.253385 0.115200 0.107813
15 0.592800 0.384375 0.126400 0.088542
15 0.697600 0.513802 0.163200 0.093229
15 0.646000 0.470052 0.140000 0.081771
15 0.102000 0.972917 0.202400 0.054167
15 0.089600 0.893229 0.177600 0.106250
15 0.159200 0.809375 0.131200 0.054167
15 0.172800 0.739583 0.163200 0.075000
15 0.233200 0.665104 0.128800 0.120833
15 0.067200 0.668750 0.132800 0.087500
15 0.303200 0.609115 0.108800 0.081771
15 0.421600 0.634375 0.163200 0.151042
15 0.558800 0.606250 0.140000 0.144792
15 0.403200 0.533854 0.076800 0.069792
15 0.071200 0.588802 0.140800 0.059896
15 0.230800 0.543490 0.215200 0.074479
15 0.199600 0.444010 0.136800 0.133854
15 0.519200 0.474740 0.147200 0.113021
15 0.456000 0.389583 0.152000 0.104167
15 0.321200 0.436198 0.175200 0.126562
15 0.111600 0.418229 0.085600 0.080208
15 0.056400 0.498958 0.074400 0.112500
15 0.180400 0.359115 0.140000 0.032813
15 0.335200 0.308073 0.172800 0.125521
15 0.124000 0.283333 0.225600 0.107292
15 0.383200 0.162240 0.190400 0.120313
15 0.498800 0.093229 0.178400 0.058333
15 0.432400 0.041927 0.085600 0.082812
15 0.313200 0.042708 0.148000 0.084375
15 0.273200 0.159375 0.095200 0.091667
15 0.119200 0.058073 0.172800 0.111979
15 0.178000 0.163281 0.128800 0.080729
15 0.159200 0.216667 0.144000 0.070833
15 0.036800 0.182812 0.068800 0.073958
15 0.939600 0.018490 0.120800 0.034896
