15 0.968510 0.199479 0.040385 0.095833
15 0.993630 0.232813 0.012740 0.064583
15 0.972476 0.369792 0.043510 0.093750
15 0.927764 0.190625 0.042067 0.097917
15 0.937019 0.123177 0.048077 0.100521
15 0.893990 0.101823 0.032692 0.110937
15 0.860337 0.094271 0.039904 0.154167
15 0.843149 0.043490 0.041106 0.047396
15 0.770312 0.064583 0.059856 0.062500
15 0.783654 0.150000 0.032212 0.105208
15 0.768990 0.241927 0.043269 0.129688
15 0.731731 0.159115 0.053365 0.089063
15 0.712620 0.098177 0.057933 0.078646
15 0.864062 0.263281 0.048798 0.070312
15 0.880409 0.350521 0.044952 0.081250
15 0.736899 0.399479 0.063702 0.071875
15 0.742188 0.470052 0.051683 0.076563
15 0.732933 0.548438 0.048077 0.073958
15 0.654087 0.390104 0.041346 0.090625
15 0.619231 0.435677 0.042788 0.105729
15 0.646875 0.547917 0.041827 0.137500
15 0.654567 0.648698 0.045673 0.103646
15 0.637260 0.706771 0.051442 0.088542
15 0.718990 0.766667 0.052404 0.075000
15 0.977764 0.827344 0.044471 0.129688
15 0.836659 0.847656 0.040625 0.077604
15 0.746274 0.852083 0.038221 0.094792
15 0.713942 0.895312 0.040865 0.080208
15 0.683534 0.833333 0.044471 0.141667
15 0.644471 0.847135 0.041346 0.136979
15 0.607572 0.869010 0.034856 0.108854
15 0.564423 0.890885 0.048558 0.077604
15 0.609736 0.760417 0.041106 0.096875
15 0.571274 0.737760 0.036779 0.126562
15 0.420072 0.906771 0.034856 0.065625
15 0.471154 0.660417 0.048077 0.126042
15 0.517668 0.701562 0.051202 0.092708
15 0.494952 0.622135 0.016346 0.075521
15 0.513822 0.600781 0.031971 0.108854
15 0.546154 0.589063 0.029327 0.081250
15 0.568750 0.648698 0.037981 0.107813
15 0.608413 0.588802 0.025481 0.098437
15 0.590024 0.548177 0.036779 0.077604
15 0.554688 0.517448 0.054087 0.055729
15 0.599159 0.476302 0.042067 0.075521
15 0.576082 0.391406 0.039183 0.097396
15 0.548678 0.446094 0.036298 0.075521
15 0.505409 0.513021 0.045913 0.072917
15 0.479207 0.542969 0.031010 0.088021
15 0.355769 0.774740 0.052404 0.091146
15 0.232813 0.867708 0.045913 0.105208
15 0.598317 0.072917 0.049038 0.079167
15 0.567548 0.189323 0.042308 0.117188
15 0.535817 0.146615 0.043750 0.098437
15 0.487500 0.247135 0.049519 0.070312
15 0.487740 0.322396 0.029808 0.093750
15 0.517668 0.327604 0.041587 0.069792
15 0.463942 0.340625 0.040865 0.123958
15 0.469231 0.413281 0.037981 0.059896
15 0.439663 0.420312 0.027885 0.073958
15 0.419591 0.364844 0.039183 0.088021
15 0.413582 0.447396 0.045913 0.080208
15 0.388942 0.469792 0.029808 0.076042
15 0.343510 0.450260 0.054327 0.103646
15 0.384615 0.357031 0.045673 0.115104
15 0.370793 0.282813 0.039663 0.095833
15 0.337861 0.267188 0.028125 0.081250
15 0.378846 0.111979 0.033173 0.104167
15 0.424399 0.085156 0.063702 0.079687
15 0.474038 0.068229 0.058173 0.053125
15 0.303365 0.150521 0.066346 0.100000
15 0.244111 0.104427 0.066106 0.088021
15 0.154207 0.115104 0.055048 0.097917
15 0.144231 0.198958 0.040865 0.102083
15 0.172837 0.293750 0.043269 0.092708
15 0.185216 0.412240 0.035817 0.110937
15 0.220673 0.426563 0.053365 0.110417
15 0.308053 0.568229 0.049760 0.081250
15 0.304688 0.454948 0.027163 0.136979
15 0.273798 0.469792 0.032692 0.132292
15 0.253726 0.550260 0.044952 0.066146
15 0.266587 0.626823 0.068269 0.096354
15 0.230048 0.680729 0.033654 0.071875
15 0.196514 0.654427 0.050240 0.058854
15 0.223077 0.596354 0.042308 0.052083
15 0.202284 0.545052 0.041106 0.097396
15 0.169471 0.598437 0.041346 0.085417
15 0.161418 0.473177 0.040625 0.118229
15 0.112019 0.145833 0.029327 0.122917
15 0.098317 0.098437 0.024519 0.071875
15 0.068630 0.107552 0.036779 0.090104
15 0.047476 0.173177 0.041587 0.059896
15 0.025240 0.108594 0.049519 0.078646
15 0.032572 0.223438 0.039663 0.104167
15 0.020673 0.289323 0.040865 0.071354
15 0.007812 0.210156 0.015144 0.077604
15 0.075481 0.300260 0.038942 0.084896
15 0.043269 0.366667 0.041827 0.092708
15 0.197356 0.725000 0.041346 0.095833
15 0.154327 0.712760 0.052404 0.110937
15 0.137620 0.675521 0.050721 0.093750
15 0.106250 0.753906 0.037500 0.068229
15 0.088942 0.657813 0.050962 0.116667
15 0.132692 0.596354 0.039904 0.062500
15 0.159615 0.796094 0.048558 0.074479
15 0.121635 0.795312 0.028365 0.047917
15 0.114183 0.859375 0.023077 0.085417
15 0.139543 0.851302 0.023317 0.048438
15 0.090144 0.832292 0.030769 0.073958
15 0.090865 0.907292 0.031731 0.055208
15 0.064904 0.945312 0.039904 0.089583
15 0.041106 0.933073 0.025962 0.071354
15 0.029447 0.892708 0.035337 0.056250
15 0.060697 0.859115 0.028606 0.098437
15 0.049760 0.781250 0.037500 0.069792
15 0.079928 0.776302 0.022837 0.043229
15 0.060216 0.707812 0.049279 0.106250
15 0.030889 0.822656 0.040625 0.095312
15 0.006971 0.855729 0.013462 0.066667
15 0.008413 0.792969 0.016346 0.051562
15 0.014063 0.929427 0.027644 0.070312
15 0.017788 0.715104 0.035096 0.087500
15 0.029567 0.644792 0.033654 0.048958
15 0.052043 0.592708 0.051683 0.067708
15 0.016346 0.599219 0.032212 0.068229
15 0.040144 0.529427 0.035577 0.091146
15 0.079207 0.533594 0.046875 0.078646
15 0.095793 0.589323 0.035817 0.029687
15 0.111418 0.492188 0.063221 0.083333
15 0.069832 0.415885 0.037260 0.118229
15 0.022596 0.448958 0.044712 0.101042
15 0.013702 0.535937 0.026923 0.054167
