15 0.969375 0.238315 0.023750 0.028804
15 0.982750 0.264946 0.031500 0.050543
15 0.982625 0.300000 0.034250 0.026087
15 0.984750 0.344293 0.030500 0.061413
15 0.939750 0.315761 0.047000 0.082609
15 0.935500 0.400000 0.077000 0.081522
15 0.976375 0.436685 0.047250 0.065761
15 0.989750 0.390761 0.020500 0.026087
15 0.941250 0.263043 0.043000 0.029348
15 0.931750 0.221196 0.042500 0.058696
15 0.894250 0.296467 0.042500 0.079891
15 0.854000 0.297283 0.037000 0.070652
15 0.815500 0.323370 0.026500 0.084783
15 0.849875 0.373641 0.082750 0.058152
15 0.850750 0.408424 0.061000 0.055978
15 0.778875 0.377989 0.039250 0.085326
15 0.837250 0.473641 0.059500 0.105978
15 0.808125 0.513859 0.058250 0.067935
15 0.751125 0.427717 0.049750 0.092391
15 0.838000 0.242391 0.049500 0.077174
15 0.873375 0.208424 0.042750 0.073370
15 0.902000 0.178804 0.033500 0.036957
15 0.910250 0.217391 0.026000 0.056522
15 0.886625 0.150815 0.030750 0.027717
15 0.857875 0.157609 0.036750 0.050000
15 0.823625 0.182065 0.042250 0.068478
15 0.785000 0.211957 0.054000 0.036957
15 0.788875 0.249457 0.047750 0.056522
15 0.776250 0.291304 0.035000 0.078261
15 0.738625 0.298370 0.035250 0.068478
15 0.716750 0.352989 0.032500 0.070109
15 0.743875 0.253804 0.030750 0.045652
15 0.783000 0.172826 0.032500 0.045652
15 0.766375 0.153533 0.022750 0.032065
15 0.760750 0.111957 0.034000 0.053261
15 0.747500 0.072826 0.037500 0.045652
15 0.751125 0.182609 0.031250 0.030435
15 0.737875 0.219022 0.025750 0.046739
15 0.712750 0.174185 0.034500 0.087500
15 0.718375 0.109239 0.038250 0.045652
15 0.712625 0.083152 0.021250 0.035870
15 0.676500 0.070109 0.040500 0.044565
15 0.674000 0.098370 0.051500 0.033696
15 0.670750 0.124728 0.027500 0.030978
15 0.680500 0.190217 0.022000 0.019565
15 0.674500 0.160598 0.015500 0.030978
15 0.649750 0.176359 0.034500 0.054891
15 0.639875 0.146467 0.031250 0.051630
15 0.616625 0.135326 0.026750 0.063043
15 0.629375 0.208967 0.035250 0.049457
15 0.602000 0.180163 0.031500 0.038587
15 0.674000 0.226902 0.033000 0.034239
15 0.642625 0.268750 0.045250 0.038587
15 0.697875 0.270380 0.039750 0.069022
15 0.711750 0.239674 0.018000 0.035870
15 0.678875 0.314402 0.038750 0.086413
15 0.644250 0.304891 0.023500 0.027174
15 0.645375 0.343478 0.042750 0.043478
15 0.591750 0.294565 0.031000 0.071739
15 0.584125 0.226630 0.039750 0.067391
15 0.624750 0.246467 0.033500 0.035326
15 0.534625 0.263043 0.039750 0.048913
15 0.526375 0.219837 0.036250 0.032065
15 0.559250 0.311957 0.046000 0.058696
15 0.546750 0.363043 0.040000 0.047826
15 0.592125 0.354891 0.048750 0.050000
15 0.640750 0.398913 0.027500 0.076087
15 0.675375 0.409783 0.040750 0.082609
15 0.669750 0.489130 0.047500 0.069565
15 0.615125 0.430435 0.038750 0.082609
15 0.569125 0.439946 0.042250 0.045109
15 0.574750 0.403804 0.027000 0.029348
15 0.527625 0.413587 0.035750 0.093478
15 0.557875 0.471196 0.028750 0.032609
15 0.583500 0.528533 0.056500 0.096196
15 0.631375 0.523098 0.035250 0.054891
15 0.525625 0.532337 0.053250 0.096196
15 0.480125 0.506250 0.057750 0.075543
15 0.483625 0.423098 0.042750 0.085326
15 0.447500 0.450272 0.040500 0.072283
15 0.437000 0.390761 0.040000 0.061957
15 0.483125 0.361141 0.050250 0.046196
15 0.468250 0.319293 0.036000 0.050543
15 0.509750 0.320380 0.040500 0.075543
15 0.493500 0.256522 0.034500 0.060870
15 0.450000 0.301359 0.040000 0.098370
15 0.437250 0.239402 0.058500 0.067935
15 0.431250 0.193478 0.045500 0.048913
15 0.378250 0.250272 0.060000 0.100543
15 0.391125 0.338315 0.036250 0.083152
15 0.380500 0.429348 0.052500 0.083696
15 0.410625 0.290761 0.024750 0.047826
15 0.352000 0.344022 0.036000 0.068478
15 0.331375 0.253261 0.031250 0.076087
15 0.298375 0.283152 0.058750 0.094565
15 0.311875 0.386413 0.043250 0.100000
15 0.277000 0.411141 0.050500 0.100543
15 0.265375 0.351630 0.052250 0.045652
15 0.267125 0.308152 0.047750 0.052174
15 0.226500 0.233424 0.033500 0.064674
15 0.194625 0.276359 0.051750 0.084239
15 0.215250 0.321196 0.054500 0.091304
15 0.224875 0.384239 0.041250 0.050000
15 0.227125 0.428533 0.053750 0.064674
15 0.260875 0.499457 0.074750 0.103261
15 0.176125 0.202717 0.041750 0.051087
15 0.161875 0.257337 0.032750 0.050543
15 0.139375 0.231250 0.037250 0.057065
15 0.140875 0.299728 0.050750 0.052717
15 0.150000 0.351630 0.066500 0.045652
15 0.180875 0.391033 0.029250 0.047283
15 0.128750 0.389130 0.030000 0.046739
15 0.163000 0.441033 0.061500 0.089674
15 0.097875 0.271739 0.050750 0.057609
15 0.096625 0.319837 0.026250 0.039674
15 0.044000 0.233696 0.042500 0.075000
15 0.050375 0.346467 0.047750 0.070109
15 0.074625 0.399457 0.071250 0.089130
15 0.103750 0.449185 0.049500 0.075543
15 0.067750 0.523913 0.057000 0.109783
15 0.132375 0.532065 0.054750 0.077174
15 0.030625 0.461141 0.060750 0.079891
15 0.013625 0.332609 0.026750 0.098913
15 0.009875 0.555435 0.019250 0.091304
15 0.190125 0.595109 0.084250 0.096739
15 0.282875 0.577446 0.094250 0.073370
15 0.071000 0.670924 0.110000 0.155978
15 0.155750 0.711957 0.089500 0.114130
15 0.232500 0.713859 0.062000 0.109239
15 0.264875 0.662500 0.056250 0.119565
15 0.320750 0.703533 0.081500 0.104891
15 0.184750 0.837772 0.099000 0.126630
15 0.020750 0.952717 0.041000 0.094565
15 0.199500 0.964130 0.063000 0.071739
15 0.264875 0.905707 0.084250 0.113587
15 0.312000 0.965761 0.061000 0.068478
15 0.344875 0.892663 0.063750 0.117935
15 0.402000 0.905163 0.062500 0.119022
15 0.392125 0.988859 0.063750 0.022283
15 0.454500 0.885326 0.063000 0.110870
15 0.510125 0.947011 0.053750 0.085326
15 0.573625 0.952717 0.060250 0.094565
15 0.523875 0.847826 0.065250 0.090217
15 0.448375 0.779348 0.098750 0.098913
15 0.379000 0.747283 0.044000 0.122826
15 0.294000 0.796467 0.094500 0.090761
15 0.434250 0.694293 0.065000 0.085326
15 0.476250 0.646196 0.056000 0.123913
15 0.525000 0.760326 0.063000 0.080435
15 0.579125 0.859239 0.046250 0.095652
15 0.634250 0.911685 0.061000 0.165761
15 0.652500 0.961413 0.055000 0.042391
15 0.712750 0.947011 0.060500 0.089674
15 0.654875 0.789946 0.058750 0.148370
15 0.701875 0.753804 0.059250 0.178261
15 0.759125 0.732609 0.053250 0.145652
15 0.816750 0.848913 0.083500 0.151087
15 0.584625 0.730978 0.056250 0.095652
15 0.530000 0.674457 0.046000 0.063043
15 0.555375 0.597826 0.078750 0.059783
15 0.585500 0.650272 0.050000 0.065761
15 0.635375 0.631793 0.060250 0.117935
15 0.663125 0.577446 0.056750 0.110326
15 0.698125 0.559239 0.046750 0.046739
15 0.752375 0.598913 0.053250 0.078261
15 0.717875 0.636141 0.073250 0.069022
15 0.848375 0.630435 0.065250 0.078261
15 0.827875 0.721467 0.076750 0.133152
15 0.874125 0.907880 0.050750 0.116848
15 0.896750 0.710326 0.063500 0.118478
15 0.936375 0.806250 0.094750 0.101630
15 0.961250 0.693750 0.057000 0.120109
15 0.841750 0.966304 0.062000 0.067391
15 0.960125 0.967663 0.072750 0.064674
15 0.961500 0.896196 0.076500 0.069565
15 0.983875 0.635870 0.032250 0.072826
