15 0.779875 0.077446 0.025250 0.027717
15 0.773250 0.091304 0.032500 0.029348
15 0.754625 0.074728 0.021750 0.030978
15 0.734000 0.067663 0.018500 0.019022
15 0.727875 0.089674 0.025250 0.022826
15 0.711750 0.069022 0.014000 0.021739
15 0.703750 0.088859 0.015500 0.035326
15 0.794125 0.115489 0.027750 0.028804
15 0.766875 0.123913 0.022250 0.038043
15 0.748375 0.102174 0.014750 0.023913
15 0.744625 0.127989 0.025250 0.029891
15 0.726125 0.121467 0.021750 0.040761
15 0.708875 0.128533 0.024250 0.037500
15 0.681375 0.084783 0.021250 0.039130
15 0.665250 0.076087 0.016500 0.038043
15 0.664125 0.116304 0.032750 0.023913
15 0.657875 0.133967 0.029750 0.040761
15 0.680875 0.160054 0.021750 0.036413
15 0.693250 0.139402 0.020500 0.036413
15 0.714500 0.169293 0.025000 0.027717
15 0.737500 0.155163 0.028000 0.028804
15 0.764000 0.174185 0.023000 0.065761
15 0.784250 0.154620 0.020500 0.034239
15 0.799375 0.140761 0.031750 0.018478
15 0.811500 0.167935 0.027500 0.043478
15 0.789250 0.182065 0.018500 0.029348
15 0.804875 0.208967 0.018750 0.036413
15 0.825875 0.217663 0.024750 0.045109
15 0.818125 0.263043 0.037250 0.058696
15 0.828750 0.192935 0.020500 0.022826
15 0.784875 0.230435 0.030250 0.064130
15 0.754750 0.251902 0.036000 0.053804
15 0.742625 0.187228 0.024250 0.039674
15 0.719625 0.205435 0.022750 0.043478
15 0.695125 0.181522 0.017250 0.035870
15 0.660375 0.175815 0.022250 0.041848
15 0.670500 0.192935 0.036000 0.032609
15 0.702000 0.216304 0.031000 0.028261
15 0.671500 0.221196 0.026500 0.038043
15 0.630125 0.191304 0.031750 0.042391
15 0.619625 0.156250 0.028750 0.039674
15 0.632375 0.117120 0.018750 0.047283
15 0.648375 0.095924 0.021750 0.037500
15 0.644250 0.066033 0.019500 0.035326
15 0.624750 0.076630 0.019000 0.036957
15 0.605125 0.082609 0.030250 0.032609
15 0.613000 0.121196 0.022000 0.050000
15 0.598875 0.108152 0.021250 0.041304
15 0.578500 0.082065 0.022000 0.032609
15 0.584250 0.059511 0.026000 0.021196
15 0.575750 0.117391 0.023500 0.046739
15 0.593875 0.162500 0.019750 0.021739
15 0.600875 0.194293 0.024250 0.046196
15 0.577750 0.170109 0.019500 0.048913
15 0.555250 0.168750 0.018500 0.035326
15 0.561125 0.133152 0.021750 0.035870
15 0.551500 0.107065 0.013500 0.027174
15 0.557250 0.086957 0.018500 0.028261
15 0.556500 0.058152 0.017000 0.033696
15 0.534000 0.070380 0.025500 0.038587
15 0.535375 0.099185 0.026750 0.026630
15 0.508375 0.065489 0.029250 0.036413
15 0.509375 0.096196 0.016750 0.023913
15 0.517125 0.115217 0.026250 0.022826
15 0.488000 0.090489 0.023000 0.033152
15 0.485125 0.064946 0.015250 0.024457
15 0.469250 0.069837 0.019000 0.050543
15 0.450500 0.077989 0.023000 0.051630
15 0.447125 0.040489 0.029250 0.027717
15 0.430125 0.067663 0.014750 0.030978
15 0.433750 0.096739 0.023000 0.030435
15 0.468875 0.116848 0.016750 0.040217
15 0.489875 0.111685 0.024250 0.035326
15 0.484250 0.139946 0.021500 0.032065
15 0.511375 0.142663 0.027250 0.036413
15 0.505625 0.163587 0.014750 0.025000
15 0.489625 0.174457 0.019250 0.036957
15 0.471000 0.155978 0.013500 0.032609
15 0.458875 0.164674 0.014750 0.028261
15 0.450750 0.183967 0.025000 0.034239
15 0.473250 0.196467 0.018500 0.030978
15 0.502000 0.202174 0.024500 0.028261
15 0.529000 0.189402 0.027500 0.047283
15 0.532250 0.156522 0.016000 0.018478
15 0.537500 0.129348 0.021000 0.040217
15 0.543125 0.213315 0.017750 0.037500
15 0.566500 0.207880 0.026500 0.036413
15 0.592000 0.213043 0.020000 0.028261
15 0.582625 0.231522 0.027250 0.034783
15 0.613625 0.237772 0.021750 0.040761
15 0.643250 0.232065 0.025500 0.045652
15 0.667375 0.250815 0.027750 0.042935
15 0.707500 0.241576 0.032500 0.033152
15 0.711875 0.283696 0.024250 0.051087
15 0.687000 0.276087 0.024000 0.034783
15 0.653125 0.285598 0.030750 0.040761
15 0.631125 0.262228 0.020250 0.026630
15 0.617125 0.288859 0.034750 0.033152
15 0.595000 0.268207 0.022500 0.035326
15 0.565125 0.249185 0.032250 0.036413
15 0.535875 0.251359 0.021250 0.038587
15 0.558250 0.284511 0.032500 0.041848
15 0.523250 0.240217 0.016500 0.036957
15 0.502000 0.234783 0.028500 0.032609
15 0.475000 0.229620 0.021000 0.033152
15 0.453875 0.218478 0.023750 0.030435
15 0.479875 0.263043 0.023250 0.035870
15 0.507125 0.266576 0.028750 0.028804
15 0.534125 0.288859 0.016750 0.051630
15 0.510875 0.292391 0.022250 0.032609
15 0.456000 0.250543 0.029500 0.027174
15 0.432875 0.236413 0.028250 0.035870
15 0.424500 0.210054 0.019000 0.040761
15 0.421625 0.172011 0.016750 0.035326
15 0.440875 0.137500 0.028250 0.065217
15 0.417375 0.045109 0.022250 0.041304
15 0.412250 0.090217 0.013000 0.022826
15 0.396500 0.082337 0.019000 0.039674
15 0.397375 0.047826 0.015250 0.032609
15 0.377500 0.073641 0.021500 0.038587
15 0.361750 0.051902 0.021500 0.033152
15 0.382125 0.103533 0.016250 0.026630
15 0.405250 0.137772 0.019500 0.032065
15 0.421125 0.127446 0.013250 0.024457
15 0.423375 0.150000 0.010750 0.016304
15 0.375500 0.125000 0.029000 0.040217
15 0.402000 0.117663 0.017500 0.019022
15 0.379375 0.151087 0.012750 0.031522
15 0.399875 0.172283 0.032750 0.043478
15 0.367875 0.173641 0.025250 0.020109
15 0.355125 0.159239 0.033250 0.018478
15 0.358750 0.141848 0.023500 0.023913
15 0.340125 0.129620 0.027250 0.032065
15 0.339125 0.105163 0.023250 0.024457
15 0.357125 0.088587 0.023750 0.026087
15 0.349125 0.069293 0.016750 0.013587
15 0.344750 0.054891 0.013500 0.030435
15 0.334125 0.078804 0.012750 0.022826
15 0.317250 0.097011 0.024500 0.052717
15 0.327500 0.060054 0.015000 0.021196
15 0.309125 0.055707 0.027750 0.025543
15 0.298750 0.091304 0.011500 0.044565
15 0.292500 0.052174 0.015500 0.031522
15 0.282250 0.072554 0.020500 0.034239
15 0.269750 0.051630 0.020500 0.017391
15 0.255000 0.068478 0.024500 0.017391
15 0.274125 0.090489 0.035250 0.039674
15 0.265250 0.113315 0.035500 0.028804
15 0.243625 0.098370 0.019750 0.046739
15 0.291500 0.141848 0.020000 0.036957
15 0.311500 0.137228 0.018000 0.040761
15 0.326125 0.148370 0.015250 0.036957
15 0.303250 0.174728 0.029500 0.039674
15 0.331125 0.177717 0.027250 0.023913
15 0.344375 0.192935 0.018750 0.032609
15 0.331750 0.210870 0.027000 0.053261
15 0.362875 0.204620 0.031750 0.048370
15 0.288750 0.212500 0.027500 0.038043
15 0.310250 0.233967 0.022500 0.032065
15 0.282000 0.232609 0.030000 0.046739
15 0.264000 0.202717 0.012500 0.025000
15 0.266125 0.175000 0.018750 0.038043
15 0.257250 0.146739 0.023500 0.018478
15 0.258625 0.132065 0.036750 0.030435
15 0.230125 0.151087 0.018250 0.044565
15 0.248000 0.173641 0.023000 0.045109
15 0.220125 0.173641 0.028250 0.037500
15 0.206250 0.192663 0.027000 0.030978
15 0.251500 0.217391 0.031500 0.041304
15 0.229125 0.208424 0.014750 0.028804
15 0.203875 0.214946 0.037750 0.032065
15 0.230625 0.235870 0.031250 0.025000
15 0.249750 0.261685 0.013500 0.025543
15 0.269375 0.252989 0.034250 0.036413
15 0.222500 0.267663 0.033000 0.034239
15 0.201250 0.249728 0.024000 0.049457
15 0.182875 0.248370 0.013750 0.039130
15 0.245625 0.288043 0.019250 0.034783
15 0.273875 0.283424 0.031750 0.046196
15 0.300625 0.276902 0.023750 0.036413
15 0.317125 0.263587 0.020750 0.036957
15 0.345625 0.247283 0.033750 0.034783
15 0.370625 0.238043 0.016750 0.042391
15 0.382500 0.227174 0.007500 0.023913
15 0.401000 0.240761 0.028500 0.061957
15 0.402375 0.211685 0.026250 0.024457
15 0.326125 0.313315 0.027750 0.053804
15 0.299375 0.307880 0.016250 0.040761
15 0.280000 0.317935 0.019000 0.032609
15 0.286875 0.337772 0.017250 0.033152
15 0.227125 0.311957 0.034750 0.051087
15 0.257125 0.310870 0.014250 0.019565
15 0.174000 0.288859 0.026500 0.048370
15 0.191375 0.317120 0.029250 0.030978
15 0.206125 0.295109 0.012250 0.020652
15 0.350250 0.286413 0.025500 0.058696
15 0.370875 0.305163 0.022750 0.038587
15 0.378000 0.269565 0.026500 0.029348
15 0.394375 0.297283 0.020750 0.046739
15 0.390125 0.341304 0.017250 0.044565
15 0.368250 0.354348 0.025500 0.066304
15 0.345625 0.338587 0.024750 0.038043
15 0.326125 0.373913 0.015250 0.060870
15 0.348125 0.382065 0.036750 0.061957
15 0.306250 0.354076 0.020500 0.046196
15 0.273125 0.375000 0.033250 0.054348
15 0.256500 0.341848 0.032000 0.035870
15 0.232875 0.372283 0.031750 0.054348
15 0.218375 0.336141 0.023750 0.033152
15 0.200625 0.349457 0.025750 0.035870
15 0.171125 0.335870 0.034750 0.027174
15 0.163375 0.373370 0.042750 0.060870
15 0.204625 0.393207 0.036250 0.066848
15 0.185375 0.433696 0.050750 0.058696
15 0.159875 0.417120 0.032250 0.038587
15 0.132625 0.410054 0.024250 0.042935
15 0.128000 0.458696 0.050000 0.055435
15 0.161000 0.491304 0.033000 0.042391
15 0.192125 0.490761 0.028750 0.042391
15 0.228375 0.487228 0.045250 0.030978
15 0.227875 0.453533 0.031250 0.042935
15 0.110500 0.520924 0.051000 0.079891
15 0.153750 0.527446 0.030500 0.023370
15 0.199125 0.545652 0.054250 0.075000
15 0.178500 0.594565 0.024000 0.044565
15 0.147125 0.576902 0.044750 0.083152
15 0.095750 0.580707 0.049000 0.061413
15 0.105000 0.613859 0.038500 0.048370
15 0.063625 0.630435 0.044250 0.068478
15 0.240500 0.523370 0.030500 0.039130
15 0.242250 0.564402 0.041000 0.039674
15 0.252875 0.610326 0.031250 0.066304
15 0.223625 0.600000 0.024250 0.045652
15 0.207875 0.628533 0.036250 0.072283
15 0.169250 0.645924 0.042500 0.065761
15 0.116250 0.652717 0.055000 0.058696
15 0.119750 0.681250 0.056000 0.054891
15 0.055625 0.688859 0.058750 0.059239
15 0.097125 0.725815 0.035750 0.047283
15 0.129250 0.742935 0.035500 0.055435
15 0.146125 0.758967 0.047250 0.067935
15 0.178750 0.698098 0.049000 0.060326
15 0.235750 0.676630 0.054000 0.064130
15 0.228250 0.744565 0.044000 0.060870
15 0.189750 0.756522 0.037500 0.077174
15 0.154375 0.817935 0.057250 0.071739
15 0.090875 0.820380 0.053250 0.066848
15 0.072875 0.776630 0.046750 0.072826
15 0.043125 0.757337 0.071750 0.076630
15 0.207750 0.809239 0.045000 0.065217
15 0.177250 0.874728 0.024000 0.045109
15 0.238875 0.863043 0.040250 0.069565
15 0.142375 0.938315 0.053750 0.120109
15 0.114500 0.881522 0.044000 0.085870
15 0.067625 0.880435 0.041250 0.081522
15 0.024625 0.827717 0.048750 0.067391
15 0.018375 0.882880 0.036250 0.040761
15 0.023250 0.941576 0.044500 0.101630
15 0.081625 0.956250 0.059250 0.079891
15 0.160125 0.980978 0.029750 0.038043
15 0.207625 0.904076 0.055250 0.140761
15 0.239250 0.977446 0.047000 0.045109
15 0.257875 0.922554 0.037250 0.060326
15 0.325375 0.941848 0.093750 0.073913
15 0.335250 0.979076 0.060500 0.041848
15 0.302625 0.873098 0.049750 0.060326
15 0.285000 0.832609 0.050500 0.108696
15 0.332750 0.814402 0.042500 0.080978
15 0.350000 0.875543 0.046500 0.070652
15 0.386125 0.902717 0.029750 0.057609
15 0.389875 0.963315 0.043250 0.070109
15 0.355500 0.792391 0.025500 0.072826
15 0.394125 0.834783 0.044250 0.061957
15 0.396250 0.761413 0.050000 0.076087
15 0.352875 0.715489 0.041250 0.079891
15 0.328750 0.740489 0.027000 0.075543
15 0.296750 0.738859 0.035000 0.084239
15 0.259875 0.782337 0.042750 0.088587
15 0.270000 0.707880 0.022000 0.049457
15 0.309000 0.677989 0.048000 0.050543
15 0.277500 0.646196 0.038500 0.071739
15 0.300375 0.594837 0.048750 0.071196
15 0.340125 0.648641 0.031750 0.063587
15 0.367000 0.621467 0.031500 0.080978
15 0.393875 0.664674 0.039250 0.075000
15 0.408250 0.724728 0.059000 0.029891
15 0.427500 0.657880 0.030500 0.061413
15 0.407000 0.602717 0.039500 0.056522
15 0.338750 0.582065 0.031000 0.047826
15 0.304375 0.532880 0.036250 0.062500
15 0.276125 0.501630 0.029250 0.057609
15 0.307625 0.486141 0.029750 0.047283
15 0.352250 0.528804 0.047000 0.045652
15 0.389000 0.559511 0.036000 0.036413
15 0.416625 0.538043 0.022750 0.054348
15 0.400000 0.496467 0.031000 0.037500
15 0.367750 0.483967 0.036000 0.042935
15 0.332000 0.472826 0.035500 0.063043
15 0.285875 0.454076 0.025250 0.039674
15 0.257250 0.448098 0.029500 0.048370
15 0.253375 0.407337 0.023750 0.037500
15 0.297625 0.410598 0.036250 0.057065
15 0.331875 0.417391 0.032250 0.046739
15 0.358125 0.435326 0.021250 0.047826
15 0.376750 0.445380 0.025000 0.033152
15 0.411000 0.448370 0.036500 0.057609
15 0.394750 0.390489 0.038500 0.035326
15 0.424750 0.419293 0.030500 0.030978
15 0.428625 0.265489 0.025750 0.028804
15 0.414000 0.277989 0.025500 0.022283
15 0.428250 0.304620 0.040000 0.035326
15 0.412250 0.347011 0.027000 0.047283
15 0.440125 0.334511 0.027250 0.022283
15 0.435250 0.367663 0.026000 0.042935
15 0.457000 0.354076 0.023000 0.053804
15 0.467125 0.318478 0.023250 0.043478
15 0.457750 0.277174 0.030500 0.040217
15 0.497125 0.308967 0.031250 0.039674
15 0.487250 0.344022 0.019500 0.032609
15 0.497250 0.375272 0.026000 0.049457
15 0.474625 0.377989 0.018250 0.034239
15 0.452750 0.398913 0.025500 0.031522
15 0.473750 0.423098 0.029000 0.045109
15 0.445375 0.444293 0.032750 0.046196
15 0.504125 0.419565 0.026250 0.039130
15 0.485875 0.461413 0.045750 0.040217
15 0.491125 0.490489 0.028750 0.050543
15 0.452000 0.491848 0.043500 0.042391
15 0.435500 0.508424 0.025500 0.032065
15 0.446750 0.568478 0.038500 0.103261
15 0.482125 0.536685 0.034750 0.060326
15 0.514250 0.602989 0.026000 0.066848
15 0.474250 0.653261 0.053500 0.064130
15 0.468750 0.712500 0.062000 0.061957
15 0.497250 0.694565 0.034000 0.053261
15 0.522625 0.680707 0.034750 0.089674
15 0.524750 0.748913 0.030000 0.077174
15 0.455500 0.755163 0.044000 0.045109
15 0.472875 0.800272 0.042750 0.083152
15 0.419375 0.841304 0.042250 0.072826
15 0.457375 0.874728 0.035750 0.075543
15 0.435750 0.917391 0.059500 0.075000
15 0.436625 0.976630 0.048250 0.046739
15 0.489500 0.964402 0.048000 0.067935
15 0.527500 0.983424 0.045000 0.033152
15 0.536500 0.931793 0.032000 0.070109
15 0.507125 0.885326 0.059250 0.076087
15 0.523250 0.816848 0.046000 0.071739
15 0.575875 0.825272 0.050250 0.072283
15 0.582250 0.917120 0.056500 0.124457
15 0.640750 0.973370 0.061000 0.053261
15 0.651625 0.909783 0.044750 0.081522
15 0.693000 0.952446 0.036500 0.092935
15 0.660875 0.857609 0.037750 0.077174
15 0.651000 0.772826 0.032000 0.096739
15 0.670250 0.789402 0.034000 0.069022
15 0.610250 0.782609 0.056500 0.127174
15 0.564250 0.752174 0.039000 0.067391
15 0.598125 0.702446 0.038250 0.059239
15 0.558000 0.672283 0.043000 0.059783
15 0.575500 0.639130 0.035000 0.051087
15 0.601750 0.608152 0.035000 0.057609
15 0.628625 0.641033 0.025250 0.077717
15 0.545875 0.558696 0.038750 0.061957
15 0.528875 0.495380 0.030250 0.046196
15 0.528500 0.440217 0.037000 0.054348
15 0.568000 0.451630 0.029000 0.077174
15 0.588625 0.534239 0.037250 0.067391
15 0.608375 0.497283 0.037250 0.053261
15 0.618375 0.463859 0.045750 0.041848
15 0.643250 0.523913 0.042500 0.061957
15 0.556000 0.347283 0.025000 0.051087
15 0.547875 0.330978 0.015750 0.040217
15 0.519625 0.340761 0.033750 0.035870
15 0.527125 0.360870 0.028250 0.028261
15 0.529000 0.389402 0.035500 0.040761
15 0.556625 0.393478 0.023750 0.041304
15 0.578500 0.386413 0.022500 0.050000
15 0.599750 0.379348 0.025000 0.041304
15 0.599125 0.351359 0.040250 0.025543
15 0.593750 0.320380 0.025500 0.041848
15 0.577625 0.299457 0.023750 0.034783
15 0.618000 0.331250 0.020000 0.048370
15 0.636750 0.320109 0.014500 0.043478
15 0.647375 0.357880 0.020750 0.032065
15 0.637000 0.385054 0.033500 0.058152
15 0.662625 0.323913 0.033750 0.039130
15 0.684375 0.305978 0.029250 0.026087
15 0.698875 0.343478 0.025250 0.052174
15 0.674250 0.358152 0.023000 0.041304
15 0.686750 0.385054 0.024500 0.037500
15 0.663750 0.416848 0.037500 0.048913
15 0.678500 0.457609 0.032500 0.046739
15 0.733125 0.301902 0.048250 0.060326
15 0.764750 0.297011 0.024000 0.047283
15 0.727750 0.353533 0.023000 0.038587
15 0.722375 0.389946 0.030750 0.045109
15 0.717875 0.426087 0.033750 0.050000
15 0.715750 0.461141 0.045500 0.033152
15 0.723250 0.485054 0.039000 0.038587
15 0.745625 0.439402 0.023750 0.041848
15 0.753625 0.497283 0.034250 0.054348
15 0.728750 0.531522 0.025500 0.047826
15 0.782250 0.474457 0.028000 0.039130
15 0.778375 0.429620 0.040750 0.045109
15 0.754000 0.386957 0.026500 0.061957
15 0.758000 0.350272 0.033500 0.047283
15 0.783375 0.389946 0.026750 0.034239
15 0.793375 0.352446 0.045250 0.041848
15 0.814375 0.340489 0.023250 0.051630
15 0.848000 0.300000 0.040000 0.041304
15 0.861750 0.331522 0.028500 0.042391
15 0.844250 0.357337 0.040000 0.041848
15 0.817250 0.389402 0.036500 0.028804
15 0.843250 0.396196 0.022000 0.039130
15 0.889125 0.373641 0.032250 0.051630
15 0.866500 0.405163 0.057000 0.044022
15 0.887875 0.451902 0.034250 0.066848
15 0.848250 0.455435 0.043000 0.070652
15 0.808250 0.444022 0.029500 0.046739
15 0.812750 0.415489 0.026500 0.027717
15 0.818375 0.486957 0.039250 0.057609
15 0.786875 0.523098 0.021250 0.045109
15 0.761375 0.543750 0.034750 0.054891
15 0.746500 0.589130 0.026500 0.053261
15 0.701500 0.548641 0.035500 0.042935
15 0.675875 0.562500 0.028250 0.069565
15 0.664875 0.606522 0.029750 0.048913
15 0.656500 0.637500 0.025500 0.069565
15 0.690250 0.648641 0.039500 0.060326
15 0.708875 0.592120 0.044250 0.053804
15 0.640000 0.704348 0.039000 0.045652
15 0.677500 0.721196 0.032000 0.066304
15 0.702375 0.751087 0.023750 0.060870
15 0.712875 0.698913 0.036250 0.046739
15 0.724750 0.647011 0.048500 0.060326
15 0.705500 0.822283 0.049500 0.057609
15 0.702625 0.884511 0.043250 0.075543
15 0.748000 0.895109 0.044000 0.100000
15 0.742625 0.981793 0.044250 0.036413
15 0.782000 0.972826 0.032500 0.054348
15 0.815750 0.920924 0.056000 0.109239
15 0.826125 0.972011 0.025250 0.055978
15 0.858625 0.981793 0.038750 0.036413
15 0.855500 0.934239 0.034000 0.054348
15 0.908875 0.973098 0.053750 0.053804
15 0.948375 0.943478 0.055250 0.113043
15 0.980750 0.937772 0.038500 0.091848
15 0.984125 0.863587 0.031750 0.055435
15 0.944250 0.824728 0.026000 0.060326
15 0.936125 0.872826 0.034250 0.040217
15 0.898250 0.905163 0.046500 0.070109
15 0.901375 0.820652 0.057750 0.095652
15 0.837500 0.851902 0.045000 0.085326
15 0.862000 0.790761 0.050500 0.080435
15 0.921250 0.740489 0.065000 0.091848
15 0.976250 0.785870 0.047500 0.078261
15 0.995875 0.741304 0.008250 0.034783
15 0.953750 0.722826 0.022000 0.041304
15 0.918875 0.680707 0.045250 0.052717
15 0.881875 0.736957 0.016750 0.054348
15 0.823125 0.797826 0.021750 0.042391
15 0.837000 0.745109 0.023500 0.038043
15 0.851125 0.716576 0.051250 0.048370
15 0.805875 0.719293 0.032250 0.051630
15 0.786125 0.762228 0.035250 0.090761
15 0.781500 0.834239 0.060500 0.051087
15 0.740000 0.783967 0.037500 0.082065
15 0.755750 0.724457 0.039500 0.076087
15 0.801875 0.680163 0.030750 0.037500
15 0.840250 0.656250 0.051500 0.061413
15 0.796000 0.644022 0.031000 0.042391
15 0.765250 0.661685 0.032000 0.051630
15 0.767125 0.612228 0.031750 0.051630
15 0.792750 0.588859 0.032000 0.065761
15 0.817375 0.584511 0.026750 0.049457
15 0.848125 0.580435 0.025750 0.089130
15 0.821125 0.532337 0.043250 0.041848
15 0.856625 0.519022 0.037750 0.045652
15 0.866500 0.558967 0.017500 0.039674
15 0.885625 0.575815 0.044750 0.057065
15 0.884875 0.644293 0.047750 0.082065
15 0.977875 0.692120 0.038250 0.066848
15 0.985875 0.624185 0.028250 0.080978
15 0.966375 0.602989 0.026250 0.036413
15 0.956625 0.639946 0.013750 0.030978
15 0.934250 0.645109 0.040000 0.073913
15 0.933250 0.577717 0.033000 0.072826
15 0.969625 0.556793 0.045750 0.078804
15 0.967250 0.505435 0.024500 0.041304
15 0.935000 0.477446 0.037500 0.070109
15 0.917750 0.524185 0.029000 0.045109
15 0.902000 0.548913 0.027500 0.041304
15 0.884000 0.512228 0.022000 0.045109
15 0.905375 0.493478 0.016250 0.044565
15 0.920125 0.417120 0.034250 0.062500
