15 0.897727 0.831395 0.096154 0.209302
15 0.787296 0.579942 0.146853 0.187016
15 0.742424 0.368217 0.096737 0.211240
15 0.709790 0.153585 0.122378 0.221899
15 0.594988 0.120640 0.102564 0.177326
15 0.592075 0.408430 0.104895 0.188953
15 0.508159 0.278101 0.109557 0.213178
15 0.409091 0.293605 0.110723 0.170543
15 0.488636 0.079942 0.085664 0.157946
15 0.397727 0.098353 0.097319 0.194767
15 0.304487 0.100291 0.084499 0.190891
15 0.254079 0.380814 0.086247 0.290698
15 0.348485 0.388081 0.103730 0.216085
15 0.266608 0.624031 0.169580 0.162791
15 0.404429 0.657461 0.188811 0.173450
15 0.578671 0.794574 0.074592 0.209302
15 0.592949 0.599806 0.126457 0.176357
15 0.709207 0.696705 0.123543 0.250000
15 0.668998 0.912306 0.117716 0.171512
15 0.366550 0.816860 0.111888 0.207364
15 0.464744 0.940891 0.108974 0.118217
15 0.490676 0.789729 0.088578 0.158915
15 0.334207 0.941860 0.083333 0.100775
15 0.180361 0.831395 0.131119 0.203488
15 0.132576 0.691376 0.078671 0.177326
15 0.037879 0.656492 0.074592 0.237403
15 0.103147 0.497093 0.132867 0.164729
15 0.133741 0.374031 0.142774 0.129845
15 0.131119 0.220446 0.148019 0.157946
15 0.064394 0.096415 0.127622 0.185078
15 0.022436 0.339632 0.043706 0.152132
15 0.077506 0.926841 0.082751 0.138566
15 0.262821 0.949612 0.085082 0.100775
