15 0.552514 0.232031 0.372067 0.126562
15 0.834078 0.225000 0.264804 0.152083
15 0.925140 0.147396 0.149721 0.111458
15 0.879330 0.049740 0.178771 0.098437
15 0.618436 0.069792 0.347486 0.128125
15 0.234637 0.035677 0.225698 0.070312
15 0.063687 0.059115 0.125140 0.117188
15 0.217318 0.163281 0.311732 0.113021
15 0.092737 0.264062 0.183240 0.114583
15 0.183799 0.320573 0.197765 0.097396
15 0.265922 0.422917 0.283799 0.107292
15 0.063687 0.432292 0.125140 0.084375
15 0.150838 0.549479 0.299441 0.138542
15 0.409497 0.515365 0.253631 0.124479
15 0.627933 0.579167 0.310615 0.159375
15 0.554749 0.364063 0.242458 0.134375
15 0.857542 0.386198 0.284916 0.135937
15 0.700000 0.467969 0.267039 0.069271
15 0.887709 0.599740 0.224581 0.140104
15 0.882123 0.770312 0.235754 0.157292
15 0.644134 0.791406 0.249162 0.141146
15 0.808939 0.936458 0.382123 0.127083
15 0.348603 0.973177 0.375419 0.053646
15 0.352514 0.876563 0.526257 0.122917
15 0.341341 0.767708 0.369832 0.102083
15 0.068156 0.822917 0.134078 0.182292
15 0.107821 0.668750 0.213408 0.112500
15 0.374302 0.666667 0.234637 0.097917
15 0.668715 0.691146 0.208939 0.048958
