15 0.945573 0.007812 0.093229 0.015144
15 0.942708 0.037740 0.114583 0.052885
15 0.944010 0.090505 0.109896 0.052644
15 0.980729 0.127404 0.038542 0.053846
15 0.849219 0.102404 0.076563 0.056731
15 0.794792 0.063582 0.160417 0.050240
15 0.795052 0.017668 0.133854 0.034856
15 0.607031 0.022716 0.115104 0.044952
15 0.510938 0.034014 0.107292 0.054087
15 0.393750 0.024639 0.106250 0.048798
15 0.268750 0.027644 0.125000 0.050000
15 0.095052 0.027163 0.155729 0.050962
15 0.194792 0.076683 0.121875 0.065865
15 0.312240 0.083654 0.090104 0.072596
15 0.415365 0.081971 0.100521 0.066346
15 0.531510 0.090505 0.106771 0.059375
15 0.651563 0.095072 0.121875 0.050721
15 0.755990 0.128125 0.141146 0.054808
15 0.911979 0.144832 0.095833 0.039663
15 0.813021 0.179447 0.156250 0.070913
15 0.663542 0.176803 0.112500 0.027163
15 0.594531 0.146034 0.132812 0.063221
15 0.479167 0.135697 0.064583 0.039663
15 0.388281 0.165024 0.154688 0.087740
15 0.496615 0.203365 0.148438 0.048077
15 0.264583 0.146514 0.103125 0.068029
15 0.125781 0.131490 0.154688 0.058654
15 0.183594 0.191587 0.127604 0.058173
15 0.304167 0.208173 0.102083 0.052404
15 0.262500 0.244111 0.138542 0.031490
15 0.114844 0.256130 0.154688 0.058894
15 0.653906 0.220673 0.158854 0.078846
15 0.717708 0.261418 0.104167 0.054567
15 0.797396 0.247236 0.083333 0.055048
15 0.909375 0.248918 0.128125 0.074279
15 0.948698 0.210938 0.100521 0.041106
15 0.947656 0.175120 0.104688 0.029567
15 0.537760 0.273678 0.118229 0.066106
15 0.413281 0.250120 0.127604 0.066106
15 0.310156 0.279928 0.143229 0.054567
15 0.422396 0.308293 0.111458 0.046394
15 0.633073 0.287260 0.071354 0.054327
15 0.918490 0.311899 0.160938 0.054087
15 0.835156 0.303005 0.074479 0.069952
15 0.752865 0.328486 0.092188 0.067548
15 0.682292 0.339303 0.142708 0.056490
15 0.162500 0.291106 0.165625 0.058173
15 0.071615 0.332452 0.076563 0.037019
15 0.157552 0.359736 0.109896 0.094471
15 0.291927 0.337861 0.138021 0.059375
15 0.527604 0.361659 0.214583 0.071394
15 0.057031 0.388462 0.088021 0.057692
15 0.063542 0.445192 0.101042 0.056250
15 0.177344 0.456130 0.123438 0.074760
15 0.295052 0.413822 0.128646 0.078606
15 0.371354 0.403966 0.103125 0.091587
15 0.438281 0.424399 0.079687 0.070913
15 0.537760 0.412861 0.111979 0.037740
15 0.650521 0.393990 0.097917 0.053365
15 0.731250 0.389303 0.082292 0.047356
15 0.843490 0.413221 0.113021 0.053846
15 0.942969 0.401322 0.102604 0.070913
15 0.946354 0.449880 0.102083 0.049760
15 0.860156 0.361659 0.174479 0.049760
15 0.563802 0.444471 0.104688 0.032692
15 0.687500 0.449279 0.138542 0.072115
15 0.834115 0.458293 0.131771 0.070433
15 0.313281 0.467067 0.126562 0.037981
15 0.960417 0.509135 0.079167 0.066827
15 0.036458 0.083413 0.071875 0.060096
15 0.053125 0.160216 0.105208 0.076683
15 0.046094 0.219832 0.091146 0.063221
15 0.028646 0.285216 0.056250 0.047356
15 0.017448 0.337260 0.033854 0.043269
15 0.040365 0.485457 0.068229 0.042548
15 0.102344 0.519952 0.107813 0.073077
15 0.024740 0.539303 0.048438 0.058413
15 0.240365 0.500120 0.126562 0.031971
15 0.383333 0.500120 0.144792 0.073317
15 0.505990 0.502764 0.100521 0.054087
15 0.605729 0.493389 0.157292 0.069471
15 0.683073 0.523317 0.077604 0.044231
15 0.450521 0.548558 0.059375 0.033173
15 0.206510 0.549399 0.126562 0.078606
15 0.118490 0.577885 0.080729 0.046154
15 0.330990 0.573798 0.111979 0.073077
15 0.419010 0.596274 0.071354 0.054567
15 0.235156 0.602644 0.128646 0.040865
15 0.764844 0.496034 0.118229 0.056490
15 0.872135 0.514303 0.107813 0.043029
15 0.773177 0.542308 0.120313 0.041827
15 0.884896 0.562380 0.165625 0.051683
15 0.971094 0.587981 0.057813 0.042788
15 0.677604 0.609736 0.140625 0.072837
15 0.752083 0.624399 0.122917 0.057452
15 0.624479 0.560337 0.132292 0.057692
15 0.519271 0.581130 0.111458 0.099279
15 0.598177 0.611659 0.050521 0.027163
15 0.081771 0.607812 0.156250 0.057933
15 0.257292 0.650000 0.130208 0.052885
15 0.371875 0.639543 0.137500 0.056971
15 0.550000 0.661899 0.205208 0.055048
15 0.880208 0.617188 0.115625 0.068510
15 0.948698 0.649880 0.102604 0.075721
15 0.907552 0.675721 0.039062 0.020673
15 0.816146 0.668149 0.138542 0.038702
15 0.195573 0.677163 0.118229 0.054808
15 0.070833 0.655409 0.127083 0.062740
15 0.025521 0.713341 0.050000 0.081971
15 0.111979 0.715625 0.107292 0.052404
15 0.360417 0.686659 0.095833 0.041106
15 0.462760 0.690625 0.082812 0.037019
15 0.248438 0.741106 0.142708 0.084135
15 0.134635 0.771034 0.085938 0.066587
15 0.661458 0.685817 0.168750 0.052885
15 0.534115 0.729688 0.080729 0.065625
15 0.483333 0.759495 0.057292 0.028125
15 0.404427 0.740745 0.115104 0.075721
15 0.322135 0.787380 0.107813 0.063221
15 0.233854 0.802163 0.095833 0.036538
15 0.433594 0.798558 0.097396 0.050000
15 0.830469 0.759255 0.161979 0.076683
15 0.961719 0.706731 0.076563 0.037019
15 0.925000 0.721154 0.138542 0.060096
15 0.769010 0.719591 0.148438 0.054087
15 0.647396 0.736538 0.114583 0.046635
15 0.621354 0.786418 0.093750 0.044471
15 0.525000 0.781490 0.069792 0.028365
15 0.057031 0.798317 0.105729 0.085577
15 0.162240 0.832212 0.122396 0.054327
15 0.028385 0.851923 0.055729 0.038942
15 0.286719 0.864423 0.126562 0.067308
15 0.405729 0.857692 0.101042 0.056250
15 0.157031 0.891827 0.138021 0.058654
15 0.046875 0.887981 0.092708 0.059135
15 0.534375 0.831731 0.121875 0.079808
15 0.465365 0.847596 0.042188 0.055769
15 0.702083 0.803726 0.132292 0.074760
15 0.841667 0.810817 0.142708 0.053846
15 0.952604 0.792308 0.088542 0.060096
15 0.984115 0.812620 0.031771 0.054567
15 0.841406 0.862981 0.122396 0.059135
15 0.953125 0.869952 0.093750 0.064423
15 0.917708 0.918269 0.164583 0.047115
15 0.792448 0.912500 0.074479 0.040865
15 0.714844 0.892788 0.156771 0.061538
15 0.676823 0.853245 0.154688 0.032933
15 0.548438 0.894712 0.158333 0.053365
15 0.403125 0.915264 0.161458 0.063221
15 0.081510 0.946875 0.161979 0.070192
15 0.020573 0.987620 0.040104 0.024760
15 0.188542 0.965865 0.075000 0.068269
15 0.263542 0.985938 0.097917 0.028125
15 0.254948 0.943990 0.093229 0.055769
15 0.342708 0.940505 0.157292 0.066106
15 0.379167 0.990024 0.117708 0.019952
15 0.541667 0.972476 0.144792 0.055048
15 0.569531 0.938221 0.090104 0.042788
15 0.644010 0.920192 0.092188 0.058173
15 0.669271 0.967548 0.097917 0.064904
15 0.799740 0.968750 0.180729 0.062500
15 0.910677 0.973558 0.105729 0.052885
15 0.979167 0.956971 0.041667 0.029808
