15 0.944792 0.025721 0.110417 0.043750
15 0.864844 0.064423 0.046354 0.062019
15 0.917448 0.081971 0.102604 0.075481
15 0.980469 0.102163 0.039062 0.040865
15 0.934375 0.124279 0.052083 0.027404
15 0.866667 0.126562 0.051042 0.049279
15 0.819271 0.078005 0.068750 0.034856
15 0.768490 0.115024 0.131771 0.056971
15 0.721354 0.058774 0.148958 0.067067
15 0.830469 0.031130 0.091146 0.056971
15 0.726042 0.015024 0.090625 0.029567
15 0.640104 0.050000 0.107292 0.060577
15 0.625781 0.010216 0.114062 0.019952
15 0.552865 0.050361 0.061979 0.085337
15 0.489844 0.048438 0.097396 0.080048
15 0.405469 0.042668 0.128646 0.060337
15 0.373958 0.011779 0.060417 0.023077
15 0.297917 0.025481 0.121875 0.050481
15 0.507031 0.005769 0.046354 0.011058
15 0.429688 0.006731 0.052083 0.012981
15 0.512240 0.110337 0.109896 0.048558
15 0.396615 0.099639 0.116146 0.056010
15 0.284375 0.071875 0.113542 0.043750
15 0.197396 0.048798 0.101042 0.060577
15 0.176563 0.005769 0.060417 0.011058
15 0.085938 0.029447 0.120833 0.056490
15 0.009896 0.017428 0.018750 0.033413
15 0.020573 0.065385 0.040104 0.061538
15 0.095312 0.089183 0.113542 0.056731
15 0.224740 0.105288 0.125521 0.065385
15 0.140625 0.134255 0.078125 0.046875
15 0.226562 0.152885 0.066667 0.033654
15 0.348698 0.117909 0.080729 0.038702
15 0.579167 0.147115 0.094792 0.041346
15 0.689323 0.153005 0.113021 0.046875
15 0.660417 0.113341 0.066667 0.028606
15 0.945833 0.169471 0.087500 0.084615
15 0.846615 0.186659 0.101562 0.063221
15 0.744271 0.207933 0.151042 0.060096
15 0.618229 0.199639 0.090625 0.068990
15 0.502865 0.179447 0.125521 0.103125
15 0.422135 0.152524 0.035937 0.034375
15 0.345833 0.157572 0.130208 0.070913
15 0.289062 0.198317 0.104167 0.053846
15 0.167187 0.182212 0.164583 0.059615
15 0.142969 0.231731 0.149479 0.043750
15 0.047396 0.166466 0.093750 0.074760
15 0.051042 0.231130 0.101042 0.055048
15 0.251563 0.253005 0.100000 0.046875
15 0.360156 0.227043 0.167187 0.055529
15 0.461979 0.266346 0.082292 0.064423
15 0.560937 0.258413 0.125000 0.047596
15 0.652865 0.276803 0.114062 0.062740
15 0.349479 0.270192 0.107292 0.034135
15 0.385156 0.312981 0.123438 0.063942
15 0.273698 0.316587 0.128646 0.076442
15 0.149740 0.277524 0.114062 0.047356
15 0.122656 0.298678 0.174479 0.063221
15 0.019531 0.287740 0.038021 0.059615
15 0.733073 0.267548 0.052604 0.033173
15 0.818750 0.254327 0.179167 0.065865
15 0.957812 0.253125 0.084375 0.069712
15 0.921875 0.291346 0.104167 0.050000
15 0.981771 0.312380 0.036458 0.039183
15 0.802344 0.307332 0.143229 0.041587
15 0.677083 0.323317 0.095833 0.048077
15 0.528385 0.312740 0.179688 0.052404
15 0.075260 0.345793 0.113021 0.058894
15 0.022135 0.362139 0.043229 0.051202
15 0.175781 0.378245 0.163021 0.057933
15 0.236979 0.360577 0.145833 0.054327
15 0.417187 0.375481 0.155208 0.053846
15 0.491146 0.352284 0.121875 0.039183
15 0.622656 0.366947 0.129688 0.061779
15 0.712240 0.391587 0.119271 0.037981
15 0.746354 0.356250 0.133333 0.069712
15 0.854167 0.349399 0.100000 0.065144
15 0.931510 0.361058 0.136979 0.062019
15 0.972917 0.403365 0.054167 0.050000
15 0.857031 0.404207 0.149479 0.043990
15 0.958594 0.450841 0.082812 0.041106
15 0.705469 0.431611 0.136979 0.051202
15 0.573698 0.407692 0.135937 0.058654
15 0.533854 0.443510 0.105208 0.065865
15 0.402344 0.407332 0.141146 0.057933
15 0.306771 0.417909 0.109375 0.058894
15 0.174740 0.414663 0.154688 0.037019
15 0.088802 0.453846 0.104688 0.080288
15 0.061458 0.462740 0.104167 0.065385
15 0.072917 0.392909 0.144792 0.035337
15 0.213281 0.450361 0.167187 0.044471
15 0.222656 0.482212 0.149479 0.025962
15 0.427865 0.459495 0.132812 0.051202
15 0.370052 0.478486 0.131771 0.059856
15 0.356250 0.499159 0.109375 0.041587
15 0.276823 0.513341 0.148438 0.052644
15 0.180729 0.524519 0.145833 0.050481
15 0.050260 0.523438 0.099479 0.039663
15 0.038021 0.493029 0.075000 0.037500
15 0.021615 0.552885 0.042188 0.057212
15 0.087240 0.563341 0.097396 0.040144
15 0.630208 0.493750 0.191667 0.043750
15 0.786719 0.491707 0.096354 0.057452
15 0.733073 0.491226 0.066146 0.068990
15 0.915625 0.500120 0.131250 0.060337
15 0.992708 0.487740 0.014583 0.021635
15 0.820833 0.538341 0.101042 0.051683
15 0.963021 0.547837 0.073958 0.054327
15 0.871615 0.579327 0.128646 0.051923
15 0.969271 0.587380 0.061458 0.028606
15 0.729427 0.554567 0.105729 0.061538
15 0.585677 0.530409 0.116146 0.022356
15 0.471875 0.562260 0.113542 0.074519
15 0.389062 0.545312 0.120833 0.050721
15 0.244531 0.561298 0.173437 0.039904
15 0.354948 0.603005 0.125521 0.063221
15 0.221354 0.627284 0.157292 0.073798
15 0.189323 0.602163 0.149479 0.044231
15 0.059635 0.623077 0.118229 0.076923
15 0.080729 0.643750 0.093750 0.048558
15 0.071875 0.691707 0.141667 0.045913
15 0.176563 0.666466 0.145833 0.045913
15 0.320573 0.662260 0.120313 0.060577
15 0.258854 0.701562 0.145833 0.064183
15 0.191146 0.723678 0.118750 0.055529
15 0.067448 0.735096 0.127604 0.045673
15 0.010417 0.737019 0.019792 0.025481
15 0.017969 0.721394 0.034896 0.013462
15 0.132292 0.772476 0.091667 0.046875
15 0.391146 0.628966 0.094792 0.055048
15 0.487760 0.632091 0.131771 0.079087
15 0.452344 0.684135 0.118229 0.048558
15 0.592708 0.637260 0.102083 0.047596
15 0.591927 0.576923 0.164062 0.073077
15 0.690104 0.598197 0.078125 0.031010
15 0.803646 0.616827 0.133333 0.066827
15 0.935156 0.636058 0.124479 0.063942
15 0.829688 0.671034 0.162500 0.043029
15 0.684375 0.642428 0.135417 0.056010
15 0.645312 0.679087 0.139583 0.047115
15 0.769271 0.709856 0.103125 0.051923
15 0.844531 0.713221 0.167187 0.061058
15 0.951042 0.696154 0.097917 0.060096
15 0.981510 0.735697 0.036979 0.022837
15 0.937760 0.756731 0.124479 0.044231
15 0.824740 0.763101 0.131771 0.044952
15 0.698698 0.745553 0.150521 0.064183
15 0.548177 0.699159 0.084896 0.083413
15 0.400000 0.723678 0.186458 0.050721
15 0.459115 0.761298 0.126562 0.040865
15 0.399479 0.787260 0.072917 0.057212
15 0.280729 0.773317 0.161458 0.052404
15 0.331771 0.816587 0.120833 0.069712
15 0.261719 0.827764 0.081771 0.053606
15 0.174479 0.813582 0.125000 0.048317
15 0.065104 0.794471 0.067708 0.048077
15 0.031771 0.788221 0.061458 0.066827
15 0.007031 0.836178 0.013021 0.022837
15 0.149219 0.861538 0.093229 0.045673
15 0.051823 0.844712 0.098437 0.048558
15 0.037240 0.888462 0.073438 0.058654
15 0.103906 0.903606 0.118229 0.053846
15 0.220312 0.895793 0.117708 0.073317
15 0.328646 0.898558 0.172917 0.064904
15 0.468750 0.890385 0.095833 0.060096
15 0.470052 0.828846 0.142187 0.065865
15 0.574740 0.866346 0.121354 0.089423
15 0.659896 0.816587 0.112500 0.047115
15 0.583073 0.766947 0.105729 0.068990
15 0.759635 0.813462 0.154688 0.069712
15 0.948698 0.800240 0.102604 0.048077
15 0.886198 0.805649 0.089063 0.035817
15 0.967448 0.855889 0.065104 0.061779
15 0.877865 0.856130 0.116146 0.057452
15 0.773698 0.872596 0.105729 0.055288
15 0.667969 0.871995 0.102604 0.090625
15 0.981771 0.913462 0.036458 0.034135
15 0.924740 0.904447 0.115104 0.056971
15 0.839844 0.938822 0.096354 0.072356
15 0.942448 0.958534 0.115104 0.055048
15 0.979688 0.994712 0.040625 0.010577
15 0.821354 0.990625 0.083333 0.018750
15 0.748958 0.963702 0.100000 0.054808
15 0.703385 0.991466 0.089063 0.017067
15 0.629687 0.964663 0.132292 0.067308
15 0.537240 0.927644 0.140104 0.048558
15 0.456250 0.976923 0.114583 0.046154
15 0.387500 0.940625 0.134375 0.072115
15 0.298698 0.990264 0.113021 0.019471
15 0.185156 0.993029 0.071354 0.013942
15 0.220312 0.947957 0.181250 0.057452
15 0.080208 0.963101 0.096875 0.067548
15 0.025521 0.961178 0.050000 0.067548
