15 0.778625 0.088043 0.018250 0.044565
15 0.806125 0.128804 0.033250 0.064130
15 0.834375 0.127174 0.016750 0.021739
15 0.834125 0.152174 0.015250 0.027174
15 0.866375 0.202174 0.045750 0.083696
15 0.849250 0.235598 0.039500 0.045109
15 0.818625 0.178804 0.037250 0.055435
15 0.791500 0.194565 0.021000 0.035870
15 0.764500 0.142391 0.048000 0.058696
15 0.743875 0.169565 0.039750 0.032609
15 0.773625 0.208424 0.016750 0.046196
15 0.806250 0.225543 0.033000 0.042391
15 0.796750 0.275815 0.040000 0.088587
15 0.827500 0.274457 0.023500 0.043478
15 0.733250 0.203804 0.017000 0.032609
15 0.753875 0.224185 0.028250 0.071196
15 0.764375 0.279348 0.020750 0.075000
15 0.723875 0.252446 0.017250 0.023370
15 0.719375 0.233424 0.027750 0.023370
15 0.693875 0.263587 0.018750 0.038043
15 0.678000 0.217663 0.037500 0.041848
15 0.698125 0.181250 0.034750 0.053804
15 0.716500 0.135870 0.021000 0.058696
15 0.722500 0.112228 0.026500 0.038587
15 0.689625 0.136957 0.029750 0.036957
15 0.692875 0.079076 0.023250 0.036413
15 0.677000 0.090761 0.031000 0.041304
15 0.664875 0.111685 0.025750 0.036413
15 0.648625 0.070109 0.029250 0.022826
15 0.632750 0.088315 0.017500 0.019022
15 0.604625 0.088587 0.040250 0.081522
15 0.625125 0.116304 0.041250 0.033696
15 0.652250 0.131793 0.031000 0.042935
15 0.645125 0.150272 0.019750 0.024457
15 0.616125 0.147826 0.028750 0.035870
15 0.639125 0.180978 0.032750 0.022826
15 0.618000 0.195652 0.017500 0.052174
15 0.640125 0.204348 0.018250 0.033696
15 0.665625 0.194022 0.020250 0.033696
15 0.668500 0.255978 0.019000 0.032609
15 0.642000 0.243478 0.027000 0.066304
15 0.596250 0.192120 0.026500 0.067935
15 0.566250 0.156250 0.039000 0.036413
15 0.564750 0.121196 0.033000 0.043478
15 0.563500 0.079076 0.031500 0.039674
15 0.536750 0.096196 0.032000 0.042391
15 0.533750 0.059783 0.018000 0.042391
15 0.523750 0.140489 0.031000 0.066848
15 0.529125 0.193478 0.029250 0.034783
15 0.560125 0.189946 0.030250 0.039674
15 0.557375 0.220380 0.020750 0.034239
15 0.556625 0.254348 0.024250 0.038043
15 0.580250 0.253533 0.026500 0.054891
15 0.610500 0.260326 0.027000 0.055435
15 0.532500 0.226902 0.031500 0.059239
15 0.638125 0.284239 0.018250 0.029348
15 0.578000 0.214402 0.016500 0.020109
15 0.506000 0.247826 0.024000 0.031522
15 0.517125 0.291033 0.040750 0.062500
15 0.557500 0.293478 0.026000 0.039130
15 0.596125 0.295924 0.027250 0.033152
15 0.626375 0.318478 0.038250 0.065217
15 0.670875 0.300272 0.041750 0.044022
15 0.669750 0.329348 0.043500 0.051087
15 0.716750 0.323913 0.050500 0.071739
15 0.727500 0.294293 0.049500 0.062500
15 0.768625 0.347826 0.046250 0.046739
15 0.824625 0.330435 0.042250 0.053261
15 0.542250 0.332880 0.026500 0.036413
15 0.571875 0.332337 0.025250 0.042935
15 0.592625 0.345109 0.030750 0.046739
15 0.548500 0.384239 0.055500 0.056522
15 0.515000 0.357609 0.034500 0.054348
15 0.512375 0.420109 0.035250 0.051087
15 0.545125 0.440489 0.032250 0.069022
15 0.569875 0.446467 0.020750 0.054891
15 0.513750 0.476087 0.031500 0.056522
15 0.550250 0.502717 0.035500 0.046739
15 0.584750 0.523641 0.045000 0.088587
15 0.597250 0.454891 0.030000 0.045652
15 0.593125 0.396739 0.028250 0.071739
15 0.627375 0.371467 0.031250 0.037500
15 0.637250 0.408152 0.052000 0.050000
15 0.633625 0.448913 0.034250 0.060870
15 0.613750 0.487228 0.023000 0.046196
15 0.635625 0.513859 0.032250 0.054891
15 0.665750 0.476359 0.031000 0.055978
15 0.671625 0.441304 0.022750 0.028261
15 0.683000 0.401902 0.043000 0.028804
15 0.672250 0.364674 0.047000 0.045652
15 0.700000 0.460054 0.033500 0.082065
15 0.717125 0.414946 0.028250 0.099457
15 0.739375 0.386141 0.021750 0.060326
15 0.747750 0.436685 0.027000 0.054891
15 0.779125 0.393750 0.040250 0.050543
15 0.786625 0.467663 0.058250 0.112500
15 0.752875 0.494565 0.036250 0.061957
15 0.810875 0.459511 0.034750 0.077717
15 0.843125 0.454620 0.036750 0.101630
15 0.882750 0.468750 0.040000 0.086413
15 0.853750 0.392391 0.063000 0.050000
15 0.808625 0.377446 0.035250 0.075543
15 0.861250 0.353261 0.034500 0.039130
15 0.862375 0.317935 0.037250 0.055435
15 0.875375 0.270380 0.046750 0.055978
15 0.910500 0.275543 0.045500 0.056522
15 0.902125 0.335326 0.039250 0.064130
15 0.946750 0.318207 0.049500 0.085326
15 0.926750 0.387228 0.028000 0.064674
15 0.905625 0.388859 0.038750 0.052717
15 0.959375 0.389130 0.035750 0.081522
15 0.921875 0.469837 0.035250 0.088587
15 0.960125 0.482337 0.038250 0.052717
15 0.979750 0.433696 0.040000 0.086957
15 0.995125 0.519837 0.009750 0.057065
15 0.954625 0.547554 0.076250 0.099457
15 0.995125 0.597011 0.009750 0.028804
15 0.843500 0.541033 0.042500 0.064674
15 0.822750 0.567935 0.064500 0.115217
15 0.908500 0.636141 0.085000 0.099457
15 0.767375 0.556522 0.040250 0.056522
15 0.787375 0.603804 0.037250 0.051087
15 0.745250 0.593478 0.039000 0.053261
15 0.728500 0.537500 0.044500 0.054348
15 0.676250 0.532337 0.053000 0.069022
15 0.674250 0.623370 0.029000 0.133696
15 0.710375 0.616576 0.031750 0.110326
15 0.623375 0.628261 0.038750 0.114130
15 0.647500 0.650272 0.032000 0.077717
15 0.585125 0.603533 0.045750 0.057065
15 0.620625 0.558696 0.024750 0.030435
15 0.576500 0.674728 0.038500 0.072283
15 0.536625 0.617120 0.041750 0.073370
15 0.540375 0.560870 0.046750 0.058696
15 0.541000 0.741033 0.063500 0.088587
15 0.606250 0.777446 0.060000 0.111413
15 0.616250 0.709783 0.036500 0.052174
15 0.676000 0.745652 0.071000 0.079348
15 0.749375 0.721196 0.084750 0.078261
15 0.760000 0.665489 0.061500 0.086413
15 0.807375 0.656793 0.045750 0.071196
15 0.829125 0.739130 0.073750 0.086957
15 0.895250 0.739946 0.051000 0.122283
15 0.830375 0.824185 0.046250 0.104891
15 0.758875 0.773913 0.073250 0.108696
15 0.712000 0.781250 0.036000 0.063587
15 0.652625 0.841033 0.053750 0.102717
15 0.710875 0.854076 0.081750 0.086413
15 0.761375 0.858696 0.031250 0.090217
15 0.799125 0.868207 0.050250 0.075543
15 0.843500 0.923913 0.040500 0.077174
15 0.897125 0.915761 0.058250 0.123913
15 0.928625 0.839402 0.055750 0.105978
15 0.974375 0.697826 0.051250 0.110870
15 0.987125 0.775000 0.025750 0.094565
15 0.980875 0.876087 0.038250 0.114130
15 0.961750 0.947554 0.071000 0.104891
15 0.831500 0.982880 0.043000 0.033152
15 0.786625 0.943207 0.064250 0.105978
15 0.721625 0.952717 0.055250 0.072826
15 0.707875 0.976630 0.044250 0.046739
15 0.656250 0.941304 0.054500 0.081522
15 0.611750 0.905707 0.032500 0.100543
15 0.606750 0.987772 0.030500 0.024457
15 0.577000 0.923370 0.048000 0.113043
15 0.533875 0.982337 0.039250 0.035326
15 0.546375 0.874185 0.054750 0.145109
15 0.502375 0.842120 0.051250 0.122283
15 0.463750 0.947826 0.078000 0.104348
15 0.422000 0.901087 0.060500 0.148913
15 0.459375 0.822011 0.049250 0.079891
15 0.472000 0.741848 0.060500 0.088043
15 0.525750 0.693207 0.037500 0.076630
15 0.490250 0.655163 0.048500 0.090761
15 0.496875 0.594837 0.033750 0.036413
15 0.494250 0.536413 0.042000 0.081522
15 0.466375 0.487228 0.036750 0.063587
15 0.446625 0.559239 0.043750 0.085870
15 0.452375 0.665489 0.029250 0.103804
15 0.410625 0.704076 0.056250 0.094022
15 0.399375 0.823098 0.069750 0.170109
15 0.364500 0.956250 0.054500 0.087500
15 0.360875 0.800000 0.046250 0.097826
15 0.366625 0.692120 0.031750 0.111413
15 0.403625 0.554891 0.041250 0.084783
15 0.415625 0.623641 0.062750 0.061413
15 0.444125 0.481250 0.018750 0.061413
15 0.403625 0.455978 0.053250 0.083696
15 0.450000 0.413043 0.035000 0.082609
15 0.480125 0.427989 0.033250 0.058152
15 0.479250 0.362772 0.037500 0.071196
15 0.440125 0.356522 0.027750 0.048913
15 0.404750 0.386413 0.039000 0.047826
15 0.366125 0.398641 0.033750 0.060326
15 0.369250 0.337500 0.042500 0.048913
15 0.403375 0.314402 0.027250 0.076630
15 0.430250 0.304076 0.021000 0.040761
15 0.463000 0.304620 0.046500 0.055978
15 0.495750 0.315217 0.021000 0.040217
15 0.479125 0.261685 0.020750 0.041848
15 0.446625 0.258424 0.039750 0.040761
15 0.410125 0.265217 0.024250 0.036957
15 0.384250 0.265489 0.029000 0.067935
15 0.358125 0.257337 0.035250 0.064674
15 0.402625 0.220380 0.040750 0.052717
15 0.445000 0.224457 0.034500 0.040217
15 0.462750 0.205978 0.030500 0.063043
15 0.498750 0.204076 0.025500 0.065761
15 0.474125 0.192663 0.018750 0.041848
15 0.501500 0.141576 0.028500 0.042935
15 0.506125 0.074728 0.033750 0.062500
15 0.480500 0.110870 0.032500 0.053261
15 0.467250 0.160598 0.036500 0.027717
15 0.458375 0.120652 0.029750 0.043478
15 0.457750 0.077446 0.025000 0.037500
15 0.425500 0.072554 0.042000 0.058152
15 0.409750 0.150000 0.043000 0.041304
15 0.430375 0.176087 0.033750 0.065217
15 0.370125 0.206250 0.031250 0.046196
15 0.376875 0.165217 0.022750 0.048913
15 0.346125 0.150815 0.031250 0.051630
15 0.334375 0.203804 0.042250 0.066304
15 0.379250 0.112500 0.014000 0.047826
15 0.360000 0.104076 0.030000 0.053804
15 0.378250 0.052446 0.027500 0.059239
15 0.346875 0.042935 0.025750 0.058696
15 0.320375 0.115217 0.023750 0.058696
15 0.340125 0.089130 0.022250 0.035870
15 0.322125 0.060598 0.024750 0.038587
15 0.297000 0.070652 0.026500 0.040217
15 0.303500 0.119837 0.030500 0.050543
15 0.314375 0.158424 0.029250 0.035326
15 0.298000 0.185326 0.023500 0.042391
15 0.308875 0.238043 0.034750 0.026087
15 0.330625 0.293478 0.022250 0.051087
15 0.317125 0.341848 0.044250 0.044565
15 0.303625 0.309511 0.032750 0.052717
15 0.304625 0.266576 0.038250 0.038587
15 0.266500 0.272011 0.031000 0.035326
15 0.270250 0.315761 0.038000 0.052174
15 0.280250 0.087500 0.027000 0.042391
15 0.273625 0.136141 0.026250 0.059239
15 0.262875 0.204891 0.046750 0.070652
15 0.232500 0.294565 0.033000 0.067391
15 0.236875 0.349185 0.042750 0.063587
15 0.199125 0.292935 0.039750 0.046739
15 0.258125 0.056793 0.034250 0.044022
15 0.245125 0.117120 0.019750 0.024457
15 0.242125 0.148913 0.040750 0.035870
15 0.231000 0.186957 0.031000 0.033696
15 0.221000 0.227446 0.029500 0.064674
15 0.184375 0.224185 0.024750 0.062500
15 0.167250 0.194565 0.024500 0.059783
15 0.200875 0.162500 0.041750 0.035870
15 0.216125 0.118750 0.028250 0.046196
15 0.229250 0.056793 0.023500 0.044022
15 0.230625 0.096196 0.017250 0.032609
15 0.181125 0.092391 0.035250 0.067391
15 0.202625 0.064402 0.033750 0.046196
15 0.162000 0.146739 0.026500 0.041304
15 0.150500 0.089674 0.030000 0.051087
15 0.131500 0.149457 0.039500 0.053261
15 0.130250 0.196467 0.052500 0.047283
15 0.135125 0.240217 0.038750 0.053261
15 0.096125 0.241848 0.036250 0.052174
15 0.132875 0.286413 0.057750 0.046739
15 0.178000 0.320109 0.034000 0.040217
15 0.136125 0.314946 0.040750 0.067935
15 0.085625 0.345380 0.043750 0.079891
15 0.187500 0.372011 0.056500 0.059239
15 0.140500 0.399728 0.037500 0.097283
15 0.096625 0.443478 0.042750 0.090217
15 0.178625 0.432065 0.058750 0.056522
15 0.191500 0.467663 0.049000 0.060326
15 0.231750 0.446196 0.027500 0.058696
15 0.261250 0.392935 0.063500 0.091304
15 0.315625 0.439946 0.039750 0.076630
15 0.334375 0.386685 0.031750 0.072283
15 0.279875 0.460054 0.034750 0.063587
15 0.242000 0.503261 0.041500 0.065217
15 0.194000 0.536413 0.044000 0.082609
15 0.151500 0.508152 0.040500 0.069565
15 0.143250 0.551087 0.054500 0.120652
15 0.106125 0.541576 0.035250 0.080978
15 0.373375 0.498913 0.033750 0.056522
15 0.351625 0.522554 0.046750 0.095109
15 0.355250 0.605163 0.051500 0.082065
15 0.309250 0.588315 0.024500 0.109239
15 0.303625 0.502989 0.048750 0.054891
15 0.275750 0.570652 0.030500 0.108696
15 0.244500 0.625000 0.044500 0.090217
15 0.270500 0.675815 0.055000 0.105978
15 0.228000 0.567120 0.052000 0.089674
15 0.313500 0.695652 0.058000 0.104348
15 0.185500 0.641033 0.070500 0.090761
15 0.155125 0.685598 0.047750 0.092935
15 0.114875 0.696467 0.049250 0.102717
15 0.105375 0.609239 0.073250 0.064130
15 0.030750 0.527174 0.061000 0.067391
15 0.036000 0.595924 0.069500 0.076630
15 0.053375 0.635598 0.051250 0.101630
15 0.020000 0.684239 0.039500 0.083696
15 0.056375 0.735598 0.060250 0.077717
15 0.071625 0.814130 0.069750 0.132609
15 0.017125 0.802989 0.033750 0.125543
15 0.100500 0.886685 0.051500 0.173370
15 0.151375 0.782337 0.084750 0.077717
15 0.223875 0.755163 0.050250 0.100543
15 0.165750 0.877989 0.074500 0.111413
15 0.054625 0.966304 0.088750 0.067391
15 0.212625 0.961141 0.089750 0.074457
15 0.248250 0.892120 0.080000 0.117935
15 0.322500 0.878533 0.071000 0.086413
15 0.297250 0.956793 0.069500 0.066848
15 0.310625 0.801630 0.044750 0.071739
15 0.261625 0.780435 0.062750 0.110870
