15 0.799250 0.159783 0.031000 0.045652
15 0.785000 0.183696 0.024500 0.055435
15 0.763875 0.158696 0.028250 0.036957
15 0.763125 0.205435 0.024250 0.054348
15 0.742000 0.209783 0.032000 0.039130
15 0.718750 0.192391 0.044000 0.046739
15 0.767500 0.137500 0.026000 0.019565
15 0.775625 0.117120 0.032250 0.034239
15 0.731125 0.145924 0.028750 0.051630
15 0.699875 0.140217 0.029250 0.047826
15 0.678250 0.146739 0.020000 0.038043
15 0.678875 0.186413 0.031250 0.036957
15 0.668000 0.205978 0.034000 0.028261
15 0.658500 0.163315 0.015000 0.042935
15 0.747750 0.106522 0.021500 0.042391
15 0.730125 0.104891 0.018750 0.051087
15 0.726750 0.082337 0.030000 0.042935
15 0.706750 0.066033 0.018500 0.027717
15 0.699875 0.097554 0.021250 0.040761
15 0.673750 0.114674 0.024000 0.045652
15 0.672000 0.077989 0.029500 0.037500
15 0.646000 0.114946 0.026500 0.038587
15 0.636875 0.145380 0.019250 0.044022
15 0.655250 0.235598 0.030000 0.062500
15 0.630125 0.193750 0.019250 0.050543
15 0.647500 0.077989 0.019500 0.033152
15 0.641750 0.035054 0.028500 0.053804
15 0.611250 0.156793 0.019500 0.044022
15 0.592375 0.182337 0.021750 0.038587
15 0.606375 0.224457 0.024250 0.056522
15 0.628375 0.087500 0.018750 0.020652
15 0.629250 0.065761 0.014500 0.020652
15 0.616375 0.045109 0.020750 0.043478
15 0.599250 0.084511 0.016000 0.059239
15 0.611375 0.082065 0.009750 0.044565
15 0.619250 0.125815 0.015000 0.022283
15 0.589375 0.133967 0.032750 0.042935
15 0.569875 0.161141 0.024250 0.048370
15 0.576250 0.113859 0.021000 0.017935
15 0.563250 0.081522 0.020000 0.051087
15 0.549750 0.111957 0.027500 0.025000
15 0.541000 0.133967 0.024500 0.027717
15 0.552750 0.141848 0.022000 0.026087
15 0.548000 0.176087 0.025500 0.030435
15 0.580500 0.057880 0.018500 0.029891
15 0.591375 0.032337 0.029750 0.034239
15 0.545875 0.067935 0.016250 0.043478
15 0.566000 0.213587 0.026000 0.047826
15 0.542500 0.207609 0.016500 0.040217
15 0.516875 0.188587 0.030250 0.027174
15 0.517875 0.152446 0.024250 0.028804
15 0.519750 0.116848 0.024500 0.034783
15 0.532500 0.097011 0.016000 0.026630
15 0.496625 0.165489 0.027250 0.030978
15 0.483500 0.147011 0.024000 0.032065
15 0.480500 0.122826 0.022000 0.026087
15 0.457625 0.138315 0.020250 0.027717
15 0.464500 0.171196 0.020000 0.046739
15 0.486750 0.193207 0.018500 0.019022
15 0.473250 0.220652 0.022000 0.046739
15 0.495000 0.230978 0.024000 0.030435
15 0.524875 0.223098 0.025750 0.045109
15 0.555375 0.249728 0.025750 0.040761
15 0.501875 0.212228 0.016750 0.015761
15 0.498875 0.264130 0.032750 0.050000
15 0.469375 0.273370 0.027750 0.051087
15 0.440750 0.261141 0.029500 0.038587
15 0.446000 0.220924 0.024500 0.037500
15 0.424500 0.239402 0.022500 0.037500
15 0.446500 0.195380 0.028500 0.027717
15 0.442000 0.170380 0.017500 0.020109
15 0.420125 0.212500 0.023750 0.042391
15 0.428375 0.164674 0.020250 0.048913
15 0.423250 0.132609 0.034000 0.040217
15 0.417875 0.109239 0.026750 0.040217
15 0.387500 0.140761 0.037000 0.053261
15 0.393875 0.186685 0.026250 0.047283
15 0.407500 0.163859 0.014000 0.017935
15 0.385250 0.231793 0.033500 0.049457
15 0.368625 0.193750 0.021750 0.039674
15 0.357375 0.145109 0.023250 0.040217
15 0.337125 0.158696 0.037750 0.048913
15 0.346875 0.213315 0.018750 0.050543
15 0.322125 0.216576 0.033250 0.053804
15 0.314250 0.255163 0.030000 0.037500
15 0.296375 0.221196 0.027750 0.044565
15 0.290250 0.178261 0.026000 0.047826
15 0.318250 0.176630 0.025000 0.030435
15 0.296500 0.135870 0.018500 0.039130
15 0.274000 0.152717 0.027500 0.046739
15 0.260625 0.123370 0.027250 0.029348
15 0.240625 0.138587 0.018750 0.029348
15 0.226125 0.162772 0.048250 0.032065
15 0.223375 0.185598 0.021750 0.025543
15 0.259250 0.202717 0.045000 0.036957
15 0.259375 0.237500 0.039750 0.044565
15 0.230375 0.248098 0.022250 0.041848
15 0.213000 0.275272 0.028000 0.048370
15 0.251125 0.281250 0.026250 0.039674
15 0.211125 0.209239 0.039750 0.033696
15 0.192125 0.245380 0.035750 0.038587
15 0.161875 0.231793 0.037250 0.022283
15 0.142500 0.198098 0.032000 0.051630
15 0.164750 0.188315 0.026000 0.046196
15 0.180750 0.144022 0.023500 0.056522
15 0.192750 0.198641 0.028500 0.040761
15 0.145125 0.270109 0.025750 0.051087
15 0.170250 0.289130 0.039000 0.063043
15 0.132500 0.336141 0.045000 0.063587
15 0.228375 0.330978 0.046750 0.064130
15 0.283375 0.297283 0.041750 0.041304
15 0.335000 0.299185 0.038500 0.036413
15 0.269875 0.351359 0.046250 0.053804
15 0.315375 0.334239 0.040250 0.063043
15 0.203375 0.442391 0.039250 0.072826
15 0.229000 0.464674 0.045000 0.066304
15 0.298125 0.441304 0.031750 0.043478
15 0.287500 0.394293 0.046000 0.054891
15 0.352625 0.337772 0.040750 0.047283
15 0.338875 0.375272 0.048750 0.040761
15 0.326000 0.406793 0.038000 0.029891
15 0.365625 0.405163 0.029750 0.038587
15 0.382875 0.357880 0.020250 0.050543
15 0.394250 0.398913 0.024500 0.051087
15 0.350500 0.429076 0.036000 0.033152
15 0.348125 0.475543 0.050750 0.071739
15 0.340875 0.505707 0.029250 0.051630
15 0.307875 0.511413 0.032750 0.061957
15 0.258875 0.532609 0.047750 0.058696
15 0.213375 0.522826 0.047250 0.071739
15 0.221125 0.608696 0.058750 0.083696
15 0.391125 0.461957 0.038750 0.077174
15 0.427125 0.470924 0.026250 0.062500
15 0.421375 0.408696 0.028750 0.048913
15 0.418125 0.366304 0.046750 0.043478
15 0.412375 0.334239 0.032750 0.033696
15 0.437000 0.316848 0.028500 0.061957
15 0.446750 0.425543 0.023500 0.051087
15 0.428625 0.544293 0.023750 0.086413
15 0.360875 0.623370 0.045250 0.084783
15 0.343750 0.574728 0.053500 0.086413
15 0.278625 0.697554 0.053750 0.130978
15 0.227125 0.683424 0.047250 0.092935
15 0.176875 0.724185 0.055750 0.087500
15 0.222125 0.782609 0.051250 0.107609
15 0.105875 0.743207 0.061250 0.119022
15 0.140250 0.854891 0.073000 0.094565
15 0.259625 0.876630 0.058250 0.119565
15 0.194625 0.964402 0.077250 0.071196
15 0.104750 0.950815 0.083000 0.098370
15 0.033375 0.976630 0.047750 0.046739
15 0.289625 0.967391 0.078750 0.065217
15 0.308375 0.884511 0.064750 0.110326
15 0.358750 0.901359 0.071500 0.104891
15 0.424500 0.897011 0.060000 0.109239
15 0.473375 0.957609 0.061750 0.084783
15 0.488000 0.848641 0.061000 0.115761
15 0.448250 0.774457 0.053000 0.116304
15 0.391250 0.800272 0.053500 0.096196
15 0.377625 0.725272 0.067250 0.072283
15 0.412375 0.623913 0.035250 0.082609
15 0.457125 0.638315 0.043750 0.069022
15 0.467125 0.697554 0.049250 0.069022
15 0.503375 0.673370 0.043750 0.046739
15 0.518250 0.744293 0.057000 0.099457
15 0.541125 0.823370 0.036750 0.069565
15 0.581000 0.868750 0.053000 0.155978
15 0.572000 0.750815 0.037500 0.071196
15 0.561000 0.687500 0.032000 0.066304
15 0.601125 0.717935 0.050250 0.072826
15 0.524250 0.633152 0.045000 0.073913
15 0.489250 0.586413 0.045000 0.073913
15 0.495375 0.533424 0.036250 0.046196
15 0.463125 0.530978 0.034250 0.083696
15 0.475125 0.442663 0.033250 0.083152
15 0.514125 0.492935 0.049250 0.066304
15 0.513000 0.441033 0.030000 0.051630
15 0.508250 0.402989 0.023500 0.046196
15 0.456375 0.386957 0.029250 0.031522
15 0.483625 0.393750 0.022250 0.033152
15 0.460250 0.361685 0.034000 0.032065
15 0.495750 0.350272 0.034500 0.039674
15 0.529375 0.370652 0.027250 0.063043
15 0.495750 0.316576 0.023000 0.026630
15 0.481875 0.297826 0.043750 0.031522
15 0.520875 0.306250 0.035250 0.055978
15 0.541000 0.289674 0.025000 0.052174
15 0.555125 0.361413 0.023250 0.078261
15 0.544500 0.430163 0.028500 0.042935
15 0.583750 0.348370 0.025000 0.065217
15 0.572250 0.303261 0.038000 0.031522
15 0.596625 0.294293 0.027750 0.039674
15 0.605125 0.385870 0.035250 0.065217
15 0.608000 0.434511 0.030000 0.036413
15 0.560375 0.459783 0.055250 0.033696
15 0.565000 0.488043 0.036500 0.043478
15 0.546000 0.552717 0.060500 0.073913
15 0.602125 0.479348 0.044250 0.060870
15 0.634625 0.476359 0.032250 0.062500
15 0.630625 0.400272 0.027750 0.046196
15 0.625000 0.336141 0.037000 0.066848
15 0.602500 0.539402 0.044000 0.075543
15 0.563750 0.606793 0.033500 0.073370
15 0.604000 0.604076 0.033500 0.075543
15 0.633625 0.584511 0.027750 0.037500
15 0.630375 0.795109 0.060750 0.116304
15 0.679500 0.733696 0.052500 0.090217
15 0.646750 0.683152 0.048000 0.076087
15 0.631250 0.645380 0.033500 0.059239
15 0.662500 0.609511 0.040000 0.046196
15 0.687500 0.645380 0.030000 0.082065
15 0.724250 0.676902 0.045500 0.097283
15 0.684625 0.838859 0.064250 0.112500
15 0.635500 0.956250 0.077500 0.087500
15 0.775375 0.808696 0.069750 0.128261
15 0.819250 0.901359 0.058500 0.110326
15 0.813750 0.787500 0.052000 0.120652
15 0.885625 0.793478 0.068250 0.105435
15 0.918375 0.903804 0.072750 0.110870
15 0.855750 0.654076 0.064500 0.107065
15 0.785000 0.668750 0.054500 0.085326
15 0.779750 0.611413 0.051000 0.048913
15 0.725125 0.604891 0.045750 0.066304
15 0.676375 0.558152 0.041250 0.053261
15 0.727375 0.545109 0.037250 0.056522
15 0.773500 0.553261 0.050500 0.065217
15 0.697125 0.501087 0.038250 0.063043
15 0.724125 0.488859 0.030750 0.057065
15 0.665125 0.489402 0.031250 0.067935
15 0.819250 0.466576 0.037500 0.071196
15 0.917750 0.446196 0.071000 0.069565
15 0.910625 0.397011 0.042250 0.049457
15 0.876000 0.370924 0.040500 0.065761
15 0.837625 0.411141 0.033250 0.078804
15 0.795625 0.408424 0.051750 0.041848
15 0.782125 0.454076 0.035750 0.048370
15 0.748500 0.412228 0.038500 0.069022
15 0.725500 0.447011 0.040500 0.050543
15 0.666625 0.425272 0.034250 0.062500
15 0.686625 0.409239 0.030250 0.054348
15 0.712000 0.386141 0.030500 0.049457
15 0.672125 0.358696 0.044250 0.041304
15 0.659125 0.327446 0.032750 0.057065
15 0.690875 0.309783 0.031250 0.050000
15 0.722125 0.307609 0.033750 0.042391
15 0.643250 0.297826 0.027000 0.033696
15 0.743875 0.338315 0.034250 0.035326
15 0.725750 0.353533 0.047000 0.037500
15 0.779875 0.364402 0.052250 0.039674
15 0.838375 0.350543 0.031750 0.039130
15 0.864750 0.326630 0.021500 0.036957
15 0.863750 0.293750 0.042500 0.041848
15 0.824125 0.310598 0.055250 0.040761
15 0.783625 0.322011 0.024250 0.045109
15 0.751375 0.291033 0.043250 0.057065
15 0.776000 0.262228 0.037500 0.033152
15 0.805500 0.281250 0.025500 0.016848
15 0.828625 0.253804 0.052250 0.059783
