15 0.188462 0.101042 0.047596 0.105208
15 0.255649 0.092448 0.056490 0.081771
15 0.343389 0.151823 0.043990 0.100521
15 0.361659 0.201823 0.036779 0.098437
15 0.380889 0.242188 0.043990 0.114583
15 0.274880 0.278646 0.040625 0.073958
15 0.314543 0.365365 0.051202 0.085938
15 0.274880 0.422396 0.060817 0.082292
15 0.316466 0.477865 0.033894 0.107813
15 0.332452 0.545833 0.048077 0.062500
15 0.366947 0.506250 0.033413 0.082292
15 0.368990 0.591667 0.034615 0.104167
15 0.407091 0.115885 0.052163 0.083854
15 0.468750 0.113281 0.057212 0.077604
15 0.552885 0.183854 0.038942 0.102083
15 0.579808 0.119271 0.040385 0.065625
15 0.581971 0.228906 0.028846 0.109896
15 0.706370 0.198698 0.039183 0.110937
15 0.726322 0.313802 0.032452 0.111979
15 0.675361 0.335417 0.031971 0.051042
15 0.615385 0.313021 0.048558 0.063542
15 0.563822 0.341927 0.060817 0.055729
15 0.499159 0.345573 0.039663 0.059896
15 0.492308 0.424219 0.025962 0.088021
15 0.472115 0.448958 0.036058 0.094792
15 0.444111 0.475521 0.032452 0.076042
15 0.468269 0.521615 0.036538 0.070312
15 0.525000 0.402604 0.037019 0.069792
15 0.520312 0.477344 0.039183 0.072396
15 0.553966 0.460156 0.031490 0.088021
15 0.575601 0.401302 0.053606 0.056771
15 0.610337 0.392188 0.033654 0.092708
15 0.647957 0.407031 0.036779 0.142187
15 0.669952 0.452865 0.034615 0.098437
15 0.666466 0.497656 0.044471 0.049479
15 0.692788 0.406510 0.047596 0.096354
15 0.736538 0.510417 0.047596 0.077083
15 0.749279 0.425521 0.058173 0.096875
15 0.745553 0.591667 0.054087 0.083333
15 0.681130 0.560417 0.046394 0.080208
15 0.628606 0.494792 0.041827 0.109375
15 0.587740 0.475521 0.041346 0.091667
15 0.559375 0.561198 0.025481 0.124479
15 0.603606 0.558333 0.053365 0.078125
15 0.477885 0.596615 0.048558 0.084896
15 0.455649 0.628906 0.050240 0.083854
15 0.298678 0.578646 0.040144 0.103125
15 0.252764 0.706510 0.039183 0.102604
15 0.286178 0.707292 0.044471 0.088542
15 0.327644 0.799740 0.056250 0.058854
15 0.387019 0.797135 0.064423 0.069271
15 0.467187 0.708333 0.030048 0.079167
15 0.500962 0.725521 0.043269 0.090625
15 0.530889 0.648698 0.046875 0.082812
15 0.535937 0.725260 0.037260 0.085938
15 0.570312 0.700781 0.051683 0.098437
15 0.602764 0.660677 0.043510 0.118229
15 0.612380 0.741667 0.039663 0.073958
15 0.640625 0.695312 0.030288 0.103125
15 0.692187 0.672656 0.031010 0.086979
15 0.741587 0.654687 0.057692 0.081250
15 0.738101 0.734375 0.052644 0.097917
15 0.690745 0.752344 0.032452 0.068229
15 0.654567 0.763802 0.037981 0.076563
15 0.646995 0.816406 0.031490 0.067187
15 0.621755 0.819792 0.027163 0.107292
15 0.581971 0.783594 0.037019 0.077604
15 0.552644 0.805729 0.027885 0.090625
15 0.525120 0.813281 0.037740 0.097396
15 0.470553 0.804167 0.065144 0.103125
15 0.435577 0.858073 0.035096 0.109896
15 0.281370 0.829427 0.056971 0.070312
15 0.278846 0.891667 0.052885 0.061458
15 0.331490 0.881250 0.042308 0.090625
15 0.516707 0.879948 0.038702 0.125521
15 0.551082 0.900781 0.031971 0.088021
15 0.584495 0.878646 0.031971 0.066667
15 0.596154 0.829948 0.042788 0.082812
15 0.607812 0.909115 0.046875 0.075521
15 0.650601 0.876042 0.037740 0.040625
15 0.647957 0.928385 0.049279 0.080729
15 0.676202 0.853646 0.026923 0.087500
15 0.705769 0.813021 0.041346 0.089583
15 0.784856 0.668750 0.050000 0.090625
15 0.803365 0.577604 0.056250 0.088542
15 0.804688 0.644792 0.025240 0.045833
15 0.836779 0.615365 0.053365 0.098437
15 0.849159 0.560156 0.047356 0.091146
15 0.780288 0.509896 0.041827 0.095833
15 0.799880 0.431771 0.048317 0.086458
15 0.821875 0.493750 0.050962 0.056250
15 0.768510 0.258333 0.065385 0.075000
15 0.784615 0.335938 0.036058 0.090625
15 0.842668 0.260677 0.054567 0.091146
15 0.856250 0.414844 0.050000 0.147396
15 0.875000 0.519531 0.034135 0.081771
15 0.884976 0.357812 0.044952 0.100000
15 0.917788 0.408854 0.040385 0.097917
15 0.915024 0.497917 0.047356 0.088542
15 0.965625 0.811979 0.056250 0.116667
15 0.960216 0.433073 0.043029 0.105729
15 0.990745 0.271615 0.018510 0.066146
15 0.971394 0.184635 0.057212 0.072396
