15 0.873370 0.008500 0.092391 0.016500
15 0.899457 0.040125 0.104348 0.043750
15 0.810054 0.060750 0.066848 0.021500
15 0.855435 0.078375 0.076087 0.030750
15 0.929620 0.084750 0.095109 0.054500
15 0.877717 0.122250 0.110870 0.041000
15 0.776630 0.094875 0.100000 0.054250
15 0.735870 0.050000 0.060870 0.044500
15 0.807880 0.037875 0.066848 0.023750
15 0.775000 0.011625 0.058696 0.022750
15 0.691033 0.014750 0.059239 0.016500
15 0.641848 0.035125 0.105435 0.023750
15 0.646196 0.064750 0.106522 0.031000
15 0.538587 0.075250 0.094565 0.047000
15 0.553533 0.043875 0.078804 0.017750
15 0.479348 0.021250 0.069565 0.031500
15 0.560326 0.020750 0.079348 0.038000
15 0.449457 0.056625 0.075000 0.036250
15 0.360870 0.019000 0.110870 0.032500
15 0.349185 0.056250 0.088587 0.035000
15 0.460326 0.081000 0.111957 0.023000
15 0.458424 0.107000 0.134239 0.028500
15 0.437228 0.139250 0.085326 0.043500
15 0.353804 0.138250 0.089130 0.037000
15 0.294837 0.114375 0.100543 0.042250
15 0.335598 0.090375 0.084239 0.030750
15 0.217663 0.097750 0.105978 0.045500
15 0.205707 0.068000 0.129891 0.032000
15 0.204891 0.042000 0.123913 0.032000
15 0.286957 0.013125 0.059783 0.025750
15 0.204076 0.016000 0.090761 0.030500
15 0.153804 0.012500 0.058696 0.024500
15 0.104076 0.042750 0.044022 0.018500
15 0.098913 0.069000 0.090217 0.030000
15 0.106250 0.106125 0.079891 0.038250
15 0.143478 0.128125 0.065217 0.027250
15 0.215489 0.142750 0.122283 0.033500
15 0.332609 0.167125 0.142391 0.030250
15 0.348641 0.194750 0.095109 0.043500
15 0.239946 0.208125 0.103804 0.033250
15 0.211141 0.178875 0.157065 0.028750
15 0.110870 0.173250 0.058696 0.042500
15 0.133696 0.214750 0.070652 0.038500
15 0.272283 0.245000 0.123913 0.045000
15 0.396467 0.239750 0.102717 0.042500
15 0.452717 0.207000 0.082609 0.032500
15 0.567120 0.204625 0.120109 0.039250
15 0.644293 0.153500 0.100543 0.041000
15 0.504076 0.157375 0.169022 0.052250
15 0.642391 0.117500 0.143478 0.054500
15 0.806793 0.189250 0.097283 0.036000
15 0.942391 0.156250 0.115217 0.035000
15 0.962772 0.188500 0.074457 0.039500
15 0.902446 0.208500 0.150543 0.039000
15 0.707880 0.203625 0.137500 0.046250
15 0.649457 0.242875 0.105435 0.035250
15 0.515761 0.238875 0.105435 0.061250
15 0.770652 0.238625 0.128261 0.028750
15 0.904348 0.254625 0.191304 0.051250
15 0.962500 0.306625 0.075000 0.070750
15 0.832065 0.309250 0.151087 0.079000
15 0.073098 0.014375 0.075543 0.028250
15 0.022283 0.022000 0.043478 0.017500
15 0.030435 0.050375 0.059783 0.037750
15 0.025000 0.100000 0.048913 0.035000
15 0.026087 0.129250 0.051087 0.023500
15 0.062500 0.149250 0.122826 0.029500
15 0.036957 0.185500 0.072826 0.034500
15 0.063043 0.239500 0.123913 0.062000
15 0.133696 0.268500 0.155435 0.048500
15 0.161413 0.306875 0.134783 0.044250
15 0.340761 0.277750 0.103261 0.041000
15 0.453804 0.289875 0.084783 0.046750
15 0.588043 0.278250 0.154348 0.047000
15 0.739130 0.265500 0.114130 0.028500
15 0.693478 0.297875 0.136957 0.041750
15 0.565217 0.325875 0.108696 0.038750
15 0.414402 0.347875 0.157065 0.052750
15 0.298098 0.338875 0.171196 0.045750
15 0.302989 0.310000 0.201630 0.026000
15 0.542935 0.378625 0.117391 0.050250
15 0.688587 0.340000 0.182609 0.056500
15 0.943750 0.365625 0.112500 0.046250
15 0.819293 0.376125 0.171196 0.054750
15 0.959511 0.412375 0.080978 0.050750
15 0.879891 0.446625 0.167391 0.051250
15 0.842935 0.413000 0.138043 0.029500
15 0.718207 0.441625 0.116848 0.096250
15 0.600000 0.441500 0.103261 0.051000
15 0.485054 0.450125 0.136413 0.066750
15 0.412500 0.398250 0.144565 0.054000
15 0.280163 0.391625 0.099457 0.074250
15 0.167663 0.403750 0.130978 0.044500
15 0.138859 0.449875 0.241848 0.057250
15 0.043478 0.413875 0.085870 0.077250
15 0.022011 0.366250 0.042935 0.037500
15 0.281522 0.449625 0.129348 0.053250
15 0.336685 0.481375 0.172283 0.060750
15 0.128804 0.515250 0.225000 0.069000
15 0.043478 0.501250 0.085870 0.047500
15 0.271467 0.539750 0.144022 0.054000
15 0.443207 0.514625 0.167935 0.047250
15 0.618750 0.492125 0.114674 0.034750
15 0.619565 0.533000 0.208696 0.064000
15 0.830435 0.526000 0.193478 0.094500
15 0.972554 0.526375 0.054891 0.059750
15 0.913587 0.586250 0.172826 0.072000
15 0.739674 0.642875 0.143478 0.071250
15 0.863043 0.666875 0.273913 0.106250
15 0.621196 0.600500 0.236957 0.050500
15 0.401087 0.613750 0.191304 0.059000
15 0.551087 0.653125 0.260870 0.045750
15 0.268207 0.665875 0.151630 0.101750
15 0.191033 0.614375 0.188587 0.096750
15 0.045109 0.586125 0.089130 0.066250
15 0.065761 0.689625 0.130435 0.116750
15 0.407880 0.714375 0.116848 0.070750
15 0.188043 0.765750 0.300000 0.086500
15 0.033967 0.819500 0.066848 0.114500
15 0.197826 0.850375 0.142391 0.076750
15 0.408696 0.806625 0.241304 0.111250
15 0.713587 0.780625 0.338043 0.131250
15 0.562228 0.719500 0.272283 0.105000
15 0.957065 0.749625 0.082609 0.082750
15 0.909239 0.810625 0.173913 0.085750
15 0.880163 0.925875 0.239674 0.148250
15 0.605978 0.904125 0.252174 0.117250
15 0.624728 0.979000 0.323370 0.042000
15 0.376087 0.910750 0.250000 0.086000
15 0.348641 0.977625 0.210326 0.044750
15 0.129620 0.930000 0.232065 0.140000
