15 0.823370 0.061625 0.154348 0.070750
15 0.926630 0.105125 0.136957 0.084750
15 0.975543 0.147625 0.048913 0.068750
15 0.862228 0.194750 0.159239 0.090500
15 0.737772 0.135500 0.228804 0.074500
15 0.621739 0.073250 0.292391 0.068500
15 0.390489 0.063125 0.175543 0.072750
15 0.505978 0.134500 0.230435 0.086000
15 0.717663 0.227000 0.137500 0.104000
15 0.561685 0.216625 0.151630 0.084250
15 0.474185 0.261125 0.128804 0.098750
15 0.357337 0.178250 0.183152 0.110000
15 0.205707 0.086125 0.208152 0.074250
15 0.163043 0.170625 0.193478 0.108750
15 0.033967 0.123250 0.066848 0.097500
15 0.057065 0.209375 0.101087 0.055750
15 0.250815 0.258500 0.222283 0.071500
15 0.075000 0.280375 0.148913 0.069750
15 0.346196 0.322375 0.153261 0.098250
15 0.489130 0.343000 0.132609 0.064000
15 0.608424 0.298500 0.157065 0.071500
15 0.188043 0.354875 0.172826 0.091250
15 0.056793 0.341000 0.112500 0.056500
15 0.072011 0.405875 0.142935 0.058250
15 0.310598 0.405750 0.122283 0.072000
15 0.426359 0.413625 0.113587 0.087750
15 0.558424 0.412500 0.155978 0.063500
15 0.664130 0.358125 0.146739 0.069750
15 0.829076 0.346750 0.183152 0.063500
15 0.857337 0.281750 0.169022 0.078500
15 0.960870 0.232250 0.078261 0.093500
15 0.972826 0.310875 0.054348 0.048250
15 0.960326 0.362125 0.079348 0.040750
15 0.909239 0.404625 0.141304 0.070750
15 0.762772 0.415375 0.182065 0.070250
15 0.201902 0.458750 0.160326 0.101000
15 0.064402 0.475625 0.127717 0.062750
15 0.091576 0.532875 0.182065 0.066750
15 0.302446 0.550000 0.222283 0.068500
15 0.370924 0.476500 0.151630 0.078500
15 0.516033 0.484000 0.136413 0.068000
15 0.667935 0.490875 0.161957 0.101750
15 0.803804 0.480500 0.107609 0.053000
15 0.930978 0.472875 0.126087 0.073750
15 0.946467 0.521125 0.097283 0.037750
15 0.825815 0.534625 0.128804 0.058750
15 0.926902 0.574125 0.146196 0.071750
15 0.828261 0.600250 0.133696 0.064500
15 0.705163 0.569125 0.112500 0.080250
15 0.713315 0.629375 0.159239 0.040250
15 0.595652 0.598250 0.133696 0.071000
15 0.490761 0.549375 0.146739 0.055750
15 0.444293 0.608125 0.151630 0.058250
15 0.280163 0.618625 0.142935 0.094250
15 0.116033 0.595125 0.185326 0.055250
15 0.138315 0.652625 0.176630 0.055250
15 0.494565 0.657000 0.189130 0.051000
15 0.415489 0.695625 0.127717 0.064750
15 0.275272 0.691750 0.127717 0.050000
15 0.099457 0.722625 0.163043 0.083750
15 0.247554 0.750375 0.167935 0.055250
15 0.339130 0.789625 0.194565 0.069750
15 0.123641 0.817375 0.173370 0.091750
15 0.548370 0.709250 0.203261 0.075500
15 0.526630 0.759875 0.140217 0.054750
15 0.662772 0.742500 0.119022 0.079000
15 0.755707 0.684375 0.205978 0.069750
15 0.922283 0.651750 0.155435 0.051000
15 0.914946 0.699750 0.089674 0.049500
15 0.885054 0.749375 0.141848 0.077750
15 0.765217 0.751125 0.108696 0.052250
15 0.949457 0.841000 0.085870 0.065500
15 0.797554 0.811875 0.213587 0.063250
15 0.594565 0.804625 0.171739 0.048750
15 0.443478 0.826750 0.140217 0.082500
15 0.288587 0.854875 0.169565 0.070250
15 0.139402 0.918875 0.126630 0.087750
15 0.306793 0.910750 0.198370 0.103000
15 0.416304 0.956375 0.154348 0.080250
15 0.157609 0.977250 0.132609 0.043000
15 0.515489 0.873000 0.142935 0.093500
15 0.673370 0.893250 0.147826 0.056500
15 0.705707 0.851750 0.141848 0.045500
15 0.815761 0.872625 0.131522 0.054750
15 0.572283 0.951750 0.142391 0.075500
15 0.783967 0.936875 0.182065 0.065750
15 0.643207 0.970625 0.095109 0.057750
15 0.760054 0.983375 0.086413 0.026250
15 0.888315 0.978875 0.158152 0.037750
15 0.974185 0.961375 0.051630 0.055250
15 0.922283 0.892750 0.117391 0.046000
15 0.892663 0.935750 0.103804 0.038000
15 0.974185 0.914625 0.051630 0.030250
