15 0.946615 0.038822 0.106771 0.073798
15 0.844531 0.053846 0.110937 0.056731
15 0.901823 0.119111 0.119271 0.089183
15 0.974740 0.137260 0.050521 0.038942
15 0.972396 0.092668 0.050000 0.043029
15 0.805469 0.163462 0.082812 0.039423
15 0.873958 0.205529 0.102083 0.056731
15 0.924219 0.171274 0.064062 0.037260
15 0.984896 0.176322 0.029167 0.021875
15 0.969531 0.214663 0.060937 0.047596
15 0.902604 0.241827 0.131250 0.050962
15 0.960417 0.279928 0.076042 0.062260
15 0.777083 0.106611 0.128125 0.056010
15 0.670312 0.085817 0.120833 0.061538
15 0.689844 0.171755 0.144271 0.074279
15 0.738021 0.206851 0.164583 0.068990
15 0.651302 0.255409 0.143229 0.092067
15 0.732292 0.284135 0.048958 0.047596
15 0.838542 0.298798 0.157292 0.109615
15 0.979688 0.325601 0.040625 0.019952
15 0.918750 0.341466 0.098958 0.052163
15 0.542188 0.245192 0.081250 0.071635
15 0.562240 0.176803 0.121354 0.055048
15 0.677083 0.130529 0.078125 0.025481
15 0.564583 0.124279 0.160417 0.061058
15 0.635156 0.048678 0.143229 0.067067
15 0.727865 0.014183 0.081771 0.027885
15 0.844792 0.017188 0.101042 0.033894
15 0.621354 0.007933 0.096875 0.015385
15 0.495833 0.045673 0.079167 0.090865
15 0.566146 0.032452 0.051042 0.064423
15 0.402344 0.065024 0.085938 0.043029
15 0.381771 0.020433 0.151042 0.040385
15 0.307292 0.064904 0.093750 0.073558
15 0.226302 0.025120 0.142187 0.049760
15 0.108854 0.019712 0.086458 0.038942
15 0.188542 0.070433 0.129167 0.048558
15 0.247135 0.110937 0.118229 0.039663
15 0.367708 0.112861 0.101042 0.052644
15 0.448958 0.106851 0.070833 0.039663
15 0.484635 0.209856 0.070312 0.037981
15 0.465104 0.158293 0.085417 0.068990
15 0.362500 0.162620 0.108333 0.055529
15 0.330469 0.195312 0.041146 0.020913
15 0.395833 0.217788 0.101042 0.046154
15 0.458333 0.263462 0.094792 0.071635
15 0.528906 0.296875 0.071354 0.043750
15 0.578385 0.327284 0.106771 0.056490
15 0.700000 0.335577 0.129167 0.061058
15 0.765885 0.358534 0.081771 0.039183
15 0.817448 0.368149 0.080729 0.015144
15 0.868229 0.396274 0.121875 0.050240
15 0.968490 0.367668 0.063021 0.055048
15 0.690365 0.395072 0.167187 0.055048
15 0.717708 0.448678 0.098958 0.043029
15 0.862760 0.458053 0.144271 0.056971
15 0.965885 0.452284 0.068229 0.042067
15 0.958854 0.417909 0.082292 0.042548
15 0.784635 0.410577 0.064062 0.065865
15 0.610156 0.418510 0.122396 0.082692
15 0.514583 0.396995 0.108333 0.077644
15 0.438281 0.408894 0.046354 0.042308
15 0.446354 0.356250 0.172917 0.064423
15 0.328125 0.372476 0.064583 0.045433
15 0.373177 0.314663 0.135937 0.069231
15 0.353646 0.267788 0.109375 0.053846
15 0.281510 0.324519 0.108854 0.053365
15 0.234115 0.371274 0.115104 0.051683
15 0.263021 0.399639 0.109375 0.029087
15 0.284115 0.226442 0.095312 0.065865
15 0.269792 0.160096 0.085417 0.062019
15 0.150521 0.147115 0.147917 0.053846
15 0.164062 0.208534 0.153125 0.081490
15 0.190104 0.253125 0.126042 0.094712
15 0.231510 0.280889 0.071354 0.041587
15 0.171615 0.330048 0.100521 0.056250
15 0.090104 0.283534 0.071875 0.069471
15 0.126562 0.393510 0.111458 0.049038
15 0.122656 0.357091 0.075521 0.033894
15 0.284375 0.437139 0.105208 0.052163
15 0.372135 0.419832 0.097396 0.068990
15 0.480990 0.464303 0.142187 0.064663
15 0.650000 0.491226 0.190625 0.055048
15 0.140885 0.439663 0.164062 0.060577
15 0.235417 0.492428 0.104167 0.069952
15 0.346875 0.490505 0.112500 0.068990
15 0.105208 0.506731 0.129167 0.079808
15 0.981510 0.490625 0.036979 0.043750
15 0.925000 0.504447 0.073958 0.055048
15 0.835156 0.522476 0.121354 0.060817
15 0.749479 0.515385 0.070833 0.074038
15 0.646875 0.551562 0.151042 0.051683
15 0.613802 0.521755 0.151562 0.035337
15 0.474740 0.524760 0.130729 0.064904
15 0.538542 0.589904 0.164583 0.069231
15 0.719010 0.585457 0.189062 0.060337
15 0.861979 0.581370 0.136458 0.079567
15 0.970833 0.542428 0.058333 0.056490
15 0.950781 0.573438 0.044271 0.018510
15 0.972135 0.602284 0.055729 0.053125
15 0.941927 0.613942 0.047396 0.036058
15 0.948958 0.680048 0.102083 0.098558
15 0.785156 0.640144 0.136979 0.072115
15 0.860677 0.666106 0.071354 0.047115
15 0.764062 0.670312 0.133333 0.049760
15 0.614323 0.645433 0.184896 0.053846
15 0.467187 0.636659 0.082292 0.060337
15 0.532813 0.676562 0.136458 0.080048
15 0.378125 0.641106 0.136458 0.058654
15 0.427344 0.588942 0.117188 0.045673
15 0.353385 0.578846 0.123438 0.081250
15 0.237500 0.558053 0.132292 0.059375
15 0.230729 0.632933 0.091667 0.090385
15 0.127865 0.554688 0.099479 0.049279
15 0.090104 0.600841 0.179167 0.059375
15 0.027604 0.580288 0.054167 0.047596
15 0.019271 0.534135 0.037500 0.042308
15 0.028906 0.477284 0.056771 0.063702
15 0.038021 0.415024 0.075000 0.075721
15 0.046615 0.349519 0.092188 0.055288
15 0.048958 0.317067 0.096875 0.051923
15 0.028906 0.267909 0.056771 0.046394
15 0.031510 0.225721 0.061979 0.036538
15 0.047917 0.185457 0.094792 0.046875
15 0.039323 0.136418 0.077604 0.048798
15 0.078906 0.098077 0.145313 0.049519
15 0.059115 0.049639 0.117188 0.050240
15 0.034375 0.013101 0.067708 0.025721
15 0.398698 0.684495 0.088021 0.029087
15 0.440625 0.726442 0.138542 0.066346
15 0.564583 0.743510 0.095833 0.048558
15 0.386719 0.743630 0.042188 0.023317
15 0.325260 0.741827 0.070312 0.039904
15 0.313802 0.693149 0.096354 0.065144
15 0.222656 0.690385 0.085938 0.038462
15 0.234896 0.732452 0.113542 0.058173
15 0.232813 0.781731 0.062500 0.036058
15 0.095312 0.709976 0.143750 0.066587
15 0.110156 0.641106 0.139063 0.065385
15 0.028906 0.662019 0.056771 0.050000
15 0.639844 0.725361 0.123438 0.065144
15 0.657552 0.686058 0.115104 0.025000
15 0.815885 0.715144 0.223438 0.052885
15 0.982292 0.752764 0.035417 0.031490
15 0.905990 0.760577 0.109896 0.047596
15 0.742708 0.756731 0.126042 0.050000
15 0.614323 0.804928 0.174479 0.067548
15 0.797396 0.794351 0.102083 0.068990
15 0.723958 0.810937 0.044792 0.048317
15 0.429427 0.785697 0.182812 0.054567
15 0.291667 0.796394 0.095833 0.064423
15 0.135677 0.773077 0.140104 0.055769
15 0.173177 0.722716 0.072396 0.046394
15 0.044010 0.793510 0.086979 0.065385
15 0.025000 0.748678 0.048958 0.038702
15 0.106510 0.811418 0.076563 0.037260
15 0.047396 0.846755 0.093750 0.044952
15 0.376042 0.835577 0.165625 0.053365
15 0.447917 0.841947 0.107292 0.049279
15 0.525781 0.857212 0.101562 0.069712
15 0.642188 0.861298 0.086458 0.043750
15 0.192708 0.827764 0.104167 0.050240
15 0.150521 0.886298 0.189583 0.083654
15 0.288281 0.869832 0.147396 0.064183
15 0.956771 0.810697 0.086458 0.084375
15 0.884375 0.816466 0.075000 0.062740
15 0.822135 0.859135 0.151562 0.059615
15 0.957812 0.873558 0.084375 0.037981
15 0.738021 0.876442 0.091667 0.082692
15 0.894010 0.927404 0.211979 0.069712
15 0.699219 0.950841 0.176563 0.060817
15 0.589323 0.903365 0.106771 0.053365
15 0.671875 0.903365 0.051042 0.048077
15 0.485677 0.930889 0.139063 0.090144
15 0.886198 0.981130 0.184896 0.037740
15 0.695052 0.950240 0.171354 0.059615
15 0.748698 0.981370 0.085938 0.034856
15 0.619271 0.974159 0.104167 0.051683
15 0.515365 0.982091 0.123438 0.035817
15 0.435417 0.956370 0.048958 0.045433
15 0.405208 0.899159 0.120833 0.059856
15 0.371875 0.964904 0.108333 0.070192
15 0.301042 0.977163 0.068750 0.045673
15 0.292708 0.929447 0.078125 0.051202
15 0.160938 0.940986 0.215625 0.079087
15 0.135417 0.989303 0.070833 0.021394
15 0.229167 0.991827 0.072917 0.016346
15 0.044010 0.978486 0.086979 0.043029
15 0.026042 0.915144 0.051042 0.082692
