15 0.962228 0.050500 0.074457 0.048500
15 0.891304 0.045750 0.140217 0.049000
15 0.806250 0.084750 0.076630 0.041500
15 0.929348 0.085375 0.089130 0.031750
15 0.861413 0.089375 0.041304 0.027250
15 0.793478 0.049750 0.048913 0.030000
15 0.729076 0.060875 0.077717 0.061750
15 0.665489 0.049000 0.084239 0.044000
15 0.659239 0.085000 0.104348 0.036000
15 0.568207 0.078000 0.058152 0.029500
15 0.544565 0.047125 0.066304 0.033750
15 0.497554 0.077125 0.073370 0.058750
15 0.454348 0.063250 0.060870 0.039500
15 0.384239 0.051875 0.059783 0.029750
15 0.321196 0.047125 0.088043 0.040750
15 0.396196 0.087125 0.095652 0.035250
15 0.445109 0.118000 0.091304 0.034500
15 0.569293 0.119125 0.165761 0.050750
15 0.311957 0.122250 0.127174 0.045000
15 0.307609 0.085750 0.083696 0.031000
15 0.216033 0.043125 0.107065 0.049250
15 0.212500 0.068625 0.088043 0.033750
15 0.121196 0.078625 0.097826 0.039250
15 0.079620 0.046875 0.058152 0.030750
15 0.152446 0.045750 0.057065 0.028500
15 0.151359 0.105375 0.078804 0.029750
15 0.210326 0.124500 0.094565 0.045000
15 0.402717 0.143500 0.058696 0.037500
15 0.365761 0.166625 0.088043 0.044250
15 0.301902 0.153750 0.078804 0.019000
15 0.281522 0.181500 0.068478 0.035000
15 0.231793 0.163375 0.053804 0.026750
15 0.144837 0.156250 0.121196 0.049000
15 0.722554 0.113000 0.121196 0.035500
15 0.579891 0.162500 0.094565 0.042000
15 0.486685 0.170500 0.085326 0.063000
15 0.441033 0.188750 0.041848 0.033000
15 0.416576 0.206000 0.072283 0.036000
15 0.536141 0.207125 0.049457 0.035250
15 0.608424 0.201125 0.126630 0.040750
15 0.670109 0.189750 0.072826 0.035000
15 0.710870 0.159125 0.075000 0.042750
15 0.788315 0.148875 0.080978 0.052750
15 0.886685 0.129625 0.138587 0.040750
15 0.951087 0.112500 0.084783 0.045000
15 0.983696 0.153125 0.032609 0.036250
15 0.929891 0.173625 0.058696 0.038250
15 0.833424 0.186000 0.123370 0.070000
15 0.752989 0.213375 0.074457 0.054750
15 0.719565 0.237000 0.104348 0.029500
15 0.608696 0.237375 0.091304 0.030750
15 0.511413 0.243500 0.103261 0.035500
15 0.416304 0.236750 0.059783 0.028500
15 0.456793 0.265125 0.055978 0.032750
15 0.378804 0.264750 0.082609 0.045000
15 0.320109 0.230875 0.108696 0.027750
15 0.336413 0.208875 0.061957 0.021750
15 0.247283 0.212875 0.044565 0.028250
15 0.188043 0.200875 0.065217 0.036750
15 0.128261 0.210375 0.107609 0.045250
15 0.065761 0.176250 0.083696 0.045500
15 0.058424 0.131125 0.090761 0.047250
15 0.110598 0.253250 0.126630 0.039500
15 0.211685 0.254000 0.086413 0.062000
15 0.266848 0.281250 0.068478 0.042500
15 0.141848 0.299125 0.110870 0.061250
15 0.055163 0.297875 0.109239 0.046250
15 0.324185 0.276125 0.038587 0.031750
15 0.336685 0.314125 0.099457 0.047250
15 0.240489 0.319375 0.072283 0.040250
15 0.536141 0.294750 0.074457 0.045500
15 0.453261 0.318000 0.079348 0.045500
15 0.598641 0.266875 0.062500 0.039750
15 0.704891 0.270250 0.118478 0.046500
15 0.801630 0.277750 0.075000 0.042000
15 0.841033 0.236125 0.079891 0.034750
15 0.924185 0.214250 0.098370 0.032500
15 0.920652 0.251250 0.143478 0.036000
15 0.984783 0.202500 0.030435 0.058500
15 0.980707 0.273875 0.038587 0.044250
15 0.910326 0.298750 0.117391 0.052500
15 0.813315 0.326875 0.086413 0.048250
15 0.721739 0.312625 0.089130 0.037750
15 0.615217 0.317750 0.083696 0.055500
15 0.530978 0.335625 0.080435 0.051250
15 0.973641 0.318500 0.052717 0.024000
15 0.939130 0.355625 0.117391 0.044250
15 0.851087 0.376625 0.093478 0.059250
15 0.745380 0.373875 0.082065 0.046250
15 0.680978 0.354375 0.070652 0.048250
15 0.596467 0.364625 0.103804 0.041750
15 0.447554 0.364750 0.117935 0.037000
15 0.351630 0.354250 0.105435 0.045500
15 0.252174 0.362125 0.083696 0.033250
15 0.173098 0.348750 0.086413 0.065500
15 0.069565 0.355500 0.110870 0.050000
15 0.054348 0.326250 0.086957 0.017500
15 0.044293 0.223125 0.087500 0.033250
15 0.025272 0.259500 0.049457 0.032500
15 0.011141 0.180000 0.021196 0.032000
15 0.023098 0.083875 0.045109 0.051250
15 0.027989 0.032625 0.054891 0.048250
15 0.919837 0.420000 0.114674 0.054500
15 0.982065 0.429125 0.035870 0.048750
15 0.813587 0.436125 0.090217 0.041250
15 0.687228 0.406000 0.086413 0.042000
15 0.737228 0.447750 0.127717 0.036000
15 0.682337 0.473375 0.102717 0.039750
15 0.593478 0.409000 0.108696 0.051000
15 0.597011 0.460750 0.079891 0.063500
15 0.505435 0.447625 0.092391 0.047750
15 0.489130 0.410625 0.098913 0.040250
15 0.389130 0.404125 0.115217 0.060750
15 0.267663 0.419375 0.119022 0.041250
15 0.257337 0.387250 0.113587 0.019500
15 0.143207 0.396250 0.171196 0.037000
15 0.101359 0.437000 0.129891 0.036500
15 0.025543 0.420250 0.050000 0.044500
15 0.029076 0.379625 0.057065 0.043250
15 0.184783 0.444000 0.088043 0.033000
15 0.288859 0.462750 0.092935 0.049000
15 0.399457 0.452625 0.120652 0.034250
15 0.360326 0.498125 0.125000 0.041250
15 0.195380 0.500000 0.159239 0.029500
15 0.137500 0.476250 0.158696 0.041500
15 0.025272 0.510250 0.049457 0.058500
15 0.146196 0.537000 0.105435 0.039000
15 0.279891 0.531625 0.179348 0.029250
15 0.453533 0.524125 0.129891 0.033250
15 0.499728 0.488875 0.103804 0.040250
15 0.587772 0.533750 0.154891 0.055000
15 0.426087 0.562500 0.164130 0.034500
15 0.254076 0.569750 0.082065 0.043500
15 0.177446 0.574625 0.062500 0.032250
15 0.058424 0.565375 0.115761 0.041250
15 0.194565 0.636875 0.173913 0.057250
15 0.110054 0.621375 0.092935 0.066250
15 0.027174 0.638500 0.050000 0.058000
15 0.123641 0.677750 0.142935 0.040500
15 0.030978 0.702375 0.060870 0.052250
15 0.304891 0.670000 0.143478 0.071500
15 0.425272 0.626750 0.115761 0.072000
15 0.331250 0.594125 0.120109 0.061750
15 0.207065 0.601375 0.068478 0.015750
15 0.554076 0.591875 0.163587 0.061250
15 0.600543 0.648875 0.131522 0.051750
15 0.472283 0.675125 0.153261 0.030750
15 0.349457 0.701000 0.189130 0.061500
15 0.164402 0.724500 0.169022 0.045500
15 0.952717 0.472125 0.083696 0.035250
15 0.846739 0.492500 0.141304 0.048500
15 0.715489 0.545125 0.119022 0.077750
15 0.895924 0.540875 0.138587 0.044750
15 0.964946 0.516625 0.070109 0.051750
15 0.979076 0.565625 0.041848 0.033250
15 0.871739 0.582375 0.094565 0.034750
15 0.779348 0.606000 0.171739 0.055000
15 0.941304 0.614250 0.111957 0.049500
15 0.835326 0.659875 0.113043 0.064250
15 0.950272 0.667375 0.099457 0.063750
15 0.937772 0.718875 0.124457 0.043750
15 0.802446 0.722750 0.137500 0.077000
15 0.689130 0.735375 0.151087 0.063250
15 0.622011 0.697375 0.122283 0.042750
15 0.638859 0.761875 0.114674 0.039750
15 0.492120 0.722375 0.126630 0.072250
15 0.522011 0.756875 0.147283 0.050750
15 0.306250 0.759125 0.155978 0.046250
15 0.398641 0.795875 0.152717 0.038250
15 0.519837 0.812125 0.097283 0.057250
15 0.737772 0.812625 0.157065 0.052750
15 0.252989 0.789125 0.128804 0.041750
15 0.134239 0.773750 0.104348 0.065500
15 0.035326 0.759250 0.069565 0.069000
15 0.051359 0.813000 0.101630 0.042000
15 0.169022 0.831000 0.144565 0.054500
15 0.258424 0.829375 0.090761 0.037750
15 0.058424 0.866750 0.115761 0.061500
15 0.624457 0.831000 0.122826 0.104500
15 0.808152 0.793875 0.113043 0.054750
15 0.924185 0.778625 0.142935 0.075750
15 0.928533 0.847875 0.142935 0.052750
15 0.786413 0.862500 0.147826 0.054500
15 0.749728 0.917750 0.114674 0.068500
15 0.645924 0.948500 0.137500 0.058500
15 0.535326 0.898125 0.125000 0.070250
15 0.448370 0.867250 0.089130 0.067500
15 0.356793 0.848375 0.144022 0.060250
15 0.308152 0.881625 0.115217 0.055750
15 0.186413 0.893250 0.132609 0.074000
15 0.032880 0.919125 0.064674 0.048750
15 0.955707 0.909250 0.087500 0.050500
15 0.892391 0.949125 0.176087 0.039250
15 0.830978 0.985250 0.108696 0.026000
15 0.500815 0.967500 0.158152 0.065000
15 0.392663 0.948625 0.090761 0.071750
15 0.610870 0.985625 0.066304 0.028750
15 0.279076 0.953375 0.125543 0.059250
15 0.204620 0.982625 0.061413 0.034750
15 0.107880 0.965500 0.145109 0.067500
15 0.017391 0.965500 0.033696 0.026000
