15 0.931875 0.014946 0.044750 0.026630
15 0.966875 0.035870 0.035250 0.052174
15 0.947250 0.058152 0.050000 0.053261
15 0.907375 0.035598 0.027250 0.049457
15 0.881000 0.052446 0.062500 0.061413
15 0.870625 0.095380 0.032750 0.035326
15 0.916625 0.098370 0.051250 0.041304
15 0.970125 0.103804 0.059750 0.070652
15 0.969250 0.172554 0.061500 0.088587
15 0.914625 0.161957 0.039750 0.058696
15 0.915375 0.123913 0.036750 0.034783
15 0.867875 0.147826 0.056750 0.066304
15 0.879500 0.205978 0.042000 0.050000
15 0.843250 0.227446 0.047000 0.070109
15 0.821500 0.162772 0.028000 0.059239
15 0.829250 0.087228 0.043500 0.082065
15 0.830750 0.048641 0.048000 0.052717
15 0.790000 0.061413 0.035000 0.057609
15 0.782875 0.097283 0.043250 0.046739
15 0.778500 0.144022 0.050500 0.053261
15 0.769000 0.194293 0.038000 0.055978
15 0.792125 0.225543 0.048250 0.066304
15 0.727875 0.189946 0.048250 0.065761
15 0.703750 0.140761 0.053000 0.070652
15 0.737500 0.108424 0.038500 0.070109
15 0.747625 0.046739 0.036250 0.067391
15 0.838250 0.013587 0.021000 0.026087
15 0.793750 0.019022 0.071000 0.036957
15 0.714250 0.067663 0.032000 0.065761
15 0.691125 0.024457 0.037250 0.047826
15 0.665375 0.097283 0.053750 0.097826
15 0.683125 0.273370 0.053750 0.080435
15 0.615625 0.104620 0.035750 0.078804
15 0.599000 0.059783 0.033500 0.035870
15 0.635375 0.030163 0.024750 0.051630
15 0.658000 0.022554 0.024000 0.044022
15 0.602250 0.022283 0.036500 0.041304
15 0.574500 0.014130 0.015500 0.027174
15 0.551875 0.049185 0.028750 0.062500
15 0.535875 0.036957 0.020250 0.055435
15 0.581250 0.102174 0.035500 0.068478
15 0.552625 0.110870 0.026250 0.053261
15 0.517000 0.106793 0.048500 0.058152
15 0.512750 0.060598 0.040500 0.030978
15 0.498375 0.047283 0.046250 0.045652
15 0.512250 0.164946 0.052000 0.071196
15 0.569625 0.179348 0.044250 0.092391
15 0.512875 0.242663 0.042250 0.073370
15 0.640625 0.201630 0.071750 0.051087
15 0.630750 0.245924 0.051000 0.083152
15 0.601750 0.291033 0.050500 0.096196
15 0.538750 0.321196 0.057500 0.096739
15 0.495375 0.379348 0.043250 0.086957
15 0.626750 0.386685 0.050500 0.078804
15 0.590750 0.436413 0.056500 0.077174
15 0.667750 0.437228 0.040500 0.108152
15 0.982875 0.253261 0.034250 0.065217
15 0.945000 0.273641 0.062000 0.069022
15 0.933125 0.218207 0.061250 0.075543
15 0.896625 0.263859 0.035750 0.067935
15 0.861625 0.288859 0.049750 0.079891
15 0.807500 0.290489 0.040500 0.086413
15 0.770875 0.306250 0.052750 0.058152
15 0.785875 0.366033 0.074250 0.080978
15 0.733125 0.329076 0.040250 0.098370
15 0.720250 0.379076 0.046000 0.066848
15 0.843250 0.355163 0.044000 0.076630
15 0.878875 0.379076 0.055750 0.085326
15 0.910875 0.348370 0.049750 0.086957
15 0.946375 0.337228 0.046750 0.066848
15 0.985500 0.326902 0.029000 0.113587
15 0.953750 0.397826 0.024000 0.033696
15 0.978000 0.434239 0.044000 0.075000
15 0.928750 0.432609 0.037500 0.069565
15 0.882000 0.451087 0.057500 0.071739
15 0.822875 0.433424 0.059750 0.080978
15 0.763625 0.438315 0.052250 0.089674
15 0.710875 0.439402 0.039750 0.116848
15 0.990375 0.535598 0.019250 0.066848
15 0.954000 0.544022 0.052000 0.088043
15 0.940125 0.485598 0.052250 0.045109
15 0.875750 0.553533 0.061500 0.130978
15 0.928375 0.602446 0.055250 0.140761
15 0.985250 0.664946 0.029500 0.099457
15 0.934375 0.719565 0.097750 0.092391
15 0.985250 0.847283 0.029500 0.176087
15 0.956750 0.818207 0.023500 0.105978
15 0.892625 0.825000 0.075250 0.172826
15 0.859875 0.644293 0.064250 0.134239
15 0.797875 0.594293 0.042750 0.103804
15 0.808125 0.516033 0.058750 0.079891
15 0.750375 0.546467 0.047750 0.102717
15 0.753625 0.654620 0.049750 0.113587
15 0.711750 0.617663 0.052500 0.141848
15 0.689625 0.530978 0.055750 0.081522
15 0.628375 0.519565 0.053750 0.085870
15 0.564000 0.483696 0.063500 0.094565
15 0.511000 0.497554 0.055500 0.127717
15 0.575625 0.600543 0.061750 0.108696
15 0.515500 0.587772 0.057000 0.110326
15 0.599125 0.716033 0.085250 0.115761
15 0.655250 0.647283 0.091000 0.198913
15 0.739000 0.756522 0.071000 0.108696
15 0.814375 0.824185 0.081250 0.174457
15 0.811625 0.920380 0.069250 0.159239
15 0.901000 0.969022 0.077000 0.061957
15 0.950000 0.935870 0.054500 0.091304
15 0.722875 0.961141 0.107250 0.077717
15 0.727875 0.845924 0.076250 0.137500
15 0.614875 0.875000 0.089750 0.231522
15 0.540125 0.888315 0.059250 0.140761
15 0.524375 0.978533 0.082250 0.042935
15 0.456625 0.943478 0.083750 0.113043
15 0.481500 0.825000 0.106000 0.143478
15 0.512125 0.707337 0.077250 0.123370
15 0.429500 0.674185 0.073500 0.124457
15 0.401750 0.799457 0.064000 0.128261
15 0.419625 0.540489 0.094750 0.102717
15 0.469125 0.511413 0.058750 0.090217
15 0.434625 0.450815 0.079250 0.095109
15 0.364125 0.878804 0.103750 0.131522
15 0.362875 0.964946 0.083250 0.065761
15 0.282000 0.947011 0.080000 0.105978
15 0.273000 0.847826 0.056500 0.117391
15 0.336750 0.754076 0.071000 0.134239
15 0.358000 0.678261 0.050000 0.061957
15 0.288375 0.740761 0.075750 0.113043
15 0.296375 0.619293 0.079250 0.142935
15 0.342000 0.560326 0.056000 0.075000
15 0.359375 0.460054 0.044750 0.083152
15 0.389375 0.332609 0.056250 0.131522
15 0.444250 0.294293 0.051000 0.092935
15 0.346625 0.295652 0.038750 0.070652
15 0.330250 0.377174 0.062000 0.072826
15 0.301125 0.470109 0.070250 0.118478
15 0.233375 0.545924 0.063750 0.116848
15 0.234875 0.677446 0.047750 0.107065
15 0.263500 0.405978 0.051000 0.133696
15 0.301625 0.315761 0.055750 0.069565
15 0.248375 0.281793 0.070750 0.076630
15 0.178375 0.973370 0.093250 0.053261
15 0.160125 0.923641 0.171750 0.138587
15 0.210750 0.810870 0.074000 0.132609
15 0.130000 0.813315 0.086000 0.127717
15 0.046000 0.892935 0.064000 0.109783
15 0.027250 0.974185 0.054000 0.051630
15 0.187000 0.696739 0.075000 0.121739
15 0.195625 0.589130 0.043750 0.109783
15 0.138125 0.589674 0.055750 0.143478
15 0.108500 0.734239 0.098000 0.177174
15 0.028875 0.781522 0.057250 0.105435
15 0.007125 0.856250 0.013750 0.103804
15 0.068000 0.667663 0.083000 0.174457
15 0.030000 0.580978 0.059500 0.093478
15 0.012000 0.675272 0.023500 0.069022
15 0.095250 0.535326 0.051000 0.095652
15 0.167250 0.487500 0.077500 0.085870
15 0.219500 0.441033 0.052000 0.086413
15 0.116250 0.438587 0.062000 0.103261
15 0.048500 0.486413 0.088000 0.101087
15 0.019500 0.402174 0.038500 0.081522
15 0.038625 0.371739 0.036250 0.058696
15 0.080125 0.375815 0.048250 0.099457
15 0.161500 0.363859 0.068500 0.126630
15 0.222125 0.350000 0.045750 0.086957
15 0.173375 0.275272 0.052250 0.083152
15 0.131250 0.235598 0.046000 0.087500
15 0.070875 0.313587 0.056750 0.046739
15 0.023750 0.292120 0.047000 0.110326
15 0.070000 0.263043 0.051500 0.055435
15 0.059625 0.218207 0.074750 0.046196
15 0.061625 0.169293 0.047250 0.044022
15 0.009750 0.208696 0.019000 0.056522
15 0.022250 0.169837 0.028000 0.042935
15 0.020375 0.128261 0.040250 0.054348
15 0.036625 0.100543 0.052750 0.083696
15 0.106750 0.166033 0.045500 0.063587
15 0.150500 0.173641 0.031500 0.046196
15 0.179875 0.214946 0.047750 0.069022
15 0.220625 0.198913 0.052750 0.084783
15 0.275000 0.217663 0.052500 0.063587
15 0.324125 0.232065 0.045750 0.059783
15 0.171750 0.115489 0.054000 0.073370
15 0.220250 0.127446 0.053500 0.059239
15 0.262500 0.154076 0.032500 0.059239
15 0.290875 0.165217 0.039250 0.052174
15 0.336750 0.172011 0.043000 0.087500
15 0.391000 0.174728 0.054500 0.055978
15 0.395750 0.227174 0.054500 0.054348
15 0.372750 0.252446 0.026500 0.028804
15 0.458625 0.226087 0.047750 0.061957
15 0.451000 0.195652 0.061000 0.063043
15 0.433250 0.139946 0.037500 0.062500
15 0.473250 0.137228 0.026000 0.045109
15 0.465750 0.081522 0.030500 0.063043
15 0.452125 0.042391 0.029250 0.036957
15 0.433875 0.085870 0.025250 0.043478
15 0.402375 0.109239 0.033750 0.047826
15 0.361000 0.133424 0.037000 0.036413
15 0.315750 0.107065 0.051000 0.051087
15 0.283750 0.055978 0.038000 0.083696
15 0.313875 0.037772 0.024750 0.062500
15 0.347000 0.048641 0.038500 0.069022
15 0.377250 0.072826 0.035500 0.053261
15 0.384750 0.032609 0.036000 0.036957
15 0.419000 0.035598 0.041000 0.070109
15 0.467625 0.013043 0.039750 0.025000
15 0.248875 0.027989 0.031750 0.042935
15 0.250750 0.088315 0.052500 0.059239
15 0.218250 0.074185 0.019000 0.071196
15 0.189375 0.048098 0.031250 0.057065
15 0.219875 0.014674 0.029250 0.028261
15 0.162125 0.023098 0.023250 0.042935
15 0.141000 0.071467 0.048500 0.062500
15 0.105375 0.159511 0.047750 0.066848
15 0.111375 0.107880 0.041750 0.039674
15 0.082625 0.075000 0.040250 0.085870
15 0.117750 0.029348 0.047000 0.056522
15 0.063500 0.017120 0.031500 0.028804
15 0.034000 0.032609 0.039000 0.052174
15 0.008500 0.046196 0.016500 0.086957
