15 0.221875 0.828261 0.173750 0.189130
15 0.409375 0.849185 0.086250 0.300543
15 0.747250 0.947011 0.135500 0.105978
15 0.817000 0.832065 0.087500 0.247826
15 0.870750 0.970380 0.071500 0.059239
15 0.971625 0.951087 0.056750 0.081522
15 0.916625 0.761685 0.111750 0.191848
15 0.913125 0.577446 0.113250 0.161413
15 0.821375 0.610870 0.081250 0.197826
15 0.716000 0.593478 0.114500 0.214130
15 0.713500 0.435598 0.107000 0.176630
15 0.599000 0.425815 0.100000 0.187500
15 0.654375 0.246196 0.097250 0.159783
15 0.768750 0.274185 0.082500 0.149457
15 0.854500 0.320109 0.082000 0.151087
15 0.910000 0.432065 0.083500 0.139130
15 0.984875 0.435870 0.030250 0.113043
15 0.954625 0.308696 0.090750 0.143478
15 0.979625 0.199457 0.040750 0.078261
15 0.901750 0.183696 0.050000 0.089130
15 0.843375 0.201630 0.076250 0.077174
15 0.808625 0.136957 0.079250 0.085870
15 0.709750 0.142935 0.089500 0.146739
15 0.737125 0.046196 0.068250 0.085870
15 0.795875 0.043750 0.049250 0.075543
15 0.873625 0.075815 0.074250 0.129891
15 0.930125 0.041848 0.066750 0.082609
15 0.961875 0.106522 0.056250 0.097826
15 0.600250 0.153261 0.068000 0.140217
15 0.532000 0.158696 0.071500 0.135870
15 0.437125 0.244837 0.097250 0.160326
15 0.447125 0.103533 0.074250 0.130978
15 0.614250 0.037228 0.062500 0.073370
15 0.678750 0.032065 0.051500 0.063043
15 0.360000 0.077446 0.076500 0.153804
15 0.293625 0.191033 0.125750 0.119022
15 0.263250 0.102717 0.103500 0.147826
15 0.158250 0.066848 0.091000 0.132609
15 0.047125 0.222011 0.093750 0.111413
