15 0.088101 0.829948 0.052163 0.128646
15 0.170072 0.764844 0.050721 0.083854
15 0.164784 0.872656 0.071394 0.082812
15 0.197716 0.835417 0.055048 0.093750
15 0.238341 0.859635 0.029087 0.102604
15 0.235216 0.738021 0.036779 0.097917
15 0.264543 0.701302 0.051683 0.076563
15 0.284255 0.800260 0.047356 0.102604
15 0.271635 0.869792 0.037500 0.088542
15 0.310096 0.844531 0.032692 0.118229
15 0.327043 0.767188 0.026683 0.101042
15 0.309615 0.649219 0.034615 0.106771
15 0.277524 0.539062 0.038221 0.094792
15 0.306490 0.517448 0.043750 0.122396
15 0.388942 0.480729 0.031731 0.122917
15 0.352524 0.709635 0.043990 0.108854
15 0.372957 0.807031 0.059375 0.079687
15 0.379688 0.869531 0.050721 0.061979
15 0.420312 0.810417 0.033894 0.090625
15 0.410817 0.696875 0.037500 0.079167
15 0.397115 0.612760 0.035577 0.107813
15 0.424880 0.598437 0.033413 0.100000
15 0.426683 0.521354 0.037981 0.079167
15 0.446034 0.721875 0.039183 0.117708
15 0.447837 0.761198 0.047115 0.040104
15 0.473678 0.711458 0.020433 0.063542
15 0.460938 0.638542 0.041587 0.068750
15 0.470192 0.570833 0.036058 0.080208
15 0.485457 0.516927 0.034375 0.093229
15 0.525240 0.542969 0.049038 0.090104
15 0.501442 0.609115 0.034135 0.073438
15 0.499639 0.681250 0.037740 0.067708
15 0.498798 0.755208 0.033173 0.076042
15 0.464423 0.822135 0.042308 0.082812
15 0.504447 0.839583 0.039183 0.113542
15 0.540625 0.790885 0.046635 0.060937
15 0.527885 0.713802 0.031250 0.072396
15 0.543990 0.626563 0.046154 0.090625
15 0.560937 0.567187 0.032933 0.078125
15 0.582933 0.621875 0.026923 0.051042
15 0.591827 0.562760 0.032692 0.075521
15 0.617668 0.503906 0.034375 0.116146
15 0.652644 0.537760 0.041827 0.100521
15 0.613462 0.640104 0.032212 0.092708
15 0.581370 0.679427 0.048798 0.075521
15 0.570072 0.739844 0.045913 0.081771
15 0.611418 0.716667 0.043029 0.066667
15 0.607212 0.778125 0.032212 0.066667
15 0.582572 0.838021 0.044952 0.103125
15 0.542067 0.859375 0.041346 0.078125
15 0.655048 0.756771 0.043269 0.065625
15 0.658654 0.698698 0.048558 0.050521
15 0.633654 0.819271 0.060096 0.100000
15 0.681731 0.846354 0.045673 0.081250
15 0.718510 0.812240 0.048077 0.097396
15 0.707212 0.713802 0.036058 0.083854
15 0.719111 0.625781 0.031490 0.060937
15 0.747236 0.557813 0.040625 0.077083
15 0.785216 0.425781 0.028606 0.071354
15 0.732452 0.239063 0.053846 0.082292
15 0.829567 0.733073 0.038942 0.089063
15 0.988462 0.649219 0.023077 0.079687
15 0.918990 0.554948 0.036058 0.132812
15 0.949880 0.556771 0.030048 0.060417
15 0.966827 0.499740 0.039904 0.063021
15 0.956971 0.432292 0.048558 0.071875
15 0.837740 0.408594 0.060577 0.119271
15 0.879808 0.419271 0.035577 0.086458
15 0.920913 0.377344 0.044231 0.068229
15 0.586418 0.033594 0.049760 0.055729
15 0.812380 0.309896 0.016587 0.050000
15 0.833413 0.277344 0.023558 0.063021
15 0.853365 0.274740 0.037019 0.100521
15 0.851923 0.190365 0.023558 0.084896
15 0.883774 0.198437 0.037740 0.085417
15 0.883173 0.130990 0.031250 0.066146
15 0.876803 0.055469 0.033894 0.082812
15 0.860216 0.114583 0.013702 0.033333
15 0.912019 0.051042 0.036538 0.095833
15 0.915865 0.133594 0.035577 0.075521
15 0.921995 0.210938 0.045433 0.093750
15 0.911538 0.295052 0.056250 0.076563
15 0.958534 0.285156 0.043029 0.066146
15 0.963702 0.212760 0.040385 0.064062
15 0.991106 0.165885 0.017788 0.052604
15 0.960216 0.139844 0.055048 0.072396
15 0.981370 0.085417 0.037260 0.093750
15 0.991947 0.020573 0.016106 0.031771
15 0.957692 0.053125 0.052404 0.094792
