15 0.903533 0.189000 0.129891 0.081500
15 0.974185 0.234625 0.051630 0.044750
15 0.897283 0.297375 0.163043 0.058750
15 0.972826 0.335750 0.054348 0.063500
15 0.825815 0.405125 0.157065 0.074750
15 0.717935 0.459250 0.163043 0.067500
15 0.503533 0.441625 0.144022 0.091250
15 0.389674 0.506125 0.159783 0.078250
15 0.543750 0.339500 0.121196 0.053500
15 0.583967 0.276875 0.104891 0.079750
15 0.669022 0.257000 0.085870 0.044000
15 0.696196 0.211000 0.122826 0.054500
15 0.771467 0.175000 0.113587 0.061500
15 0.659511 0.173875 0.095109 0.062750
15 0.544565 0.164250 0.160870 0.075000
15 0.411957 0.208125 0.203261 0.062750
15 0.359239 0.157000 0.184783 0.052500
15 0.174728 0.165375 0.166848 0.087750
15 0.256793 0.232000 0.166848 0.057000
15 0.432609 0.276250 0.209783 0.089500
15 0.298641 0.315750 0.222283 0.071000
15 0.334783 0.385250 0.157609 0.085500
15 0.112228 0.253750 0.200543 0.064500
15 0.041033 0.161625 0.080978 0.079250
15 0.026902 0.303000 0.052717 0.057000
15 0.110870 0.332250 0.189130 0.070500
15 0.207609 0.391500 0.171739 0.047000
15 0.077989 0.402000 0.150543 0.054000
15 0.235598 0.480500 0.136413 0.074000
15 0.111685 0.512125 0.151630 0.059250
15 0.029620 0.464875 0.058152 0.066750
15 0.236141 0.560750 0.117935 0.082000
15 0.045924 0.577000 0.090761 0.083000
15 0.567663 0.574750 0.151630 0.068000
15 0.682880 0.534875 0.111413 0.060250
15 0.864130 0.516875 0.115217 0.067250
15 0.955978 0.555125 0.088043 0.083750
15 0.902717 0.620375 0.131522 0.054750
15 0.800543 0.582500 0.123913 0.067500
15 0.748641 0.688625 0.121196 0.055250
15 0.962228 0.711000 0.075543 0.057000
15 0.966576 0.779625 0.066848 0.059250
15 0.875815 0.773000 0.135326 0.050500
15 0.801630 0.743250 0.133696 0.060000
15 0.657065 0.731375 0.155435 0.090750
15 0.394565 0.674625 0.186957 0.080750
15 0.328533 0.757500 0.160326 0.068500
15 0.126902 0.768000 0.191848 0.089500
15 0.788587 0.823625 0.163043 0.059250
15 0.931250 0.837875 0.137500 0.059250
15 0.963315 0.892125 0.073370 0.041250
15 0.942663 0.947125 0.114674 0.073250
15 0.933696 0.988375 0.132609 0.023250
15 0.765761 0.975250 0.170652 0.049500
15 0.774728 0.901750 0.127717 0.078000
15 0.665217 0.884500 0.141304 0.068000
15 0.605163 0.947000 0.180978 0.057000
15 0.517935 0.881375 0.145652 0.082750
15 0.377717 0.907000 0.163043 0.074500
15 0.408696 0.969750 0.101087 0.042000
15 0.326630 0.990750 0.108696 0.018500
15 0.541304 0.989875 0.164130 0.020250
15 0.096467 0.962125 0.189674 0.073250
15 0.103533 0.883375 0.183152 0.076250
