15 0.061779 0.094271 0.035096 0.059375
15 0.055409 0.171354 0.049760 0.080208
15 0.091226 0.116927 0.030529 0.088021
15 0.124519 0.113802 0.048077 0.091146
15 0.097596 0.193750 0.051923 0.061458
15 0.138582 0.195052 0.037740 0.073438
15 0.065024 0.260677 0.032933 0.089063
15 0.036298 0.261979 0.038942 0.086458
15 0.027644 0.354948 0.019231 0.099479
15 0.046635 0.346615 0.024519 0.082812
15 0.072356 0.344271 0.035577 0.087500
15 0.102524 0.268490 0.046394 0.090104
15 0.142668 0.278646 0.041587 0.086458
15 0.173678 0.109635 0.045913 0.090104
15 0.191466 0.159635 0.048798 0.090104
15 0.184375 0.210417 0.056250 0.072917
15 0.189062 0.276562 0.051202 0.059375
15 0.228365 0.241927 0.049038 0.057813
15 0.222115 0.172656 0.031250 0.066146
15 0.213341 0.097917 0.032452 0.068750
15 0.245312 0.110937 0.034856 0.080208
15 0.254567 0.168490 0.047115 0.083854
15 0.288462 0.122656 0.039423 0.090104
15 0.290024 0.211198 0.033894 0.048438
15 0.181370 0.350000 0.050240 0.068750
15 0.127043 0.360677 0.054087 0.075521
15 0.050841 0.473177 0.051202 0.108854
15 0.097476 0.490365 0.043029 0.081771
15 0.141707 0.444792 0.050721 0.066667
15 0.184135 0.499219 0.051442 0.068229
15 0.188221 0.568490 0.045192 0.076563
15 0.135457 0.621094 0.034856 0.134896
15 0.163101 0.623958 0.041106 0.077083
15 0.048918 0.793490 0.048798 0.091146
15 0.216346 0.725521 0.056731 0.087500
15 0.242788 0.812760 0.047596 0.082812
15 0.281250 0.425260 0.048077 0.070312
15 0.295312 0.498698 0.034375 0.107813
15 0.334856 0.518229 0.043750 0.085417
15 0.375120 0.474479 0.046394 0.087500
15 0.343990 0.414844 0.056250 0.117188
15 0.321514 0.371354 0.054087 0.089583
15 0.335216 0.272656 0.029087 0.107813
15 0.369832 0.322135 0.042548 0.081771
15 0.366827 0.221094 0.040865 0.080729
15 0.375000 0.136979 0.036538 0.089583
15 0.417187 0.105729 0.046394 0.067708
15 0.410337 0.170573 0.035096 0.081771
15 0.415505 0.265365 0.047356 0.100521
15 0.452163 0.282031 0.036538 0.089063
15 0.423678 0.387500 0.043029 0.086458
15 0.461899 0.383333 0.030048 0.113542
15 0.492548 0.415625 0.036538 0.086458
15 0.443510 0.497917 0.036058 0.122917
15 0.382692 0.572656 0.044231 0.097396
15 0.419231 0.734115 0.047596 0.089063
15 0.431490 0.635938 0.036058 0.097917
15 0.459495 0.547917 0.032933 0.085417
15 0.459135 0.619271 0.028846 0.103125
15 0.478005 0.641927 0.014183 0.053646
15 0.473918 0.695573 0.046394 0.056771
15 0.489784 0.551823 0.023317 0.115104
15 0.508654 0.482552 0.031731 0.082812
15 0.524399 0.543490 0.042548 0.083854
15 0.508534 0.613281 0.038221 0.055729
15 0.515264 0.675000 0.038221 0.060417
15 0.472596 0.827604 0.029327 0.119792
15 0.511058 0.737240 0.048558 0.064062
15 0.537500 0.756250 0.031731 0.120833
15 0.579447 0.701562 0.057452 0.080208
15 0.569832 0.776302 0.040625 0.097396
15 0.568149 0.832031 0.032933 0.040104
15 0.601803 0.782813 0.030048 0.062500
15 0.622596 0.699219 0.036538 0.073438
15 0.641106 0.766667 0.039904 0.054167
15 0.636178 0.834896 0.050721 0.069792
15 0.603125 0.868750 0.032692 0.104167
15 0.637620 0.901823 0.049279 0.066146
15 0.686779 0.886458 0.055769 0.085417
15 0.669231 0.809896 0.030769 0.062500
15 0.696034 0.800000 0.030529 0.070833
15 0.720072 0.877604 0.038221 0.077083
15 0.730409 0.799740 0.044952 0.108854
15 0.700962 0.687500 0.047115 0.094792
15 0.720673 0.611198 0.048077 0.115104
15 0.742668 0.577344 0.037740 0.134896
15 0.802764 0.329948 0.042067 0.120313
15 0.771394 0.682031 0.036058 0.093229
15 0.795072 0.741927 0.042067 0.099479
15 0.765144 0.816927 0.036538 0.081771
15 0.760216 0.895052 0.036779 0.065104
15 0.798678 0.841927 0.045913 0.072396
15 0.816707 0.801823 0.030529 0.072396
15 0.823918 0.899479 0.041587 0.059375
15 0.845793 0.833594 0.026202 0.083854
15 0.866707 0.885677 0.046394 0.065104
15 0.852524 0.751563 0.041106 0.087500
15 0.878726 0.816927 0.041106 0.081771
15 0.893029 0.727083 0.036538 0.138542
15 0.921875 0.833594 0.048558 0.093229
15 0.925481 0.738542 0.036058 0.113542
15 0.943269 0.667448 0.032212 0.054688
15 0.985457 0.411719 0.029087 0.073438
15 0.989784 0.707552 0.020433 0.066146
