15 0.098606 0.162224 0.037849 0.016238
15 0.136454 0.166054 0.040505 0.015931
15 0.176295 0.159926 0.039177 0.021446
15 0.215803 0.159926 0.037185 0.018382
15 0.256640 0.156250 0.048473 0.022059
15 0.291501 0.182292 0.039841 0.028799
15 0.254648 0.182751 0.033865 0.022978
15 0.192231 0.188266 0.044489 0.010723
15 0.138446 0.184896 0.027224 0.022365
15 0.101926 0.176317 0.029880 0.014400
15 0.094622 0.191023 0.027224 0.015625
15 0.056773 0.195619 0.027224 0.023591
15 0.081341 0.207567 0.025896 0.013787
15 0.125830 0.204657 0.040505 0.017157
15 0.170983 0.200061 0.039177 0.017770
15 0.115870 0.215839 0.028552 0.011336
15 0.083001 0.222273 0.034529 0.014400
15 0.058765 0.229473 0.025896 0.011642
15 0.053785 0.243413 0.030544 0.015012
15 0.054449 0.265165 0.042497 0.029105
15 0.097610 0.235141 0.037185 0.010110
15 0.106574 0.246630 0.056441 0.015319
15 0.143094 0.236213 0.035193 0.008578
15 0.145750 0.222733 0.040505 0.012255
15 0.205511 0.212929 0.035193 0.011029
15 0.187583 0.222273 0.039177 0.010723
15 0.182271 0.235294 0.032537 0.015319
15 0.229748 0.226256 0.035857 0.011336
15 0.239708 0.214154 0.027888 0.009191
15 0.274236 0.205270 0.043825 0.018995
15 0.263944 0.229473 0.033865 0.017157
15 0.278552 0.217218 0.024568 0.007353
15 0.219124 0.235907 0.029216 0.016544
15 0.249004 0.241575 0.027888 0.012561
15 0.295153 0.232996 0.023240 0.013174
15 0.309097 0.220129 0.028552 0.010723
15 0.325033 0.208027 0.037849 0.015319
15 0.341633 0.225490 0.035193 0.018382
15 0.370850 0.218750 0.035193 0.018995
15 0.380810 0.234222 0.028552 0.014400
15 0.350930 0.202359 0.037849 0.013787
15 0.381474 0.207414 0.023240 0.012868
15 0.392098 0.193627 0.037849 0.011642
15 0.417331 0.203738 0.032537 0.028186
15 0.342297 0.179228 0.067065 0.025123
15 0.394090 0.180913 0.029880 0.013787
15 0.434595 0.170496 0.032537 0.016850
15 0.440903 0.189338 0.046481 0.020833
15 0.449203 0.204350 0.029880 0.014706
15 0.466467 0.166513 0.020584 0.025429
15 0.500000 0.170956 0.035857 0.015931
15 0.540505 0.180913 0.021248 0.019301
15 0.508300 0.187960 0.027224 0.024203
15 0.490704 0.204197 0.023904 0.018076
15 0.473440 0.186734 0.027888 0.016238
15 0.472112 0.214001 0.023904 0.016850
15 0.512948 0.220129 0.039177 0.014400
15 0.558765 0.199908 0.045817 0.015625
15 0.573373 0.187653 0.029880 0.010110
15 0.619854 0.207874 0.032537 0.019301
15 0.669655 0.207721 0.045817 0.021446
15 0.567397 0.211244 0.063081 0.014400
15 0.546813 0.224877 0.025896 0.014706
15 0.573373 0.228554 0.031208 0.018995
15 0.600930 0.242647 0.030544 0.030637
15 0.560425 0.246783 0.046481 0.012561
15 0.576693 0.259498 0.036521 0.017770
15 0.511620 0.246324 0.043161 0.013480
15 0.497676 0.231005 0.049801 0.015319
15 0.469456 0.248621 0.030544 0.015625
15 0.512616 0.260417 0.031873 0.014093
15 0.556109 0.269148 0.028552 0.020527
15 0.426959 0.237898 0.058433 0.014400
15 0.444555 0.220588 0.032537 0.017157
15 0.409031 0.222426 0.030544 0.012868
15 0.391434 0.251991 0.031208 0.018076
15 0.361554 0.246936 0.032537 0.018995
15 0.323041 0.247702 0.029880 0.018689
15 0.420983 0.254289 0.023904 0.015319
15 0.455511 0.266850 0.043825 0.022059
15 0.424303 0.272212 0.049137 0.017463
15 0.453519 0.284926 0.023904 0.018995
15 0.415339 0.291054 0.036521 0.018995
15 0.375166 0.288450 0.034529 0.021140
15 0.346946 0.266238 0.032537 0.017157
15 0.323705 0.278952 0.041833 0.018689
15 0.283865 0.248315 0.033865 0.015625
15 0.272576 0.272059 0.055113 0.020221
15 0.243028 0.254136 0.043825 0.018689
15 0.229416 0.273131 0.024568 0.011336
15 0.201859 0.270987 0.025232 0.010110
15 0.197875 0.254136 0.045153 0.018689
15 0.155378 0.250306 0.038513 0.014093
15 0.158699 0.265165 0.026560 0.019301
15 0.104250 0.280025 0.069057 0.031250
15 0.121514 0.261642 0.035857 0.006740
15 0.105578 0.304381 0.038513 0.027880
15 0.137450 0.305453 0.034529 0.022059
15 0.153054 0.289062 0.027224 0.022365
15 0.068725 0.321538 0.047145 0.030331
15 0.186587 0.289675 0.041169 0.023591
15 0.219456 0.295037 0.025896 0.018995
15 0.252656 0.288603 0.044489 0.015931
15 0.258964 0.299939 0.049137 0.011642
15 0.291833 0.289369 0.029880 0.015625
15 0.298473 0.305300 0.028552 0.015625
15 0.322377 0.311121 0.037849 0.019301
15 0.342297 0.296875 0.040505 0.016544
15 0.173307 0.310815 0.031873 0.016238
15 0.140106 0.322457 0.047809 0.011336
15 0.107902 0.335172 0.043161 0.018995
15 0.181275 0.332414 0.027888 0.012868
15 0.201859 0.317555 0.039841 0.016238
15 0.213811 0.330882 0.021248 0.009191
15 0.251992 0.320925 0.047145 0.013174
15 0.278220 0.322457 0.034529 0.017463
15 0.300133 0.330882 0.034529 0.018382
15 0.258632 0.341146 0.037849 0.014400
15 0.211819 0.339767 0.055777 0.011642
15 0.147742 0.345282 0.056441 0.026348
15 0.104914 0.352941 0.029216 0.017770
15 0.058765 0.361366 0.040505 0.026042
15 0.096282 0.375919 0.039841 0.025123
15 0.122842 0.381587 0.054449 0.026042
15 0.174635 0.369179 0.033201 0.025735
15 0.217131 0.363971 0.051793 0.024510
15 0.241368 0.357384 0.032537 0.014400
15 0.316401 0.354626 0.040505 0.021752
15 0.278884 0.356464 0.034529 0.022978
15 0.262948 0.374081 0.037185 0.028799
15 0.209163 0.383578 0.049137 0.019608
15 0.332337 0.337163 0.029880 0.016238
15 0.343293 0.325674 0.051793 0.007966
15 0.374834 0.342831 0.041833 0.025735
15 0.417331 0.329657 0.027224 0.018382
15 0.397742 0.310509 0.038513 0.019301
15 0.360890 0.313266 0.035193 0.014400
15 0.286521 0.381893 0.027224 0.030331
15 0.320385 0.377604 0.032537 0.021752
15 0.374170 0.378523 0.067065 0.016850
15 0.403718 0.357077 0.031873 0.029105
15 0.325365 0.393995 0.034529 0.016544
15 0.367198 0.396293 0.053121 0.018076
15 0.310093 0.407629 0.027888 0.013787
15 0.275232 0.408088 0.039177 0.020221
15 0.234728 0.405944 0.045817 0.029412
15 0.195219 0.411152 0.031873 0.015931
15 0.135790 0.406250 0.020584 0.015931
15 0.159695 0.416513 0.029880 0.022978
15 0.090969 0.407016 0.049137 0.024203
15 0.399734 0.406710 0.055777 0.014400
15 0.428287 0.398131 0.039841 0.016238
15 0.435591 0.380515 0.059761 0.017157
15 0.054449 0.436428 0.046481 0.020527
15 0.107238 0.426930 0.061753 0.030331
15 0.145086 0.449295 0.031208 0.035846
15 0.185591 0.437806 0.040505 0.025735
15 0.237384 0.427083 0.045817 0.012868
15 0.240372 0.441330 0.066401 0.018689
15 0.088645 0.469210 0.043161 0.035846
15 0.019588 0.470435 0.037849 0.021752
15 0.050465 0.494945 0.045153 0.032169
15 0.116534 0.482077 0.043161 0.024203
15 0.168659 0.480086 0.079681 0.017157
15 0.211819 0.463848 0.049137 0.022672
15 0.174635 0.469056 0.041169 0.007966
15 0.203851 0.485294 0.042497 0.015931
15 0.145418 0.498775 0.034529 0.016544
15 0.114210 0.513174 0.043825 0.017770
15 0.230080 0.495098 0.041833 0.014706
15 0.183599 0.505208 0.041833 0.024510
15 0.166003 0.520987 0.065073 0.019301
15 0.211819 0.517004 0.023904 0.024816
15 0.255644 0.509191 0.046481 0.021446
15 0.279548 0.486673 0.049137 0.023591
15 0.259960 0.461397 0.048473 0.020221
15 0.305113 0.463848 0.031208 0.022672
15 0.332669 0.481311 0.054449 0.024510
15 0.378154 0.486213 0.033865 0.024510
15 0.331673 0.501225 0.037849 0.014706
15 0.295153 0.513174 0.048473 0.020833
15 0.324369 0.522825 0.048473 0.025429
15 0.255312 0.528339 0.057769 0.017463
15 0.212483 0.544884 0.063745 0.022978
15 0.204515 0.535846 0.035857 0.011029
15 0.163015 0.541207 0.045817 0.026654
15 0.127490 0.544118 0.030544 0.025735
15 0.295817 0.438266 0.057769 0.024816
15 0.293493 0.425245 0.069057 0.011642
15 0.349934 0.419271 0.050465 0.026654
15 0.334661 0.436428 0.046481 0.022978
15 0.395086 0.439798 0.062417 0.018689
15 0.347610 0.455116 0.039177 0.021752
15 0.379150 0.462623 0.046481 0.020221
15 0.412351 0.470129 0.030544 0.016850
15 0.401394 0.511489 0.063081 0.023591
15 0.342297 0.537224 0.040505 0.029105
15 0.388778 0.537531 0.048473 0.019301
15 0.251992 0.543658 0.029880 0.008272
15 0.246348 0.560355 0.078353 0.020221
15 0.166003 0.564338 0.042497 0.014093
15 0.094954 0.557445 0.063745 0.029105
15 0.057105 0.562806 0.058433 0.028799
15 0.030212 0.593444 0.045817 0.025123
15 0.074037 0.593444 0.044489 0.028799
15 0.115538 0.583487 0.038513 0.022365
15 0.157039 0.586703 0.040505 0.026961
15 0.202855 0.574908 0.036521 0.015012
15 0.208499 0.596507 0.045153 0.029412
15 0.175299 0.605699 0.021248 0.030637
15 0.247012 0.589308 0.043825 0.016238
15 0.271248 0.574449 0.039177 0.014093
15 0.306773 0.555607 0.042497 0.015625
15 0.316069 0.569240 0.035857 0.014093
15 0.378486 0.559436 0.063745 0.017770
15 0.366866 0.581955 0.057769 0.017463
15 0.413015 0.576746 0.035857 0.016238
15 0.420983 0.552237 0.035857 0.029105
15 0.311421 0.592371 0.062417 0.031556
15 0.243692 0.609988 0.035857 0.015319
15 0.275896 0.613664 0.044489 0.015931
15 0.211487 0.626838 0.057769 0.021446
15 0.151394 0.625766 0.043825 0.022978
15 0.108234 0.612286 0.043825 0.030331
15 0.063745 0.630055 0.049137 0.019301
15 0.058433 0.651348 0.057105 0.020221
15 0.139110 0.652420 0.039177 0.027267
15 0.248340 0.642616 0.047809 0.019301
15 0.264608 0.625460 0.044489 0.013787
15 0.319389 0.621783 0.069057 0.018076
15 0.297809 0.648131 0.049801 0.032782
15 0.273904 0.663756 0.025896 0.016238
15 0.242696 0.668199 0.028552 0.028799
15 0.200531 0.669577 0.058433 0.034007
15 0.401062 0.598958 0.033201 0.022672
15 0.363878 0.602175 0.046481 0.022365
15 0.395086 0.621477 0.043825 0.021752
15 0.429615 0.611826 0.026560 0.016544
15 0.353918 0.640319 0.053121 0.018995
15 0.346614 0.662071 0.038513 0.018995
15 0.392430 0.654718 0.045153 0.025123
15 0.295485 0.681985 0.051793 0.026961
15 0.257636 0.690870 0.038513 0.034314
15 0.336653 0.686121 0.033201 0.020527
15 0.307105 0.712316 0.049801 0.019608
15 0.253652 0.727941 0.053121 0.034314
15 0.313081 0.732996 0.057769 0.024203
15 0.357570 0.707874 0.044489 0.019914
15 0.371182 0.685815 0.025232 0.023591
15 0.408699 0.691789 0.048473 0.033088
15 0.380146 0.732230 0.049801 0.031250
15 0.358898 0.752451 0.048473 0.019608
15 0.249336 0.759957 0.061753 0.026654
15 0.401062 0.804994 0.063745 0.046875
15 0.469456 0.788909 0.087649 0.021446
15 0.520584 0.821385 0.062417 0.035539
15 0.597278 0.825980 0.056441 0.031863
15 0.563745 0.798254 0.065073 0.026654
15 0.641766 0.804841 0.061753 0.030637
15 0.609230 0.782935 0.051129 0.017463
15 0.669323 0.780331 0.057105 0.026961
15 0.615206 0.764400 0.041833 0.018995
15 0.566401 0.763480 0.035857 0.033701
15 0.518592 0.753676 0.058433 0.028799
15 0.510956 0.771906 0.063081 0.012561
15 0.445551 0.764093 0.061089 0.022672
15 0.413679 0.748468 0.023904 0.016544
15 0.427291 0.727941 0.031208 0.027574
15 0.462483 0.746017 0.044489 0.022059
15 0.496016 0.726256 0.054449 0.024816
15 0.454847 0.715839 0.031873 0.026654
15 0.482404 0.694700 0.041833 0.022978
15 0.577689 0.731924 0.086321 0.019608
15 0.596946 0.745558 0.043825 0.016238
15 0.647410 0.736826 0.054449 0.020221
15 0.656707 0.755668 0.046481 0.015625
15 0.691235 0.742494 0.041169 0.028493
15 0.713147 0.772672 0.046481 0.028186
15 0.715139 0.728707 0.050465 0.022978
15 0.641102 0.719056 0.068393 0.014706
15 0.584993 0.712010 0.041169 0.016544
15 0.529216 0.708793 0.046481 0.021752
15 0.564077 0.692402 0.065737 0.021446
15 0.517264 0.676930 0.042497 0.020527
15 0.437583 0.664216 0.038513 0.027574
15 0.472444 0.672794 0.055113 0.023897
15 0.488380 0.651654 0.039177 0.022059
15 0.530212 0.658701 0.035193 0.014093
15 0.574369 0.666207 0.046481 0.022978
15 0.612218 0.669884 0.029216 0.024816
15 0.647078 0.676317 0.037849 0.032169
15 0.680611 0.701746 0.054449 0.032782
15 0.698871 0.672641 0.040505 0.034620
15 0.664011 0.649969 0.047809 0.017463
15 0.606906 0.643995 0.049137 0.023284
15 0.554117 0.644148 0.043161 0.016850
15 0.508300 0.637255 0.043161 0.025735
15 0.466135 0.622243 0.034529 0.029412
15 0.507304 0.612286 0.058433 0.022978
15 0.569389 0.622089 0.032537 0.027267
15 0.545485 0.607690 0.041833 0.019301
15 0.493028 0.598652 0.041833 0.018382
15 0.447543 0.596507 0.047809 0.018995
15 0.468127 0.575368 0.065073 0.021446
15 0.528552 0.586091 0.053121 0.012868
15 0.550797 0.570619 0.056441 0.015625
15 0.593293 0.593750 0.055113 0.026348
15 0.491368 0.560202 0.041169 0.019914
15 0.748672 0.793658 0.051129 0.032169
15 0.824037 0.791820 0.083665 0.022365
15 0.760956 0.767923 0.058433 0.028493
15 0.813745 0.763327 0.045817 0.030331
15 0.876494 0.772365 0.058433 0.027574
15 0.904050 0.758885 0.088313 0.020221
15 0.959495 0.773284 0.027888 0.031863
15 0.931607 0.782629 0.043825 0.025429
15 0.847610 0.744026 0.035193 0.035233
15 0.818725 0.731618 0.045153 0.034314
15 0.771248 0.735600 0.041833 0.037990
15 0.762616 0.711550 0.049801 0.013174
15 0.807769 0.706955 0.043161 0.025429
15 0.754980 0.693627 0.063745 0.022672
15 0.860558 0.710325 0.058433 0.032169
15 0.916667 0.733150 0.048473 0.028799
15 0.959827 0.711091 0.045817 0.034314
15 0.912683 0.693627 0.068393 0.026348
15 0.858566 0.681679 0.043825 0.028186
15 0.800133 0.681373 0.074369 0.025735
15 0.741368 0.667126 0.036521 0.028493
15 0.901726 0.670343 0.075697 0.020833
15 0.915671 0.648591 0.075697 0.025123
15 0.933267 0.633732 0.052457 0.019301
15 0.978752 0.671875 0.039841 0.032475
15 0.980744 0.642004 0.038513 0.035846
15 0.935591 0.615962 0.046481 0.018076
15 0.854914 0.605545 0.053785 0.022978
15 0.814077 0.630362 0.038513 0.029718
15 0.777224 0.629902 0.035193 0.030025
15 0.738380 0.642157 0.038513 0.025735
15 0.697543 0.632353 0.048473 0.017770
15 0.645086 0.630208 0.045817 0.018995
15 0.666003 0.609375 0.045153 0.018995
15 0.733400 0.612898 0.056441 0.029718
15 0.791501 0.598652 0.047809 0.023284
15 0.911355 0.593137 0.063081 0.018995
15 0.921979 0.576134 0.067065 0.015625
15 0.975764 0.601409 0.047145 0.044118
15 0.735392 0.588082 0.045817 0.022978
15 0.678951 0.584406 0.065737 0.025429
15 0.636122 0.574602 0.034529 0.019914
15 0.592961 0.565717 0.043825 0.019301
15 0.674303 0.556832 0.051129 0.021752
15 0.715471 0.556526 0.035193 0.027267
15 0.758964 0.556373 0.041169 0.025735
15 0.793493 0.547028 0.042497 0.024203
15 0.766932 0.530025 0.039841 0.017770
15 0.827357 0.535692 0.063745 0.027267
15 0.877158 0.553768 0.059761 0.023591
15 0.954847 0.553768 0.053121 0.021752
15 0.911687 0.535080 0.053121 0.019301
15 0.968127 0.533854 0.050465 0.021752
15 0.859562 0.526961 0.055113 0.025735
15 0.622510 0.551777 0.043161 0.022672
15 0.701859 0.527880 0.041169 0.019608
15 0.660691 0.529718 0.037185 0.023284
15 0.620518 0.528493 0.039177 0.019608
15 0.575365 0.540901 0.044489 0.027267
15 0.598606 0.513634 0.045817 0.021140
15 0.549801 0.520067 0.034529 0.019301
15 0.585657 0.499234 0.035857 0.022978
15 0.633466 0.491575 0.057105 0.023591
15 0.686587 0.489430 0.049137 0.019914
15 0.665671 0.509804 0.047145 0.014093
15 0.718459 0.509957 0.051793 0.023591
15 0.752324 0.506893 0.029216 0.019914
15 0.789509 0.500766 0.037185 0.027267
15 0.775564 0.484681 0.043825 0.017157
15 0.733068 0.485447 0.045153 0.022365
15 0.706175 0.470588 0.060425 0.013480
15 0.624834 0.467371 0.046481 0.015625
15 0.589641 0.478554 0.029216 0.015319
15 0.556773 0.484988 0.059097 0.017770
15 0.538845 0.502451 0.059097 0.012868
15 0.507968 0.524510 0.043825 0.028186
15 0.533201 0.553002 0.059761 0.015931
15 0.465803 0.538909 0.048473 0.023284
15 0.442895 0.523438 0.039841 0.019301
15 0.450863 0.504902 0.039841 0.021446
15 0.480744 0.509957 0.026560 0.024203
15 0.505976 0.488664 0.033201 0.014706
15 0.465803 0.484069 0.033865 0.022059
15 0.426627 0.482996 0.039177 0.022365
15 0.448871 0.453738 0.054449 0.025735
15 0.485060 0.445312 0.020584 0.016238
15 0.493360 0.463695 0.031873 0.022365
15 0.530212 0.469056 0.039177 0.016544
15 0.568725 0.461397 0.055113 0.015319
15 0.527556 0.448836 0.048473 0.018995
15 0.598606 0.446232 0.072377 0.017463
15 0.563745 0.434130 0.067729 0.015931
15 0.500664 0.427696 0.046481 0.020221
15 0.448871 0.431832 0.042497 0.021140
15 0.421315 0.417586 0.037849 0.018382
15 0.464475 0.410692 0.029880 0.013174
15 0.503652 0.406556 0.040505 0.019608
15 0.547477 0.418045 0.039177 0.011336
15 0.597942 0.419271 0.044489 0.017463
15 0.558765 0.404871 0.055113 0.014400
15 0.513280 0.384651 0.038513 0.023591
15 0.473772 0.395221 0.037849 0.014706
15 0.482072 0.380668 0.022576 0.011336
15 0.487716 0.363051 0.039177 0.022672
15 0.437915 0.363358 0.049801 0.014706
15 0.512616 0.365962 0.026560 0.013174
15 0.550133 0.369179 0.039177 0.020833
15 0.549801 0.390625 0.035857 0.014706
15 0.594290 0.392770 0.045153 0.025735
15 0.631806 0.392923 0.040505 0.027267
15 0.579349 0.369638 0.029880 0.018689
15 0.549137 0.356618 0.025232 0.010417
15 0.724104 0.230852 0.052457 0.019914
15 0.678287 0.236213 0.045817 0.022059
15 0.665339 0.252911 0.045153 0.026042
15 0.630478 0.257659 0.035193 0.020221
15 0.597942 0.278646 0.045817 0.015625
15 0.600266 0.295496 0.041169 0.016850
15 0.526228 0.280025 0.041833 0.027574
15 0.538845 0.302849 0.037849 0.018076
15 0.490704 0.304688 0.025232 0.013174
15 0.479416 0.316176 0.042497 0.022059
15 0.438579 0.307138 0.051129 0.018689
15 0.448207 0.321691 0.021248 0.015319
15 0.441235 0.336244 0.024568 0.007659
15 0.438579 0.347580 0.041833 0.013787
15 0.474104 0.338082 0.029216 0.022978
15 0.510956 0.344822 0.044489 0.015625
15 0.526892 0.326593 0.041833 0.023284
15 0.553121 0.321538 0.026560 0.018076
15 0.581009 0.329810 0.031873 0.019914
15 0.559429 0.346201 0.027224 0.012868
15 0.606242 0.346201 0.030544 0.017157
15 0.618858 0.364583 0.039841 0.014093
15 0.647410 0.373315 0.041169 0.017463
15 0.683267 0.380821 0.033201 0.022059
15 0.711487 0.375460 0.044489 0.022978
15 0.685591 0.345129 0.039177 0.023591
15 0.644090 0.355392 0.027888 0.014706
15 0.655378 0.338695 0.025232 0.015012
15 0.630478 0.332721 0.031208 0.015319
15 0.598606 0.322304 0.041833 0.017157
15 0.619854 0.313725 0.045817 0.017157
15 0.657371 0.323223 0.030544 0.011029
15 0.708499 0.327359 0.030544 0.018689
15 0.676959 0.306985 0.036521 0.019608
15 0.643426 0.294730 0.037185 0.018382
15 0.720120 0.354167 0.033865 0.017157
15 0.749668 0.358609 0.041169 0.026042
15 0.772908 0.373928 0.049137 0.015625
15 0.788181 0.354013 0.038513 0.021140
15 0.748008 0.340380 0.043161 0.011642
15 0.752324 0.329657 0.049137 0.009804
15 0.741368 0.319087 0.040505 0.011336
15 0.724436 0.305300 0.042497 0.021752
15 0.710491 0.293045 0.043825 0.015625
15 0.670983 0.287224 0.041833 0.016238
15 0.785193 0.317249 0.035193 0.015625
15 0.761620 0.304228 0.031873 0.015319
15 0.715139 0.271293 0.062417 0.010723
15 0.664011 0.271752 0.042497 0.015931
15 0.698539 0.258732 0.033201 0.014400
15 0.741368 0.259191 0.032537 0.014706
15 0.719456 0.246324 0.036521 0.011642
15 0.804781 0.249540 0.042497 0.016850
15 0.839973 0.254442 0.034529 0.022978
15 0.875498 0.256740 0.040505 0.027574
15 0.903718 0.244332 0.038513 0.015625
15 0.776892 0.272672 0.038513 0.018995
15 0.793493 0.292126 0.050465 0.019914
15 0.841301 0.296415 0.051793 0.018689
15 0.842629 0.307904 0.046481 0.023897
15 0.886122 0.310968 0.031208 0.022672
15 0.812085 0.310815 0.018592 0.019914
15 0.820717 0.328585 0.046481 0.020527
15 0.785857 0.333946 0.027224 0.015931
15 0.860558 0.330423 0.029216 0.009498
15 0.868526 0.342218 0.055777 0.015319
15 0.813081 0.348192 0.020584 0.018076
15 0.838645 0.354013 0.023904 0.017463
15 0.815073 0.363051 0.044489 0.024510
15 0.882138 0.360294 0.048473 0.015319
15 0.852922 0.374694 0.027224 0.017157
15 0.903054 0.375000 0.049137 0.016544
15 0.816069 0.380515 0.035857 0.020221
15 0.785525 0.393229 0.046481 0.016850
15 0.739708 0.397518 0.039841 0.018076
15 0.898406 0.392616 0.047809 0.011336
15 0.880478 0.403952 0.039841 0.016850
15 0.835989 0.394914 0.038513 0.020221
15 0.771912 0.410386 0.049801 0.018689
15 0.727756 0.413756 0.037185 0.016850
15 0.847942 0.417433 0.051793 0.019914
15 0.889110 0.424020 0.037185 0.018995
15 0.724436 0.428615 0.066401 0.014706
15 0.655710 0.434896 0.055113 0.014400
15 0.706839 0.450061 0.051129 0.022672
15 0.743028 0.445312 0.039841 0.017463
15 0.765604 0.464001 0.053121 0.021140
15 0.820385 0.455270 0.056441 0.023897
15 0.867198 0.458180 0.034529 0.021140
15 0.889442 0.442862 0.035193 0.016238
15 0.931275 0.444853 0.047145 0.020833
15 0.900398 0.465686 0.033201 0.021446
15 0.864210 0.481771 0.053785 0.019301
15 0.817729 0.481771 0.039177 0.019914
15 0.932271 0.478554 0.062417 0.020833
15 0.878486 0.502604 0.041169 0.019914
15 0.833001 0.501685 0.045817 0.015625
15 0.927623 0.498468 0.054449 0.014706
15 0.970120 0.502451 0.041169 0.022672
15 0.931939 0.517770 0.048473 0.015931
15 0.067729 0.832721 0.094290 0.027574
