15 0.793750 0.102750 0.075543 0.033500
15 0.816848 0.131875 0.063043 0.035250
15 0.721739 0.125000 0.097826 0.018500
15 0.728804 0.107250 0.045652 0.015500
15 0.641848 0.111250 0.079348 0.033000
15 0.585870 0.129000 0.111957 0.013500
15 0.610326 0.144250 0.083696 0.023500
15 0.724457 0.141250 0.121739 0.020500
15 0.699728 0.164125 0.042935 0.025750
15 0.747826 0.159875 0.051087 0.025250
15 0.805435 0.162875 0.059783 0.017250
15 0.812500 0.179750 0.059783 0.024000
15 0.862772 0.163250 0.054891 0.018000
15 0.886413 0.190125 0.109783 0.029250
15 0.935598 0.164625 0.060326 0.016750
15 0.748098 0.182125 0.062500 0.016750
15 0.795924 0.206375 0.082065 0.024750
15 0.713859 0.208875 0.055978 0.025750
15 0.652717 0.184500 0.068478 0.047500
15 0.604348 0.166500 0.025000 0.018000
15 0.534239 0.157750 0.064130 0.025000
15 0.485870 0.150500 0.052174 0.034500
15 0.539946 0.183250 0.064674 0.028500
15 0.596739 0.191375 0.045652 0.016250
15 0.575815 0.212875 0.085326 0.024250
15 0.482065 0.204250 0.071739 0.025000
15 0.439674 0.188250 0.069565 0.022500
15 0.384511 0.212500 0.088587 0.031500
15 0.472011 0.226375 0.095109 0.022750
15 0.503261 0.243125 0.111957 0.021750
15 0.601902 0.244250 0.087500 0.037000
15 0.641576 0.222000 0.070109 0.017000
15 0.685326 0.255375 0.079348 0.031250
15 0.700272 0.229625 0.097283 0.024250
15 0.764946 0.253250 0.062500 0.038000
15 0.791848 0.232125 0.086957 0.026250
15 0.885326 0.225750 0.085870 0.042000
15 0.984511 0.162250 0.030978 0.031000
15 0.979348 0.207125 0.041304 0.044250
15 0.897826 0.260625 0.059783 0.027750
15 0.966033 0.262125 0.067935 0.036250
15 0.829620 0.270000 0.046196 0.045500
15 0.952989 0.238125 0.029891 0.016750
15 0.972283 0.312125 0.055435 0.047250
15 0.871196 0.305625 0.154348 0.031750
15 0.845652 0.332500 0.129348 0.033500
15 0.806793 0.361250 0.098370 0.044000
15 0.735054 0.379000 0.110326 0.029500
15 0.733424 0.304875 0.077717 0.048750
15 0.650000 0.337625 0.095652 0.045250
15 0.621467 0.291750 0.094022 0.042000
15 0.536957 0.276250 0.088043 0.047500
15 0.473370 0.268250 0.027174 0.021500
15 0.466848 0.295375 0.072826 0.033750
15 0.519293 0.328000 0.084239 0.039500
15 0.442935 0.331125 0.055435 0.038750
15 0.383424 0.348625 0.075543 0.044750
15 0.360054 0.306750 0.110326 0.032000
15 0.383424 0.265375 0.078804 0.047250
15 0.304891 0.335500 0.060870 0.022000
15 0.257609 0.309250 0.077174 0.028000
15 0.300000 0.277625 0.088043 0.030750
15 0.263315 0.247125 0.111413 0.029250
15 0.255707 0.219500 0.094022 0.027500
15 0.177989 0.240500 0.074457 0.035500
15 0.204620 0.277500 0.102717 0.032000
15 0.111685 0.284000 0.060326 0.026000
15 0.081793 0.259875 0.089674 0.032750
15 0.066304 0.231375 0.131522 0.034750
15 0.054076 0.204125 0.107065 0.023250
15 0.016848 0.272750 0.032609 0.032500
15 0.133152 0.309250 0.085870 0.029000
15 0.036413 0.323000 0.071739 0.035500
15 0.125543 0.345375 0.091304 0.034750
15 0.052989 0.359000 0.082065 0.041500
15 0.210054 0.338000 0.080978 0.042500
15 0.285598 0.355750 0.097283 0.024500
15 0.469293 0.380000 0.096196 0.039000
15 0.388315 0.396500 0.075543 0.022000
15 0.282337 0.379000 0.113587 0.022000
15 0.293478 0.403750 0.108696 0.036500
15 0.185598 0.402375 0.084239 0.033750
15 0.176630 0.371500 0.094565 0.017500
15 0.103261 0.393000 0.107609 0.035000
15 0.226902 0.434875 0.159239 0.026750
15 0.426359 0.427875 0.096196 0.041750
15 0.502989 0.411375 0.097283 0.023750
15 0.591304 0.429625 0.117391 0.032750
15 0.516033 0.453125 0.134239 0.034250
15 0.359511 0.457625 0.113587 0.048750
15 0.254620 0.461375 0.080978 0.027250
15 0.169565 0.471750 0.078261 0.032000
15 0.063043 0.465375 0.107609 0.048250
15 0.025815 0.498000 0.050543 0.022500
15 0.135054 0.517625 0.122283 0.041250
15 0.047283 0.528500 0.093478 0.028000
15 0.266848 0.507500 0.116304 0.046500
15 0.370652 0.523500 0.098913 0.057500
15 0.459239 0.500875 0.098913 0.065750
15 0.551359 0.497750 0.103804 0.053500
15 0.681250 0.490125 0.112500 0.060250
15 0.755707 0.449500 0.120109 0.036000
15 0.796739 0.486375 0.121739 0.055250
15 0.915489 0.484125 0.113587 0.048250
15 0.979891 0.448875 0.040217 0.023250
15 0.968478 0.523500 0.063043 0.029500
15 0.954620 0.566875 0.090761 0.054750
15 0.837228 0.530250 0.159239 0.045500
15 0.861685 0.587500 0.110326 0.063500
15 0.966576 0.632625 0.066848 0.059250
15 0.795380 0.619750 0.096196 0.057000
15 0.686141 0.570625 0.089674 0.056250
15 0.617120 0.544250 0.126630 0.046500
15 0.399185 0.603750 0.114674 0.063500
15 0.289946 0.575000 0.096196 0.057000
15 0.209511 0.558500 0.089674 0.046000
15 0.112772 0.562250 0.111413 0.043000
15 0.028804 0.576500 0.054348 0.043500
15 0.182337 0.622625 0.113587 0.080250
15 0.066848 0.619750 0.086957 0.064000
15 0.020109 0.657500 0.039130 0.071000
15 0.292391 0.628500 0.093478 0.052500
15 0.446739 0.645000 0.194565 0.040000
15 0.603261 0.618375 0.098913 0.077250
15 0.698098 0.662250 0.121196 0.078000
15 0.815217 0.686875 0.140217 0.058750
15 0.954620 0.697375 0.090761 0.063250
15 0.886413 0.726125 0.129348 0.052250
15 0.964130 0.773875 0.071739 0.083750
15 0.809783 0.796250 0.155435 0.064500
15 0.565217 0.712500 0.154348 0.079500
15 0.462228 0.693250 0.120109 0.049500
15 0.291033 0.695625 0.161413 0.072750
15 0.217120 0.747125 0.114674 0.066250
15 0.095109 0.738125 0.123913 0.083250
15 0.016304 0.744250 0.031522 0.064000
15 0.379348 0.774125 0.209783 0.073750
15 0.570924 0.785125 0.160326 0.069250
15 0.653261 0.830250 0.130435 0.057000
15 0.777174 0.866500 0.178261 0.056500
15 0.948913 0.852125 0.102174 0.087750
15 0.654076 0.896250 0.159239 0.070500
15 0.529891 0.870375 0.169565 0.061750
15 0.419293 0.848750 0.150543 0.079000
15 0.284239 0.893000 0.165217 0.118500
15 0.064946 0.897000 0.128804 0.114000
15 0.192663 0.963125 0.144022 0.073750
15 0.074457 0.980250 0.147826 0.039500
15 0.401087 0.957875 0.131522 0.084250
15 0.523641 0.989000 0.159239 0.022000
15 0.697011 0.958750 0.174457 0.079000
15 0.825000 0.949750 0.092391 0.100500
15 0.938043 0.947125 0.123913 0.105750
