15 0.986298 0.087500 0.027404 0.153125
15 0.951562 0.098698 0.063702 0.118229
15 0.941827 0.019531 0.039904 0.038021
15 0.906250 0.021615 0.021154 0.042188
15 0.867067 0.040625 0.067308 0.080208
15 0.857332 0.127604 0.058413 0.115625
15 0.900481 0.191667 0.031250 0.141667
15 0.940986 0.209375 0.046875 0.100000
15 0.981130 0.227344 0.037740 0.101562
15 0.806130 0.038802 0.051683 0.076563
15 0.755048 0.036458 0.084135 0.071875
15 0.758534 0.096615 0.033894 0.064062
15 0.791106 0.132031 0.037500 0.106771
15 0.710096 0.099479 0.071635 0.139583
15 0.686899 0.016146 0.051202 0.031250
15 0.680288 0.055990 0.022596 0.052604
15 0.699038 0.223177 0.040865 0.089063
15 0.748077 0.190104 0.054808 0.107292
15 0.757692 0.265885 0.052885 0.138021
15 0.800481 0.238542 0.042308 0.098958
15 0.829808 0.199740 0.036058 0.085938
15 0.859856 0.277604 0.053365 0.134375
15 0.819952 0.294271 0.040385 0.083333
15 0.946394 0.294792 0.046154 0.072917
15 0.984495 0.303125 0.031010 0.073958
15 0.904567 0.339583 0.062981 0.120833
15 0.837620 0.408333 0.057933 0.130208
15 0.793750 0.400260 0.058654 0.138021
15 0.955529 0.410417 0.075000 0.162500
15 0.887500 0.474219 0.062981 0.131771
15 0.988101 0.426302 0.023798 0.110937
15 0.958413 0.548438 0.055288 0.147917
15 0.904808 0.600781 0.079327 0.117188
15 0.793750 0.495573 0.050962 0.067187
15 0.736538 0.463802 0.071154 0.139063
15 0.847476 0.647656 0.068029 0.119271
15 0.803966 0.575521 0.043990 0.107292
15 0.754567 0.563021 0.050481 0.069792
15 0.738101 0.608333 0.073317 0.093750
15 0.696635 0.524740 0.061058 0.099479
15 0.739543 0.342187 0.033894 0.106250
15 0.697356 0.305469 0.063942 0.153646
15 0.667188 0.400781 0.062260 0.113021
15 0.684255 0.617708 0.035817 0.076042
15 0.697957 0.692448 0.032452 0.090104
15 0.690264 0.748698 0.042067 0.066146
15 0.754447 0.690625 0.069471 0.088542
15 0.747115 0.762760 0.067308 0.168229
15 0.793990 0.674479 0.041346 0.080208
15 0.816346 0.732552 0.052404 0.072396
15 0.980288 0.643490 0.039423 0.156771
15 0.934255 0.734375 0.062740 0.146875
15 0.983173 0.764583 0.033654 0.080208
15 0.875240 0.747396 0.062500 0.083333
15 0.818630 0.805990 0.073317 0.136979
15 0.880769 0.822656 0.065385 0.084896
15 0.903726 0.878646 0.039183 0.106250
15 0.957091 0.862500 0.085817 0.123958
15 0.987260 0.918229 0.023558 0.102083
15 0.940505 0.958594 0.052163 0.079687
15 0.902284 0.975521 0.023317 0.048958
15 0.858534 0.940625 0.060337 0.118750
15 0.816466 0.906250 0.039663 0.075000
15 0.797236 0.960156 0.065144 0.079687
15 0.750841 0.983073 0.043029 0.033854
15 0.763942 0.902604 0.055288 0.115625
15 0.702163 0.952604 0.064423 0.094792
15 0.657572 0.933594 0.047356 0.108854
15 0.701442 0.847135 0.066346 0.126562
15 0.616707 0.945052 0.056010 0.107813
15 0.634014 0.819010 0.064183 0.110937
15 0.651563 0.705729 0.056010 0.115625
15 0.602284 0.709635 0.041587 0.133854
15 0.634495 0.586979 0.054087 0.146875
15 0.644231 0.467187 0.079327 0.095833
15 0.591226 0.534896 0.042548 0.125000
15 0.633293 0.287500 0.060337 0.137500
15 0.662139 0.228125 0.018990 0.031250
15 0.612380 0.380729 0.035337 0.083333
15 0.568029 0.292708 0.065385 0.102083
15 0.592668 0.164844 0.046875 0.138021
15 0.643870 0.147656 0.053125 0.144271
15 0.675120 0.168750 0.015625 0.055208
15 0.612260 0.075000 0.031250 0.080208
15 0.641947 0.038542 0.055048 0.075000
15 0.596635 0.013802 0.034135 0.026562
15 0.570433 0.062760 0.050000 0.104688
15 0.547115 0.187760 0.043269 0.136979
15 0.527524 0.296354 0.033413 0.059375
15 0.545072 0.377865 0.089183 0.098437
15 0.575000 0.438281 0.060096 0.086979
15 0.518389 0.456771 0.052163 0.062500
15 0.554688 0.547396 0.028606 0.125000
15 0.563822 0.643750 0.048798 0.154167
15 0.580529 0.790885 0.039423 0.118229
15 0.540264 0.814844 0.040625 0.114062
15 0.520312 0.781510 0.042548 0.136979
15 0.518029 0.657292 0.050000 0.102083
15 0.564904 0.909115 0.051442 0.102604
15 0.567308 0.978906 0.038942 0.042188
15 0.533534 0.967708 0.030048 0.062500
15 0.495192 0.981250 0.027885 0.037500
15 0.508293 0.911458 0.051202 0.116667
15 0.463942 0.958073 0.037500 0.083854
15 0.426082 0.937240 0.032933 0.123438
15 0.462861 0.869792 0.068029 0.114583
15 0.490024 0.764323 0.055048 0.149479
15 0.441707 0.760677 0.036779 0.092188
15 0.461298 0.681250 0.056250 0.075000
15 0.457813 0.576042 0.051202 0.135417
15 0.511538 0.537240 0.082692 0.138021
15 0.385937 0.936719 0.043990 0.126562
15 0.402284 0.822135 0.044952 0.109896
15 0.396154 0.716146 0.060577 0.142708
15 0.404207 0.647135 0.056490 0.122396
15 0.411058 0.549479 0.049519 0.142708
15 0.441587 0.533854 0.017308 0.094792
15 0.420913 0.442448 0.057692 0.094271
15 0.471995 0.439323 0.051683 0.138021
15 0.475721 0.344792 0.051442 0.081250
15 0.409615 0.354948 0.039423 0.102604
15 0.499880 0.248958 0.047356 0.103125
15 0.451322 0.245312 0.057933 0.185417
15 0.411298 0.276823 0.014904 0.056771
15 0.404567 0.197656 0.057692 0.107813
15 0.452043 0.146875 0.046394 0.064583
15 0.510337 0.096094 0.047115 0.191146
15 0.459135 0.064583 0.058654 0.100000
15 0.408654 0.091146 0.052404 0.102083
15 0.418990 0.024219 0.046154 0.047396
15 0.467548 0.014844 0.044231 0.028646
15 0.363582 0.041667 0.044952 0.082292
15 0.349880 0.114583 0.053125 0.057292
15 0.347716 0.189323 0.058413 0.138021
15 0.375601 0.271354 0.048317 0.061458
15 0.357572 0.340885 0.064183 0.110937
15 0.324519 0.219792 0.044231 0.164583
15 0.368269 0.441146 0.067308 0.084375
15 0.374519 0.519531 0.050481 0.076563
15 0.354687 0.596094 0.052644 0.106771
15 0.311779 0.464583 0.064904 0.111458
15 0.303966 0.559896 0.054087 0.077083
15 0.342909 0.722917 0.064663 0.136458
15 0.350962 0.842708 0.047115 0.106250
15 0.354207 0.954167 0.021394 0.089583
15 0.314784 0.929167 0.063221 0.141667
15 0.294591 0.890625 0.048317 0.137500
15 0.257812 0.977604 0.051683 0.044792
15 0.250962 0.919531 0.038462 0.074479
15 0.294952 0.792448 0.050962 0.081771
15 0.259495 0.729427 0.050240 0.188021
15 0.299880 0.660417 0.056971 0.128125
15 0.252163 0.560677 0.056250 0.130729
15 0.219471 0.677083 0.048558 0.127083
15 0.216346 0.784375 0.038462 0.050000
15 0.276442 0.360156 0.054808 0.217188
15 0.319712 0.360417 0.031250 0.109375
15 0.267428 0.226562 0.044471 0.100000
15 0.233534 0.318750 0.052644 0.112500
15 0.216947 0.386979 0.043029 0.105208
15 0.288221 0.144271 0.045192 0.084375
15 0.350841 0.059896 0.018990 0.045833
15 0.317308 0.054948 0.040385 0.106771
15 0.277163 0.052604 0.053846 0.104167
15 0.240625 0.159375 0.044712 0.192708
15 0.197596 0.179948 0.041827 0.101562
15 0.220913 0.060417 0.045673 0.119792
15 0.170913 0.033073 0.059135 0.060937
15 0.177404 0.114062 0.040865 0.093750
15 0.144712 0.173177 0.061058 0.095312
15 0.181611 0.283333 0.070913 0.102083
15 0.138462 0.235937 0.066827 0.077083
15 0.164062 0.379688 0.062260 0.119792
15 0.162981 0.480469 0.036538 0.078646
15 0.215144 0.478385 0.078846 0.106771
15 0.178846 0.572135 0.072596 0.088021
15 0.154928 0.653385 0.081971 0.105729
15 0.185216 0.736198 0.059856 0.085938
15 0.221995 0.865365 0.092548 0.126562
15 0.199279 0.943750 0.064904 0.108333
15 0.137981 0.944010 0.071154 0.111979
15 0.100120 0.967708 0.065144 0.062500
15 0.061779 0.880729 0.055288 0.121875
15 0.023317 0.962240 0.046154 0.069271
15 0.005649 0.871094 0.010817 0.103646
15 0.126683 0.766927 0.060577 0.131771
15 0.112380 0.676823 0.019952 0.046354
15 0.083774 0.655729 0.040625 0.107292
15 0.060337 0.717448 0.062981 0.088021
15 0.016827 0.738281 0.033173 0.110937
15 0.041106 0.612760 0.059615 0.125521
15 0.110337 0.497135 0.077404 0.202604
15 0.049519 0.467969 0.047115 0.145313
15 0.026442 0.514844 0.046154 0.073438
15 0.004808 0.454688 0.009135 0.087500
15 0.018029 0.431250 0.019712 0.062500
15 0.068990 0.360938 0.051442 0.114583
15 0.021514 0.341146 0.042548 0.111458
15 0.077163 0.250521 0.049519 0.106250
15 0.119832 0.316927 0.049279 0.126562
15 0.027764 0.242448 0.054087 0.089063
15 0.047716 0.152344 0.045913 0.133854
15 0.083654 0.132552 0.059135 0.110937
15 0.011418 0.183854 0.022356 0.073958
15 0.022716 0.068490 0.044952 0.130729
15 0.060216 0.024219 0.026202 0.047396
15 0.058654 0.060417 0.020673 0.037500
15 0.107091 0.063281 0.074279 0.119271
15 0.152764 0.079687 0.011298 0.070833
