15 0.398236 0.085156 0.100859 0.089063
15 0.591361 0.179427 0.095432 0.099479
15 0.795341 0.139323 0.086386 0.097396
15 0.862732 0.025521 0.089100 0.047917
15 0.908412 0.080729 0.082768 0.093750
15 0.964948 0.132292 0.070104 0.122917
15 0.965400 0.024219 0.053822 0.047396
15 0.985753 0.240625 0.028494 0.075000
15 0.980552 0.323177 0.038896 0.064062
15 0.931931 0.284115 0.052917 0.126562
15 0.928765 0.414844 0.100859 0.099479
15 0.959521 0.550000 0.079150 0.072917
15 0.967436 0.695833 0.065129 0.130208
15 0.889190 0.698698 0.096789 0.111979
15 0.856174 0.763802 0.053370 0.072396
15 0.874039 0.860938 0.062867 0.100000
15 0.946404 0.889583 0.057440 0.094792
15 0.900950 0.967969 0.092266 0.064062
15 0.826549 0.929948 0.058345 0.088021
15 0.798281 0.832552 0.069652 0.097396
15 0.786974 0.722656 0.064224 0.092188
15 0.807327 0.610677 0.089552 0.094271
15 0.883085 0.586719 0.058345 0.088021
15 0.897784 0.499740 0.068747 0.067187
15 0.852782 0.403906 0.071913 0.086979
15 0.850068 0.321615 0.086386 0.065104
15 0.852329 0.221354 0.108096 0.098958
15 0.753279 0.260417 0.100859 0.081250
15 0.785391 0.359635 0.055631 0.115104
15 0.809362 0.473438 0.077341 0.084375
15 0.760516 0.544010 0.079150 0.097396
15 0.728403 0.432292 0.079150 0.110417
15 0.719132 0.333073 0.071461 0.090104
15 0.648349 0.297917 0.073722 0.132292
15 0.555631 0.340104 0.078245 0.132292
15 0.618725 0.410156 0.072365 0.085938
15 0.641339 0.471354 0.074175 0.088542
15 0.481682 0.295573 0.066033 0.099479
15 0.459068 0.409896 0.073270 0.125000
15 0.376979 0.456771 0.092718 0.098958
15 0.472637 0.547396 0.093171 0.104167
15 0.543419 0.503385 0.078245 0.116146
15 0.329263 0.567448 0.070556 0.114062
15 0.419493 0.642708 0.084577 0.095833
15 0.296246 0.659635 0.112166 0.074479
15 0.300317 0.760938 0.068747 0.100000
15 0.202171 0.861979 0.085934 0.086458
15 0.274763 0.930208 0.059249 0.130208
15 0.346223 0.891667 0.076436 0.075000
15 0.393487 0.821875 0.106739 0.095833
15 0.387834 0.960156 0.071009 0.079687
15 0.451832 0.912500 0.072365 0.079167
15 0.501809 0.830990 0.081863 0.118229
15 0.540027 0.928646 0.095884 0.077083
15 0.591814 0.823438 0.084577 0.087500
15 0.662144 0.884635 0.112166 0.086979
15 0.680914 0.966146 0.057440 0.067708
15 0.615332 0.945052 0.051108 0.061979
15 0.716644 0.792969 0.074627 0.114062
15 0.754410 0.923177 0.072365 0.092188
15 0.711895 0.648698 0.066938 0.118229
15 0.642243 0.734896 0.106739 0.078125
15 0.631389 0.644010 0.067843 0.095312
15 0.570782 0.632031 0.066938 0.084896
15 0.558345 0.739323 0.074627 0.101562
15 0.493442 0.707812 0.044324 0.112500
15 0.607417 0.562500 0.068747 0.058333
15 0.393939 0.728906 0.097693 0.070312
