15 0.900962 0.894271 0.049519 0.067708
15 0.837380 0.761719 0.055048 0.080729
15 0.959255 0.658073 0.042067 0.123438
15 0.968750 0.552865 0.029808 0.052604
15 0.991466 0.522917 0.017067 0.042708
15 0.985457 0.612760 0.027644 0.074479
15 0.990625 0.693490 0.018750 0.069271
15 0.724279 0.854948 0.029327 0.073438
15 0.975481 0.235677 0.043269 0.067187
15 0.981130 0.308854 0.029567 0.088542
15 0.958774 0.329167 0.050721 0.114583
15 0.912500 0.360677 0.044712 0.094271
15 0.878846 0.339583 0.057212 0.104167
15 0.931250 0.429167 0.051923 0.093750
15 0.885577 0.453906 0.046154 0.069271
15 0.839784 0.422396 0.053606 0.094792
15 0.838942 0.504687 0.047596 0.068750
15 0.815745 0.545833 0.040625 0.086458
15 0.778486 0.592708 0.059856 0.096875
15 0.742067 0.638021 0.029808 0.090625
15 0.719952 0.651042 0.020673 0.078125
15 0.690865 0.620833 0.044231 0.059375
15 0.671034 0.564323 0.035817 0.092188
15 0.694712 0.509635 0.042308 0.086979
15 0.710337 0.568490 0.046635 0.059896
15 0.741346 0.517708 0.041827 0.065625
15 0.781851 0.525260 0.033894 0.048438
15 0.795312 0.427083 0.030529 0.140625
15 0.763101 0.443490 0.032933 0.125521
15 0.717187 0.398177 0.047356 0.111979
15 0.698798 0.694271 0.027885 0.088542
15 0.662380 0.674219 0.054567 0.098437
15 0.662139 0.755990 0.048317 0.077604
15 0.626442 0.796354 0.030288 0.077083
15 0.597837 0.818490 0.022596 0.095312
15 0.579327 0.787500 0.030769 0.072917
15 0.550481 0.816667 0.033654 0.086458
15 0.574159 0.862760 0.036779 0.056771
15 0.564423 0.895052 0.045192 0.086979
15 0.527043 0.888542 0.034856 0.073958
15 0.510337 0.841667 0.042788 0.064583
15 0.480769 0.805729 0.038462 0.072917
15 0.515865 0.772656 0.034135 0.089063
15 0.534736 0.733594 0.034856 0.065104
15 0.563101 0.719792 0.023317 0.062500
15 0.560697 0.662240 0.042067 0.113021
15 0.595673 0.616667 0.048077 0.100000
15 0.605769 0.707552 0.054808 0.070312
15 0.608654 0.756510 0.041346 0.043229
15 0.636058 0.640625 0.042788 0.093750
15 0.629327 0.565625 0.048077 0.075000
15 0.560697 0.552604 0.043029 0.072917
15 0.525361 0.591667 0.038702 0.055208
15 0.518510 0.661458 0.044231 0.078125
15 0.487139 0.682292 0.053606 0.085417
15 0.481370 0.745833 0.038221 0.044792
15 0.482933 0.884375 0.039904 0.079167
15 0.656971 0.436979 0.037981 0.117708
15 0.677163 0.380208 0.037019 0.106250
15 0.601923 0.457552 0.063942 0.084896
15 0.571034 0.488021 0.039183 0.077083
15 0.532212 0.481510 0.039904 0.090104
15 0.510577 0.550781 0.044712 0.068229
15 0.487500 0.619010 0.037019 0.061979
15 0.474760 0.537500 0.035096 0.107292
15 0.499038 0.478385 0.027885 0.070312
15 0.515024 0.406250 0.041106 0.113542
15 0.559014 0.376042 0.038221 0.105208
15 0.569111 0.263802 0.032452 0.078646
15 0.534856 0.323698 0.038462 0.091146
15 0.665865 0.261979 0.049038 0.083333
15 0.962861 0.064062 0.049760 0.047917
15 0.916587 0.073958 0.049038 0.076042
15 0.871755 0.095312 0.034375 0.107292
15 0.800721 0.125521 0.062981 0.096875
15 0.738702 0.080729 0.064904 0.090625
15 0.641226 0.165885 0.031010 0.105729
15 0.655409 0.079687 0.047356 0.098958
15 0.617909 0.109375 0.036298 0.122917
15 0.599159 0.077604 0.026683 0.092708
15 0.582812 0.173958 0.039183 0.118750
15 0.563462 0.077865 0.039423 0.088021
15 0.535937 0.137760 0.048798 0.067187
15 0.523077 0.185677 0.039423 0.102604
15 0.500962 0.243229 0.051442 0.081250
15 0.488822 0.159896 0.028125 0.078125
15 0.520072 0.061198 0.058413 0.095312
15 0.482812 0.063802 0.021875 0.059896
15 0.443990 0.800000 0.039423 0.087500
15 0.431490 0.878906 0.063942 0.081771
15 0.397716 0.842708 0.047837 0.132292
15 0.355168 0.850260 0.035817 0.123438
15 0.326562 0.881771 0.051202 0.084375
15 0.328486 0.726302 0.032933 0.080729
15 0.361899 0.632292 0.038702 0.071875
15 0.403486 0.593229 0.044471 0.082292
15 0.433413 0.649479 0.040865 0.079167
15 0.404207 0.710417 0.045913 0.084375
15 0.449880 0.712500 0.042548 0.080208
15 0.451442 0.599479 0.032212 0.051042
15 0.431370 0.539583 0.050721 0.085417
15 0.421274 0.481250 0.050240 0.064583
15 0.370553 0.518490 0.035337 0.110937
15 0.312500 0.617448 0.061538 0.082812
15 0.432933 0.372917 0.037981 0.096875
15 0.468389 0.353385 0.035337 0.076563
15 0.469471 0.440104 0.030769 0.083333
15 0.465625 0.281250 0.048077 0.073958
15 0.427284 0.245052 0.048317 0.078646
15 0.412019 0.317448 0.039904 0.070312
15 0.362500 0.321354 0.050962 0.107292
15 0.341466 0.416667 0.052163 0.089583
15 0.326202 0.311719 0.036058 0.084896
15 0.351322 0.233333 0.036779 0.072917
15 0.392188 0.187760 0.043990 0.074479
15 0.437260 0.142708 0.033654 0.095833
15 0.452404 0.073438 0.046154 0.087500
15 0.412500 0.056250 0.029808 0.059375
15 0.401803 0.108333 0.038702 0.104167
15 0.366106 0.096094 0.033173 0.097396
15 0.336298 0.139323 0.030769 0.134896
15 0.316707 0.071094 0.055048 0.084896
15 0.291947 0.168490 0.039663 0.098437
15 0.298798 0.271615 0.055288 0.084896
15 0.275000 0.473958 0.032212 0.087500
15 0.243510 0.479167 0.050481 0.104167
15 0.227284 0.566927 0.056010 0.066146
15 0.232933 0.646615 0.042788 0.084896
15 0.294832 0.751563 0.036298 0.098958
15 0.267788 0.739844 0.025962 0.089063
15 0.241707 0.776302 0.028606 0.117188
15 0.272356 0.842708 0.049038 0.090625
15 0.197957 0.801042 0.060337 0.072917
15 0.197115 0.878646 0.055288 0.082292
15 0.153726 0.798438 0.032933 0.102083
15 0.126683 0.664323 0.043269 0.105729
15 0.195793 0.496354 0.038702 0.060417
15 0.154207 0.479167 0.037740 0.106250
15 0.119832 0.511458 0.027163 0.104167
15 0.170553 0.355729 0.045913 0.113542
15 0.218510 0.351823 0.034135 0.131771
15 0.126562 0.322135 0.039183 0.128646
15 0.202284 0.252865 0.042067 0.068229
15 0.252524 0.196615 0.039183 0.109896
15 0.173317 0.166927 0.035096 0.133854
15 0.130649 0.067448 0.043990 0.088021
