15 0.923077 0.022396 0.053365 0.043750
15 0.897115 0.061198 0.049519 0.097396
15 0.916947 0.108854 0.081490 0.096875
15 0.923197 0.193229 0.065144 0.081250
15 0.865625 0.197396 0.052885 0.114583
15 0.845673 0.063021 0.051442 0.116667
15 0.822716 0.154948 0.029087 0.122396
15 0.781731 0.110677 0.056250 0.091146
15 0.798918 0.029167 0.036779 0.057292
15 0.726442 0.057292 0.056731 0.109375
15 0.780649 0.184635 0.044471 0.064062
15 0.749279 0.225781 0.052885 0.121354
15 0.811058 0.260417 0.066827 0.079167
15 0.939303 0.285938 0.051683 0.071875
15 0.897236 0.296875 0.034856 0.088542
15 0.857332 0.335156 0.040625 0.119271
15 0.893630 0.413802 0.055529 0.128646
15 0.950000 0.403385 0.061538 0.135937
15 0.989784 0.432812 0.020433 0.108333
15 0.978125 0.549219 0.043750 0.109896
15 0.940505 0.533073 0.050721 0.130729
15 0.899639 0.544010 0.036298 0.125521
15 0.860457 0.578385 0.050240 0.115104
15 0.981370 0.653385 0.037260 0.094271
15 0.948317 0.722396 0.028846 0.155208
15 0.901803 0.685156 0.073798 0.108854
15 0.911058 0.794010 0.038942 0.101562
15 0.944591 0.848437 0.060337 0.092708
15 0.980288 0.912240 0.039423 0.139063
15 0.930649 0.941406 0.050240 0.086979
15 0.873317 0.918229 0.062981 0.126042
15 0.884014 0.972656 0.040625 0.054688
15 0.833774 0.939583 0.017548 0.102083
15 0.864062 0.790104 0.053125 0.116667
15 0.806130 0.836198 0.037260 0.115104
15 0.804928 0.732031 0.036779 0.084896
15 0.838702 0.668229 0.048077 0.084375
15 0.795433 0.628906 0.051442 0.109896
15 0.794591 0.502344 0.066587 0.108854
15 0.822957 0.448958 0.060337 0.073958
15 0.791707 0.931250 0.061779 0.072917
15 0.780529 0.989062 0.028846 0.021875
15 0.762260 0.825260 0.040385 0.110937
15 0.721995 0.893490 0.063702 0.063021
15 0.715865 0.827604 0.044712 0.045833
15 0.756130 0.745313 0.052644 0.058333
15 0.706731 0.731510 0.051442 0.097396
15 0.724880 0.964583 0.067067 0.070833
15 0.658293 0.953125 0.050721 0.088542
15 0.622596 0.950781 0.023077 0.094271
15 0.587620 0.966927 0.042548 0.058854
15 0.533173 0.930208 0.085577 0.082292
15 0.582332 0.842969 0.060817 0.089063
15 0.659375 0.827083 0.062500 0.095833
15 0.625000 0.850781 0.021635 0.074479
15 0.539663 0.813802 0.038462 0.074479
15 0.600240 0.752865 0.048558 0.072396
15 0.550841 0.713542 0.045913 0.112500
15 0.613582 0.672917 0.036779 0.086458
15 0.660096 0.679427 0.072115 0.071354
15 0.648438 0.744792 0.026683 0.040625
15 0.659495 0.608594 0.056971 0.069271
15 0.701562 0.591667 0.055048 0.113542
15 0.731010 0.508073 0.042308 0.110937
15 0.742067 0.407813 0.067308 0.072917
15 0.790024 0.561979 0.056490 0.038542
15 0.802043 0.352083 0.068990 0.106250
15 0.770793 0.463542 0.030048 0.080208
15 0.738462 0.342187 0.039904 0.083333
15 0.715625 0.294531 0.034615 0.107813
15 0.705769 0.179167 0.034135 0.122917
15 0.666346 0.086198 0.037981 0.151562
15 0.663462 0.201302 0.039423 0.080729
15 0.672596 0.293490 0.052404 0.107813
15 0.690385 0.390104 0.037019 0.073958
15 0.647957 0.362240 0.032933 0.082812
15 0.637260 0.454688 0.062019 0.085417
15 0.682933 0.490625 0.048558 0.106250
15 0.604567 0.557292 0.048077 0.072917
15 0.569231 0.591146 0.042308 0.141667
15 0.536659 0.557031 0.018990 0.098437
15 0.570072 0.468229 0.052163 0.087500
15 0.605769 0.397135 0.057692 0.089063
15 0.569952 0.360417 0.038462 0.113542
15 0.549639 0.318490 0.031971 0.063021
15 0.576442 0.242708 0.044712 0.089583
15 0.616466 0.208594 0.042548 0.066146
15 0.617548 0.309896 0.032692 0.066667
15 0.501563 0.863542 0.039663 0.097917
15 0.505288 0.797656 0.030288 0.033854
15 0.487019 0.713802 0.070673 0.148438
15 0.458654 0.856771 0.040385 0.152083
15 0.459014 0.964844 0.037740 0.070312
15 0.509255 0.617969 0.028125 0.068229
15 0.521875 0.455990 0.041346 0.082812
15 0.502404 0.546094 0.047596 0.104688
15 0.464784 0.579688 0.031971 0.102083
15 0.474519 0.479948 0.034135 0.080729
15 0.478365 0.404427 0.044712 0.057813
15 0.515264 0.336198 0.042548 0.122396
15 0.528125 0.226302 0.045192 0.113021
15 0.575361 0.101823 0.046875 0.091146
15 0.621274 0.126302 0.042548 0.090104
15 0.623077 0.022396 0.059135 0.043750
15 0.515745 0.019792 0.041587 0.038542
15 0.511298 0.110677 0.044231 0.088021
15 0.473077 0.327083 0.040865 0.073958
15 0.367308 0.351302 0.049519 0.090104
15 0.450120 0.175260 0.042548 0.103646
15 0.478726 0.110677 0.015144 0.124479
15 0.452524 0.088021 0.035337 0.114583
15 0.467308 0.017708 0.042788 0.034375
15 0.409495 0.078385 0.036298 0.143229
15 0.404928 0.198177 0.056010 0.070312
15 0.371995 0.092448 0.043029 0.149479
15 0.344952 0.109115 0.015865 0.079687
15 0.445433 0.256771 0.050962 0.075000
15 0.406370 0.289062 0.035817 0.087500
15 0.362019 0.235937 0.044712 0.093750
15 0.429087 0.409896 0.054808 0.108333
15 0.432332 0.340625 0.033413 0.059375
15 0.399159 0.436198 0.025240 0.084896
15 0.424159 0.536719 0.047837 0.130729
15 0.366346 0.449219 0.029327 0.084896
15 0.383534 0.548438 0.030529 0.118750
15 0.403726 0.661719 0.050240 0.143229
15 0.436779 0.681510 0.021154 0.136979
15 0.414183 0.815365 0.058654 0.106771
15 0.394471 0.914062 0.071154 0.075000
15 0.376202 0.823438 0.036538 0.110417
15 0.352764 0.965625 0.061779 0.068750
15 0.338942 0.884375 0.033654 0.072917
15 0.339904 0.797396 0.041346 0.083333
15 0.359856 0.720833 0.053846 0.070833
15 0.349279 0.632292 0.044231 0.093750
15 0.310216 0.698438 0.033894 0.125000
15 0.284135 0.775521 0.070673 0.075000
15 0.300361 0.854427 0.035817 0.088021
15 0.269231 0.950521 0.078365 0.093750
15 0.254928 0.850260 0.049760 0.095312
15 0.211298 0.930729 0.044231 0.125000
15 0.171995 0.943490 0.038221 0.107813
15 0.164904 0.864062 0.037981 0.125000
15 0.115505 0.932813 0.063702 0.091667
15 0.111178 0.811198 0.049279 0.119271
15 0.138582 0.742188 0.059856 0.093750
15 0.198918 0.797396 0.040625 0.131250
15 0.174159 0.675000 0.042548 0.088542
15 0.182212 0.595833 0.045192 0.066667
15 0.122957 0.633333 0.047837 0.106250
15 0.222837 0.735417 0.052885 0.130208
15 0.273678 0.668490 0.035337 0.121354
15 0.230288 0.631771 0.050962 0.081250
15 0.251683 0.557292 0.052885 0.089583
15 0.317308 0.552604 0.057692 0.093750
15 0.353966 0.544271 0.028606 0.083333
15 0.213101 0.529948 0.028125 0.075521
15 0.184255 0.495833 0.048798 0.113542
15 0.132812 0.522917 0.045913 0.112500
15 0.123918 0.419531 0.061298 0.084896
15 0.260577 0.463802 0.073558 0.089063
15 0.317668 0.484896 0.027644 0.037500
15 0.328966 0.433854 0.045433 0.087500
15 0.296274 0.383073 0.048317 0.058854
15 0.294712 0.311979 0.055288 0.077083
15 0.330649 0.297656 0.023317 0.077604
15 0.240024 0.381771 0.050721 0.068750
15 0.198317 0.400521 0.035577 0.072917
15 0.151683 0.350521 0.039423 0.112500
15 0.108053 0.330990 0.045433 0.088021
15 0.191827 0.302865 0.064423 0.101562
15 0.322476 0.182031 0.037740 0.140104
15 0.264303 0.243490 0.063702 0.125521
15 0.217067 0.209635 0.037500 0.084896
15 0.156490 0.209375 0.037500 0.142708
15 0.112019 0.228646 0.041827 0.095833
15 0.106851 0.148698 0.042067 0.055729
15 0.083293 0.062500 0.031490 0.123958
15 0.131731 0.070573 0.055288 0.091146
15 0.107933 0.022396 0.028846 0.043750
15 0.158774 0.103125 0.046394 0.080208
15 0.215505 0.115104 0.054087 0.091667
15 0.206611 0.033073 0.070913 0.063021
15 0.250962 0.084115 0.012019 0.093229
15 0.276683 0.102344 0.029808 0.138021
15 0.305649 0.048958 0.030529 0.096875
15 0.331130 0.027344 0.035337 0.053646
15 0.261779 0.019010 0.045192 0.036979
