15 0.866875 0.915217 0.122250 0.169565
15 0.964375 0.916848 0.071250 0.166304
15 0.748250 0.918750 0.123500 0.158152
15 0.685750 0.697011 0.146000 0.297283
15 0.810750 0.625815 0.101500 0.370109
15 0.913875 0.718750 0.102250 0.284239
15 0.985250 0.653804 0.029500 0.198913
15 0.979625 0.430435 0.040750 0.223913
15 0.902375 0.342120 0.123750 0.170109
15 0.859750 0.436413 0.084000 0.293478
15 0.775250 0.366304 0.073500 0.119565
15 0.726250 0.481793 0.109000 0.150543
15 0.515875 0.812228 0.161750 0.223370
15 0.416625 0.631250 0.081250 0.250543
15 0.535125 0.584511 0.134750 0.196196
15 0.511000 0.381250 0.096500 0.200543
15 0.654750 0.305978 0.159000 0.288043
15 0.786125 0.244837 0.093750 0.138587
15 0.892250 0.195652 0.059000 0.113043
15 0.960750 0.226630 0.064000 0.132609
15 0.954125 0.113315 0.082750 0.111413
15 0.976875 0.054620 0.046250 0.075543
15 0.824250 0.067391 0.092500 0.089130
15 0.804875 0.157337 0.132750 0.117935
15 0.730875 0.063587 0.076250 0.111957
15 0.663250 0.094565 0.121500 0.152174
15 0.611375 0.037228 0.036250 0.073370
15 0.541375 0.050815 0.090250 0.100543
15 0.553500 0.144293 0.077000 0.258152
15 0.459375 0.083424 0.091750 0.165761
15 0.362875 0.144293 0.115250 0.273370
15 0.332875 0.318207 0.090250 0.312500
15 0.423875 0.376902 0.088750 0.230978
15 0.266625 0.422011 0.136750 0.230978
15 0.284750 0.757337 0.146500 0.457065
15 0.091500 0.633967 0.182500 0.247283
15 0.112375 0.449185 0.206250 0.200543
15 0.078125 0.284783 0.145750 0.218478
15 0.215625 0.225000 0.115250 0.205435
15 0.259750 0.074185 0.085500 0.114674
15 0.131125 0.084239 0.099250 0.167391
15 0.035750 0.145924 0.071000 0.254891
15 0.207625 0.573098 0.077250 0.130978
