15 0.948125 0.853261 0.103750 0.293478
15 0.797500 0.771739 0.132000 0.268478
15 0.880250 0.619022 0.093000 0.283696
15 0.945750 0.521196 0.079000 0.343478
15 0.919000 0.209783 0.125500 0.135870
15 0.849125 0.355435 0.134750 0.217391
15 0.771000 0.501630 0.126000 0.256522
15 0.737000 0.230163 0.103500 0.178804
15 0.813625 0.090761 0.075250 0.179348
15 0.894625 0.071739 0.084750 0.142391
15 0.971625 0.061413 0.042250 0.121739
15 0.639250 0.248098 0.091000 0.192935
15 0.671375 0.042391 0.035750 0.083696
15 0.675750 0.104891 0.071000 0.133696
15 0.605500 0.108696 0.058500 0.108696
15 0.594000 0.020652 0.056500 0.040217
15 0.544875 0.227989 0.095250 0.339674
15 0.525250 0.558152 0.106000 0.279348
15 0.635125 0.437228 0.106750 0.210326
15 0.637125 0.662500 0.172250 0.228261
15 0.665375 0.881793 0.157750 0.212500
15 0.537375 0.953804 0.102250 0.092391
15 0.517875 0.838043 0.157250 0.263043
15 0.428750 0.563315 0.099000 0.260326
15 0.275250 0.615217 0.179000 0.296739
15 0.172375 0.511413 0.126750 0.286957
15 0.154250 0.772011 0.121000 0.175543
15 0.057875 0.893478 0.115250 0.203261
15 0.050250 0.713315 0.098500 0.180978
15 0.073250 0.506250 0.128500 0.274457
15 0.124250 0.303804 0.130000 0.147826
15 0.263875 0.445924 0.040250 0.084239
15 0.372500 0.450272 0.091500 0.147283
15 0.377000 0.287500 0.131500 0.271739
15 0.467125 0.280163 0.071750 0.330978
15 0.261625 0.307609 0.098250 0.269565
15 0.422375 0.076359 0.065250 0.139674
15 0.504875 0.057337 0.089250 0.111413
15 0.301125 0.102174 0.171750 0.191304
15 0.151375 0.129620 0.121250 0.208152
15 0.088375 0.084511 0.091750 0.167935
15 0.039750 0.252989 0.079000 0.180978
15 0.025125 0.080435 0.049750 0.159783
15 0.195875 0.947011 0.131250 0.105978
