15 0.957572 0.053125 0.084375 0.105208
15 0.901683 0.064844 0.066346 0.111979
15 0.876683 0.012760 0.030288 0.024479
15 0.826923 0.037240 0.073077 0.073438
15 0.782572 0.035156 0.062260 0.067187
15 0.719351 0.049740 0.068510 0.098437
15 0.754808 0.122656 0.048558 0.093229
15 0.816106 0.135937 0.120192 0.126042
15 0.921034 0.186198 0.070913 0.130729
15 0.969591 0.201563 0.060817 0.190625
15 0.922837 0.329948 0.052404 0.160938
15 0.970673 0.365625 0.058654 0.117708
15 0.838101 0.228646 0.093029 0.173958
15 0.885817 0.286719 0.036538 0.084896
15 0.849279 0.365365 0.095673 0.120313
15 0.774399 0.241146 0.040144 0.072917
15 0.744952 0.208594 0.053365 0.095312
15 0.767668 0.348958 0.068029 0.166667
15 0.666346 0.053385 0.037981 0.105729
15 0.682692 0.172656 0.085096 0.141146
15 0.713341 0.307812 0.062740 0.148958
15 0.669712 0.286198 0.032692 0.101562
15 0.817548 0.433073 0.054327 0.116146
15 0.805409 0.498177 0.071875 0.129688
15 0.862019 0.448958 0.033173 0.063542
15 0.898558 0.492448 0.095673 0.147396
15 0.951442 0.497917 0.073558 0.166667
15 0.710817 0.476562 0.097115 0.192708
15 0.882572 0.610156 0.052644 0.102604
15 0.946394 0.634115 0.078365 0.147396
15 0.982091 0.663021 0.032452 0.217708
15 0.932452 0.736719 0.066346 0.101562
15 0.858894 0.692708 0.078846 0.177083
15 0.774880 0.621094 0.082452 0.167187
15 0.821154 0.599479 0.029808 0.071875
15 0.740625 0.710677 0.115385 0.124479
15 0.658654 0.715365 0.051923 0.200521
15 0.695192 0.577604 0.083654 0.134375
15 0.705889 0.826823 0.055048 0.131771
15 0.761178 0.868229 0.070433 0.135417
15 0.835577 0.911979 0.075962 0.171875
15 0.901202 0.888281 0.089423 0.163021
15 0.888702 0.823177 0.128365 0.104688
15 0.976923 0.855729 0.046154 0.143750
15 0.949159 0.960156 0.036298 0.079687
15 0.984615 0.964844 0.030769 0.070312
15 0.899159 0.965625 0.058413 0.068750
15 0.804087 0.990104 0.036058 0.019792
15 0.757332 0.967187 0.046394 0.065625
15 0.705168 0.957292 0.065144 0.085417
15 0.664303 0.876302 0.086779 0.140104
15 0.611659 0.942187 0.093029 0.110417
15 0.606370 0.656510 0.061298 0.149479
15 0.547356 0.873437 0.072596 0.102083
15 0.532332 0.953646 0.065625 0.092708
15 0.579567 0.752604 0.097115 0.147917
15 0.612740 0.509896 0.104808 0.162500
15 0.643029 0.612500 0.037500 0.041667
15 0.650120 0.411458 0.075240 0.156250
15 0.616947 0.247917 0.078125 0.209375
15 0.550841 0.381510 0.075721 0.128646
15 0.561899 0.268229 0.031971 0.109375
15 0.540024 0.565365 0.078606 0.169271
15 0.566587 0.129427 0.075962 0.184896
15 0.615865 0.070833 0.053365 0.139583
15 0.561538 0.036719 0.063462 0.072396
15 0.516346 0.043750 0.029808 0.082292
15 0.504327 0.181510 0.089423 0.220312
15 0.492909 0.269792 0.060817 0.075000
15 0.479447 0.336458 0.066587 0.162500
15 0.472476 0.039323 0.056010 0.077604
15 0.451562 0.108333 0.025240 0.071875
15 0.464062 0.494531 0.067067 0.194271
15 0.503245 0.450000 0.024279 0.060417
15 0.467788 0.632812 0.083173 0.130208
15 0.500481 0.744531 0.072596 0.167187
15 0.498317 0.841667 0.059135 0.102083
15 0.459495 0.755469 0.045913 0.116146
15 0.462861 0.942708 0.095433 0.111458
15 0.371875 0.935937 0.096635 0.123958
15 0.357332 0.793490 0.074279 0.161979
15 0.309375 0.899219 0.070192 0.169271
15 0.247596 0.959896 0.083173 0.080208
15 0.254087 0.819010 0.075962 0.159896
15 0.306010 0.726562 0.067308 0.154167
15 0.405649 0.668750 0.105048 0.103125
15 0.377163 0.587500 0.094231 0.179167
15 0.311178 0.572135 0.054087 0.155729
15 0.261659 0.599740 0.067548 0.198437
15 0.230649 0.733073 0.084375 0.125521
15 0.424760 0.375781 0.071635 0.214062
15 0.382812 0.444271 0.033413 0.103125
15 0.332452 0.436198 0.073558 0.127604
15 0.271034 0.415104 0.067067 0.160417
15 0.362740 0.333854 0.050962 0.105208
15 0.417308 0.240625 0.102885 0.194792
15 0.370793 0.202083 0.049279 0.108333
15 0.413221 0.115365 0.049038 0.108854
15 0.407813 0.032813 0.076202 0.064583
15 0.360697 0.094010 0.057933 0.136979
15 0.343389 0.027083 0.041106 0.053125
15 0.303365 0.105729 0.063942 0.088542
15 0.294231 0.039583 0.075000 0.078125
15 0.301923 0.237240 0.090865 0.244271
15 0.233053 0.276302 0.045913 0.159896
15 0.238341 0.125260 0.071394 0.231771
15 0.203966 0.036458 0.049279 0.071875
15 0.154688 0.969792 0.096394 0.060417
15 0.203365 0.879167 0.057692 0.165625
15 0.152404 0.864323 0.081250 0.185938
15 0.143149 0.766406 0.105048 0.165104
15 0.107933 0.666927 0.087019 0.140104
15 0.059736 0.827865 0.064663 0.097396
15 0.073317 0.940104 0.087500 0.119792
15 0.059856 0.748437 0.084135 0.080208
15 0.129207 0.475521 0.053125 0.130208
15 0.198077 0.436198 0.078365 0.157812
15 0.185938 0.597135 0.103125 0.160938
15 0.020913 0.914062 0.041346 0.169792
15 0.012500 0.773698 0.024519 0.119271
15 0.033774 0.628906 0.067067 0.195312
15 0.038822 0.443490 0.077163 0.206771
15 0.106010 0.417448 0.060096 0.147396
15 0.162260 0.346615 0.050962 0.102604
15 0.174519 0.263021 0.070192 0.232292
15 0.140625 0.259375 0.032692 0.070833
15 0.090986 0.280729 0.093990 0.187500
15 0.016587 0.313802 0.032692 0.058854
15 0.024760 0.198437 0.049038 0.172917
15 0.140505 0.130729 0.069471 0.171875
15 0.095312 0.097917 0.036779 0.137500
15 0.191466 0.122396 0.039183 0.139583
15 0.138822 0.027865 0.077163 0.050521
15 0.077284 0.023438 0.043990 0.042708
15 0.046514 0.090625 0.081490 0.176042
15 0.010457 0.069531 0.020433 0.081771
