15 0.787614 0.965625 0.146657 0.068750
15 0.833587 0.896615 0.200608 0.123438
15 0.645137 0.869010 0.185410 0.090104
15 0.402356 0.857031 0.132979 0.072396
15 0.264438 0.843490 0.151976 0.075521
15 0.140957 0.951042 0.161854 0.097917
15 0.071049 0.888021 0.140578 0.071875
15 0.510638 0.901563 0.118541 0.107292
15 0.840046 0.779948 0.198328 0.098437
15 0.957447 0.901042 0.085106 0.130208
15 0.694149 0.930208 0.160334 0.100000
15 0.509878 0.771875 0.218845 0.086458
15 0.362082 0.767448 0.131459 0.097396
15 0.132599 0.721094 0.134498 0.093229
15 0.061550 0.785937 0.121581 0.100000
15 0.307371 0.688802 0.174012 0.090104
15 0.502660 0.676302 0.181611 0.091146
15 0.712766 0.734115 0.113982 0.145313
15 0.865122 0.669792 0.216565 0.100000
15 0.876900 0.556510 0.246201 0.094271
15 0.721125 0.611198 0.121581 0.110937
15 0.595365 0.609115 0.167933 0.093229
15 0.411854 0.585938 0.075988 0.046875
15 0.516337 0.504427 0.250000 0.098437
15 0.672872 0.454688 0.246960 0.133333
15 0.800912 0.458854 0.107903 0.077083
15 0.832067 0.382031 0.194529 0.090104
15 0.927052 0.415365 0.144377 0.094271
15 0.176672 0.595052 0.195289 0.139063
15 0.054331 0.529948 0.107143 0.097396
15 0.156915 0.440885 0.205927 0.086979
15 0.035334 0.414844 0.069149 0.113021
15 0.163374 0.300521 0.224924 0.127083
15 0.423252 0.346875 0.188450 0.129167
15 0.342705 0.504427 0.068389 0.090104
15 0.618161 0.334115 0.245441 0.098437
15 0.677432 0.195312 0.170973 0.131250
15 0.697188 0.311198 0.204407 0.085938
15 0.826368 0.240625 0.158815 0.083333
15 0.949468 0.283594 0.101064 0.113021
15 0.868541 0.311719 0.109422 0.041146
15 0.945669 0.156250 0.096505 0.133333
15 0.859802 0.116406 0.180091 0.123438
15 0.727584 0.068229 0.090426 0.098958
15 0.552812 0.077865 0.250000 0.122396
15 0.384119 0.170313 0.204407 0.081250
15 0.305091 0.052083 0.137538 0.098958
15 0.212006 0.148177 0.113982 0.091146
15 0.081687 0.154427 0.131459 0.097396
15 0.060410 0.259896 0.119301 0.073958
15 0.075608 0.059635 0.149696 0.118229
15 0.205167 0.148958 0.118541 0.076042
15 0.443389 0.250000 0.158815 0.084375
15 0.541413 0.182292 0.085866 0.075000
15 0.212766 0.360156 0.185410 0.057813
15 0.257599 0.980990 0.112462 0.038021
15 0.281155 0.925521 0.103343 0.079167
15 0.214666 0.781510 0.140578 0.067187
15 0.904255 0.828385 0.145897 0.058854
15 0.971884 0.722656 0.056231 0.044271
15 0.401976 0.949479 0.189970 0.101042
15 0.043313 0.652604 0.085106 0.084375
