15 0.356793 0.079625 0.233152 0.140750
15 0.553261 0.077250 0.166304 0.128000
15 0.858696 0.089500 0.282609 0.113000
15 0.707065 0.169625 0.213043 0.088250
15 0.908152 0.185500 0.183696 0.076000
15 0.845380 0.256625 0.138587 0.073750
15 0.958696 0.275000 0.082609 0.055000
15 0.887772 0.349000 0.205978 0.092500
15 0.946739 0.417875 0.106522 0.094750
15 0.535598 0.264500 0.176630 0.149500
15 0.360054 0.321500 0.160326 0.116500
15 0.188315 0.393750 0.269022 0.080000
15 0.423370 0.459875 0.161957 0.147750
15 0.641304 0.465625 0.198913 0.084250
15 0.837500 0.494625 0.182609 0.093250
15 0.082880 0.483500 0.160326 0.089500
15 0.247554 0.512250 0.187500 0.104500
15 0.507337 0.584750 0.258152 0.075000
15 0.796467 0.602625 0.228804 0.110750
15 0.282609 0.665500 0.234783 0.110000
15 0.548913 0.689375 0.197826 0.119750
15 0.865761 0.674750 0.158696 0.096500
15 0.969022 0.907500 0.061957 0.062500
15 0.646739 0.910125 0.192391 0.084750
15 0.263315 0.909500 0.198370 0.097000
15 0.988315 0.606750 0.023370 0.044000
