15 0.960457 0.027344 0.054567 0.047396
15 0.959736 0.088542 0.063702 0.086458
15 0.927043 0.164323 0.055048 0.110937
15 0.887260 0.106510 0.034135 0.125521
15 0.913822 0.050000 0.030529 0.098958
15 0.981851 0.284896 0.036298 0.125000
15 0.990625 0.075781 0.018750 0.111979
15 0.937019 0.377083 0.041827 0.115625
15 0.969832 0.483073 0.048798 0.128646
15 0.931250 0.605990 0.037981 0.091146
15 0.951442 0.656250 0.053365 0.088542
15 0.870793 0.288021 0.055529 0.106250
15 0.885216 0.373177 0.066106 0.079687
15 0.843750 0.406250 0.041346 0.071875
15 0.876923 0.465365 0.063462 0.085938
15 0.890625 0.548177 0.051923 0.098437
15 0.811178 0.469010 0.068990 0.078646
15 0.780409 0.361198 0.044952 0.122396
15 0.743870 0.340365 0.032452 0.097396
15 0.800721 0.232031 0.066346 0.091146
15 0.793510 0.102865 0.044231 0.099479
15 0.727043 0.177083 0.050240 0.092708
15 0.702885 0.117969 0.034135 0.116146
15 0.672957 0.109375 0.045913 0.116667
15 0.681611 0.223438 0.041587 0.127083
15 0.709135 0.296354 0.032692 0.092708
15 0.714784 0.388021 0.030048 0.072917
15 0.718510 0.451823 0.057692 0.075521
15 0.679688 0.344531 0.036779 0.128646
15 0.664543 0.435677 0.047837 0.107813
15 0.621154 0.472396 0.033173 0.106250
15 0.646995 0.516406 0.036298 0.097396
15 0.697957 0.599740 0.045433 0.090104
15 0.710337 0.688281 0.047115 0.086979
15 0.747837 0.696875 0.062981 0.113542
15 0.778606 0.576562 0.046635 0.106250
15 0.827764 0.566927 0.059375 0.076563
15 0.811418 0.638802 0.030048 0.113021
15 0.775000 0.486198 0.033173 0.071354
15 0.740986 0.497656 0.041587 0.092188
15 0.892909 0.627344 0.044471 0.074479
15 0.847236 0.657552 0.047837 0.097396
15 0.813582 0.750781 0.041587 0.107813
15 0.873317 0.757292 0.058654 0.093750
15 0.898438 0.700781 0.041587 0.081771
15 0.924639 0.761458 0.043990 0.092708
15 0.949760 0.826562 0.051442 0.083333
15 0.987500 0.804427 0.025000 0.110937
15 0.990986 0.899479 0.018029 0.071875
15 0.968990 0.898958 0.040385 0.072917
15 0.925240 0.896615 0.062981 0.089063
15 0.866827 0.863021 0.047596 0.133333
15 0.816346 0.879167 0.048077 0.128125
15 0.781971 0.867448 0.034135 0.109896
15 0.741707 0.900521 0.049760 0.090625
15 0.713341 0.855729 0.064663 0.093750
15 0.679688 0.897396 0.051683 0.072917
15 0.746514 0.798958 0.069952 0.082292
15 0.619952 0.675781 0.044231 0.110937
15 0.571394 0.642969 0.048558 0.135937
15 0.490144 0.891927 0.034615 0.077604
15 0.626683 0.299479 0.062019 0.093750
15 0.582452 0.365104 0.032692 0.070833
15 0.557692 0.376823 0.023558 0.070312
15 0.529087 0.403906 0.046635 0.099479
15 0.484495 0.429167 0.037260 0.104167
15 0.461298 0.473958 0.035577 0.082292
15 0.437139 0.507031 0.046394 0.113021
15 0.396875 0.500521 0.034135 0.114583
15 0.403245 0.574740 0.031971 0.043229
15 0.374399 0.580469 0.027644 0.098437
15 0.348197 0.563281 0.035337 0.107813
15 0.344111 0.642969 0.036298 0.084896
15 0.308774 0.646354 0.035337 0.059375
15 0.316707 0.579948 0.039663 0.088021
15 0.315505 0.511979 0.034856 0.075000
15 0.346514 0.462760 0.035817 0.120313
15 0.377644 0.471615 0.024519 0.096354
15 0.412139 0.433594 0.043029 0.077604
15 0.423077 0.381250 0.038462 0.075000
15 0.467788 0.383073 0.048558 0.090104
15 0.512861 0.341667 0.043990 0.083333
15 0.556370 0.295312 0.055048 0.081250
15 0.583534 0.291146 0.020913 0.065625
15 0.617308 0.211719 0.037019 0.090104
15 0.582692 0.220573 0.038462 0.086979
15 0.562019 0.189844 0.053365 0.071354
15 0.529207 0.260937 0.040144 0.068750
15 0.478125 0.307292 0.051442 0.078125
15 0.429207 0.300521 0.062260 0.093750
15 0.386538 0.287240 0.037019 0.120313
15 0.451562 0.203125 0.035817 0.103125
15 0.500962 0.204167 0.053365 0.072917
15 0.527284 0.156250 0.042548 0.090625
15 0.571274 0.114583 0.040144 0.076042
15 0.609856 0.109115 0.042308 0.096354
15 0.537740 0.046875 0.048558 0.077083
15 0.472476 0.083594 0.062740 0.120313
15 0.412380 0.133073 0.036298 0.139063
15 0.302404 0.227865 0.044712 0.085938
15 0.331490 0.333594 0.061538 0.057813
15 0.325841 0.425000 0.043990 0.094792
15 0.291947 0.453646 0.025240 0.134375
15 0.275841 0.579688 0.045433 0.106250
15 0.289183 0.702083 0.047596 0.103125
15 0.255649 0.655990 0.039183 0.057813
15 0.241707 0.729688 0.051683 0.063542
15 0.202885 0.690885 0.034135 0.090104
15 0.230048 0.807552 0.043269 0.098437
15 0.193149 0.850260 0.029567 0.100521
15 0.163702 0.891667 0.034615 0.061458
15 0.136659 0.927083 0.041587 0.092708
15 0.115385 0.915365 0.034135 0.069271
15 0.073798 0.912760 0.047115 0.077604
15 0.097476 0.864844 0.046394 0.057813
15 0.121274 0.810156 0.031010 0.113021
15 0.156250 0.814063 0.041346 0.082292
15 0.166346 0.742708 0.038942 0.093750
15 0.091346 0.760938 0.040865 0.061458
15 0.084375 0.809635 0.043750 0.070312
15 0.047236 0.817708 0.034856 0.109375
15 0.025481 0.906771 0.050481 0.084375
15 0.006851 0.844010 0.013221 0.078646
15 0.017788 0.688802 0.035096 0.078646
15 0.020433 0.596615 0.040385 0.100521
15 0.081490 0.688542 0.045192 0.085417
15 0.091947 0.608854 0.044952 0.092708
15 0.141346 0.586979 0.057212 0.115625
15 0.216947 0.551562 0.037260 0.086458
15 0.250481 0.437500 0.043750 0.102083
15 0.251082 0.276823 0.040625 0.097396
15 0.147716 0.345573 0.037740 0.100521
15 0.232692 0.196354 0.038942 0.063542
15 0.199159 0.179427 0.031010 0.125521
15 0.156130 0.138802 0.045433 0.071354
15 0.164062 0.063021 0.051202 0.080208
15 0.107933 0.066667 0.055769 0.091667
15 0.218750 0.067187 0.044231 0.108333
15 0.117788 0.175000 0.051923 0.092708
15 0.111298 0.247135 0.058173 0.060937
15 0.026322 0.266406 0.052163 0.076563
15 0.019952 0.147135 0.039423 0.106771
15 0.038942 0.073958 0.053365 0.083333
15 0.072236 0.058594 0.026683 0.066146
15 0.075361 0.159635 0.035337 0.090104
