15 0.989784 0.402344 0.020433 0.064062
15 0.975481 0.359115 0.045192 0.108854
15 0.948077 0.315365 0.038462 0.089063
15 0.912620 0.304167 0.036298 0.082292
15 0.905769 0.398698 0.030769 0.095312
15 0.871034 0.351823 0.055048 0.091146
15 0.824399 0.366667 0.043990 0.063542
15 0.813942 0.438021 0.057692 0.072917
15 0.857332 0.455208 0.034375 0.086458
15 0.827043 0.516406 0.031490 0.092188
15 0.776683 0.437240 0.035096 0.151562
15 0.729207 0.537760 0.054087 0.075521
15 0.685216 0.516146 0.036298 0.086458
15 0.701803 0.445573 0.045913 0.102604
15 0.614183 0.653906 0.048077 0.123438
15 0.737500 0.840625 0.063942 0.094792
15 0.707933 0.880990 0.048558 0.071354
15 0.766346 0.879948 0.044712 0.078646
15 0.801683 0.847396 0.033173 0.090625
15 0.526563 0.870052 0.040625 0.080729
15 0.660577 0.476042 0.032212 0.101042
15 0.789663 0.259375 0.054327 0.069792
15 0.752524 0.352604 0.036298 0.107292
15 0.835337 0.278125 0.039904 0.104167
15 0.865625 0.238542 0.028846 0.096875
15 0.901322 0.234896 0.042548 0.107292
15 0.921154 0.161979 0.038462 0.110417
15 0.879928 0.164323 0.031490 0.091146
15 0.831250 0.160417 0.059135 0.107292
15 0.896154 0.084896 0.038942 0.083333
15 0.943870 0.087500 0.039663 0.059375
15 0.983293 0.085417 0.033413 0.100000
15 0.986298 0.173177 0.027404 0.084896
15 0.965144 0.222135 0.059135 0.084896
15 0.737260 0.279167 0.033654 0.061458
15 0.719231 0.336979 0.037019 0.069792
15 0.693029 0.292448 0.048077 0.088021
15 0.673798 0.221615 0.040865 0.080729
15 0.721875 0.175000 0.050481 0.090625
15 0.760216 0.127083 0.043990 0.082292
15 0.703726 0.104427 0.052644 0.101562
15 0.659736 0.117969 0.037740 0.105729
15 0.627043 0.079427 0.045433 0.075521
15 0.623678 0.158073 0.042548 0.084896
15 0.616346 0.234635 0.032212 0.078646
15 0.646514 0.276302 0.036298 0.060937
15 0.634976 0.348177 0.069471 0.085938
15 0.596635 0.396615 0.033654 0.040104
15 0.563822 0.424479 0.038702 0.107292
15 0.519231 0.472396 0.044231 0.064583
15 0.519591 0.397917 0.051683 0.085417
15 0.557332 0.345313 0.043510 0.070833
15 0.592187 0.288802 0.035817 0.128646
15 0.560457 0.268490 0.031971 0.076563
15 0.583053 0.122656 0.046875 0.075521
15 0.564303 0.078125 0.040625 0.069792
15 0.530649 0.100521 0.029567 0.119792
15 0.532332 0.165104 0.020913 0.073958
15 0.554207 0.188021 0.034375 0.127083
15 0.521755 0.243229 0.032452 0.088542
15 0.497837 0.218750 0.034135 0.104167
15 0.506130 0.105208 0.028606 0.141667
15 0.475361 0.096094 0.031490 0.115104
15 0.441587 0.090104 0.037019 0.108333
15 0.454327 0.200521 0.052885 0.090625
15 0.471034 0.288542 0.060337 0.068750
15 0.486178 0.359375 0.034375 0.082292
15 0.447837 0.380469 0.033173 0.099479
15 0.473558 0.491406 0.040385 0.081771
15 0.420433 0.495573 0.050962 0.095312
15 0.415865 0.588542 0.047115 0.098958
15 0.384976 0.539583 0.027163 0.114583
15 0.355769 0.578385 0.034135 0.084896
15 0.370192 0.493750 0.047115 0.093750
15 0.323197 0.425260 0.069471 0.095312
15 0.317788 0.519271 0.052885 0.097917
15 0.326683 0.604948 0.033654 0.060937
15 0.365024 0.647135 0.046394 0.065104
15 0.325841 0.690885 0.050240 0.102604
15 0.299399 0.637500 0.029087 0.064583
15 0.288462 0.571354 0.047115 0.080208
15 0.275841 0.495052 0.033413 0.078646
15 0.254808 0.426042 0.039904 0.114583
15 0.245072 0.528125 0.032933 0.113542
15 0.260937 0.621094 0.049279 0.067187
15 0.278365 0.699740 0.045192 0.077604
15 0.283053 0.784635 0.037260 0.095312
15 0.252524 0.810937 0.029567 0.097917
15 0.247356 0.749219 0.033173 0.069271
15 0.235216 0.675781 0.041587 0.065104
15 0.221755 0.860417 0.038221 0.059375
15 0.201683 0.895573 0.046154 0.092188
15 0.177764 0.886198 0.031490 0.075521
15 0.161538 0.830729 0.030288 0.055208
15 0.179207 0.781771 0.037260 0.088542
15 0.218389 0.793229 0.042548 0.077083
15 0.200481 0.712760 0.034135 0.086979
15 0.179688 0.670833 0.037740 0.107292
15 0.146394 0.739583 0.027404 0.140625
15 0.139543 0.880990 0.039663 0.063021
15 0.126562 0.836979 0.032933 0.072917
15 0.095433 0.879948 0.044231 0.067187
15 0.096154 0.810156 0.031731 0.069271
15 0.119952 0.770833 0.025481 0.056250
15 0.118870 0.699479 0.030048 0.115625
15 0.141587 0.634375 0.053365 0.076042
15 0.176563 0.584375 0.055048 0.072917
15 0.147476 0.510677 0.037740 0.092188
15 0.180168 0.504167 0.045913 0.089583
15 0.130048 0.563542 0.032212 0.087500
15 0.190144 0.443750 0.057692 0.097917
15 0.096635 0.569010 0.035096 0.096354
15 0.083534 0.637760 0.032452 0.094271
15 0.087861 0.725521 0.039663 0.085417
15 0.062620 0.751042 0.032933 0.076042
15 0.055168 0.848958 0.048798 0.112500
15 0.015986 0.846354 0.031490 0.104167
15 0.026202 0.779167 0.042788 0.084375
15 0.034976 0.710156 0.028606 0.079687
15 0.056010 0.678125 0.029808 0.090625
15 0.011418 0.703125 0.022356 0.075000
15 0.031851 0.636198 0.044471 0.088021
15 0.006731 0.646615 0.012981 0.049479
15 0.007933 0.591406 0.015385 0.070312
15 0.025481 0.567187 0.032692 0.068750
15 0.059736 0.570833 0.036779 0.084375
15 0.039183 0.508073 0.041346 0.057813
15 0.009375 0.524479 0.018269 0.060417
15 0.020313 0.454167 0.040144 0.077083
15 0.059135 0.444271 0.038462 0.069792
15 0.083774 0.471094 0.064183 0.078646
15 0.109135 0.405469 0.038462 0.096354
15 0.140745 0.363281 0.035817 0.083854
15 0.176803 0.328646 0.039183 0.094792
15 0.204687 0.276562 0.057452 0.083333
15 0.234976 0.341406 0.061779 0.067187
15 0.256851 0.272656 0.041106 0.102604
15 0.286418 0.386198 0.030048 0.115104
15 0.333413 0.330469 0.033654 0.100521
15 0.360697 0.361979 0.041106 0.095833
15 0.419591 0.344271 0.049279 0.076042
15 0.413341 0.406510 0.037260 0.065104
15 0.415144 0.225260 0.046154 0.096354
15 0.370913 0.195573 0.045673 0.111979
15 0.314543 0.185677 0.055048 0.084896
15 0.363341 0.112760 0.049279 0.084896
15 0.397476 0.091927 0.050240 0.109896
15 0.333293 0.081771 0.043990 0.083333
15 0.289784 0.089063 0.048317 0.094792
15 0.252043 0.089323 0.036779 0.103646
15 0.212861 0.083333 0.035817 0.091667
15 0.177163 0.133073 0.038462 0.110937
15 0.149279 0.191927 0.030769 0.063021
15 0.158534 0.261719 0.041106 0.113021
15 0.118630 0.291406 0.036298 0.130729
15 0.083173 0.255469 0.034615 0.111979
15 0.065024 0.276562 0.029567 0.118750
15 0.056731 0.339323 0.027885 0.113021
15 0.030889 0.269010 0.034375 0.084896
15 0.017548 0.340365 0.034615 0.088021
15 0.005649 0.400521 0.010817 0.038542
15 0.045553 0.200781 0.040625 0.061979
15 0.087981 0.162760 0.042308 0.073438
15 0.118990 0.193229 0.032212 0.068750
15 0.136659 0.107552 0.050721 0.105729
15 0.137260 0.054688 0.035577 0.041667
15 0.099519 0.080469 0.031731 0.089063
15 0.064904 0.061198 0.036538 0.056771
15 0.058293 0.115365 0.046875 0.108854
15 0.030889 0.110156 0.035817 0.107813
15 0.005889 0.132031 0.011298 0.120313
