15 0.975240 0.096094 0.032692 0.104688
15 0.940144 0.117708 0.030769 0.105208
15 0.906490 0.070573 0.046154 0.074479
15 0.862500 0.068229 0.037019 0.076042
15 0.821514 0.073958 0.039663 0.090625
15 0.767909 0.082292 0.056010 0.085417
15 0.800000 0.170052 0.061538 0.108854
15 0.833293 0.136979 0.020433 0.072917
15 0.862380 0.156771 0.036779 0.070833
15 0.899399 0.148177 0.045433 0.080729
15 0.929207 0.203906 0.026202 0.048438
15 0.907332 0.251042 0.049760 0.083333
15 0.872476 0.220052 0.041106 0.078646
15 0.828966 0.262760 0.031971 0.110937
15 0.802885 0.280990 0.030769 0.099479
15 0.765745 0.269792 0.030529 0.081250
15 0.750841 0.211458 0.041106 0.114583
15 0.705649 0.192969 0.036298 0.077604
15 0.648798 0.109635 0.023077 0.068229
15 0.639303 0.277604 0.050240 0.085417
15 0.593389 0.226823 0.035337 0.106771
15 0.552885 0.223438 0.043750 0.094792
15 0.550120 0.147656 0.050240 0.100521
15 0.514062 0.120833 0.023798 0.114583
15 0.471755 0.063021 0.051202 0.042708
15 0.425000 0.085417 0.030288 0.094792
15 0.462861 0.128385 0.070913 0.085938
15 0.434255 0.202604 0.053606 0.113542
15 0.401923 0.144792 0.037019 0.125000
15 0.494591 0.314323 0.040625 0.111979
15 0.641346 0.353646 0.044231 0.077083
15 0.696995 0.364063 0.074760 0.075000
15 0.704567 0.444531 0.048077 0.118229
15 0.740745 0.478385 0.041106 0.098437
15 0.966827 0.223177 0.051442 0.097396
15 0.944111 0.307031 0.041106 0.077604
15 0.991947 0.302083 0.016106 0.088542
15 0.976202 0.372135 0.047596 0.132812
15 0.898317 0.319010 0.047596 0.068229
15 0.853365 0.367969 0.051923 0.095312
15 0.892188 0.394531 0.044952 0.088021
15 0.984495 0.596094 0.031010 0.129688
15 0.916707 0.660417 0.050240 0.082292
15 0.846514 0.638802 0.040144 0.120313
15 0.984255 0.820052 0.031490 0.132812
15 0.931130 0.832812 0.043990 0.107292
15 0.882452 0.859375 0.048077 0.095833
15 0.904567 0.931250 0.058173 0.063542
15 0.768389 0.925521 0.056010 0.084375
15 0.729447 0.917448 0.044471 0.100521
15 0.716106 0.827083 0.061538 0.135417
15 0.683774 0.931771 0.042548 0.087500
15 0.650120 0.912500 0.041587 0.126042
15 0.666106 0.792708 0.044712 0.100000
15 0.665264 0.686719 0.060337 0.107813
15 0.616947 0.828906 0.049279 0.097396
15 0.605168 0.922656 0.035337 0.078646
15 0.563822 0.941927 0.056010 0.069271
15 0.600962 0.758073 0.041827 0.122396
15 0.552524 0.785937 0.049760 0.079167
15 0.547837 0.665885 0.046635 0.119271
15 0.549159 0.559635 0.051202 0.093229
15 0.546034 0.862500 0.035337 0.113542
15 0.575841 0.863802 0.029087 0.077604
15 0.505048 0.834635 0.045192 0.108854
15 0.513101 0.922396 0.048798 0.058333
15 0.474279 0.927604 0.039423 0.077083
15 0.455409 0.851823 0.042067 0.095312
15 0.427885 0.929427 0.070673 0.088021
15 0.369351 0.892969 0.050721 0.140104
15 0.319351 0.913542 0.044952 0.135417
15 0.280529 0.894271 0.042788 0.103125
15 0.242548 0.929427 0.036538 0.085938
15 0.216346 0.881771 0.059615 0.092708
15 0.189784 0.925260 0.055048 0.075521
15 0.248077 0.823177 0.062500 0.088021
15 0.318029 0.781771 0.038942 0.116667
15 0.377163 0.788802 0.055769 0.102604
15 0.427163 0.790365 0.042308 0.101562
15 0.460096 0.682292 0.047596 0.095833
15 0.438341 0.630729 0.035817 0.092708
15 0.478365 0.512760 0.046635 0.127604
15 0.438822 0.409115 0.039183 0.115104
15 0.394231 0.407813 0.059615 0.084375
15 0.355288 0.440365 0.043750 0.068229
15 0.380288 0.493490 0.048077 0.089063
15 0.396635 0.577344 0.052885 0.108854
15 0.395673 0.655729 0.047596 0.075000
15 0.403245 0.725521 0.031971 0.083333
15 0.350721 0.682292 0.049519 0.103125
15 0.322115 0.661458 0.024519 0.103125
15 0.333654 0.591927 0.057212 0.082812
15 0.285216 0.608854 0.046875 0.104167
15 0.258053 0.723958 0.058894 0.114583
15 0.217188 0.717969 0.037740 0.086979
15 0.207332 0.625521 0.044952 0.080208
15 0.246875 0.524740 0.043750 0.091146
15 0.229687 0.480990 0.061779 0.075521
15 0.380649 0.320833 0.055048 0.094792
15 0.310937 0.268490 0.070433 0.095312
15 0.290385 0.388542 0.044231 0.123958
15 0.250361 0.373958 0.040144 0.102083
15 0.220072 0.416146 0.031971 0.075000
15 0.190505 0.370312 0.042067 0.125000
15 0.222837 0.328125 0.034135 0.086458
15 0.194471 0.252604 0.038462 0.114583
15 0.240625 0.203125 0.047596 0.089583
15 0.218510 0.151042 0.034135 0.112500
15 0.308293 0.136458 0.039663 0.104167
15 0.187981 0.136458 0.051442 0.113542
15 0.132692 0.236198 0.047596 0.106771
15 0.138101 0.316406 0.065625 0.066146
15 0.173077 0.463542 0.053365 0.095833
15 0.133654 0.495833 0.028846 0.101042
15 0.156010 0.542188 0.033173 0.089583
15 0.127644 0.704167 0.048077 0.116667
15 0.077885 0.679167 0.052404 0.134375
15 0.088702 0.255208 0.041827 0.101042
15 0.075120 0.217969 0.049760 0.068229
15 0.084615 0.140104 0.041346 0.079167
15 0.124639 0.141927 0.050721 0.091146
15 0.054327 0.079687 0.057212 0.071875
15 0.041587 0.181250 0.049038 0.084375
15 0.023918 0.238542 0.047356 0.062500
15 0.011538 0.108073 0.022596 0.107813
15 0.040505 0.284375 0.040625 0.061458
15 0.051082 0.323437 0.055048 0.086458
15 0.020913 0.404427 0.039423 0.064062
15 0.012861 0.366146 0.024760 0.070833
15 0.011058 0.316406 0.021635 0.047396
15 0.011418 0.922917 0.022356 0.087500
