15 0.953125 0.075521 0.061058 0.096875
15 0.903125 0.032813 0.081250 0.064583
15 0.840505 0.015365 0.042548 0.029687
15 0.883774 0.125000 0.064183 0.121875
15 0.920312 0.194531 0.076683 0.122396
15 0.828005 0.155729 0.063702 0.147917
15 0.818389 0.060417 0.048317 0.098958
15 0.777764 0.148698 0.050721 0.127604
15 0.765986 0.041406 0.053125 0.079687
15 0.709856 0.071094 0.056250 0.105729
15 0.737500 0.125781 0.069231 0.131771
15 0.671154 0.165885 0.070673 0.131771
15 0.984736 0.112240 0.028125 0.061979
15 0.964663 0.251823 0.067788 0.223438
15 0.896514 0.309375 0.072837 0.093750
15 0.824519 0.288021 0.079808 0.106250
15 0.739062 0.264062 0.075240 0.129167
15 0.695192 0.347396 0.057212 0.134375
15 0.657332 0.261979 0.065144 0.128125
15 0.647115 0.361719 0.038462 0.092188
15 0.606490 0.322396 0.066346 0.136458
15 0.593149 0.209375 0.057933 0.132292
15 0.600120 0.132292 0.058894 0.117708
15 0.627043 0.055990 0.058894 0.110937
15 0.682572 0.037500 0.062740 0.070833
15 0.558654 0.039844 0.067308 0.078646
15 0.852043 0.389583 0.091587 0.126042
15 0.929567 0.407813 0.062019 0.092708
15 0.975361 0.395833 0.046394 0.044792
15 0.968029 0.524479 0.058654 0.143750
15 0.896394 0.485417 0.082692 0.089583
15 0.936899 0.621094 0.072837 0.170313
15 0.988221 0.676302 0.023558 0.144271
15 0.897837 0.676042 0.060577 0.097917
15 0.760577 0.400260 0.080769 0.143229
15 0.818870 0.522135 0.065144 0.144271
15 0.775962 0.560417 0.054327 0.147917
15 0.713341 0.533333 0.070913 0.133333
15 0.659976 0.460156 0.064663 0.119271
15 0.593990 0.458333 0.076442 0.129167
15 0.623077 0.528646 0.055288 0.100000
15 0.664784 0.595313 0.066587 0.101042
15 0.575000 0.584375 0.059135 0.116667
15 0.628726 0.652604 0.054087 0.096875
15 0.725240 0.638021 0.061538 0.097917
15 0.736178 0.742708 0.058413 0.096875
15 0.678846 0.719792 0.066346 0.142708
15 0.621274 0.759635 0.064183 0.114062
15 0.553486 0.695573 0.082452 0.126562
15 0.533654 0.499219 0.048077 0.133854
15 0.547236 0.167969 0.049760 0.152604
15 0.551562 0.319271 0.043510 0.142708
15 0.515505 0.368750 0.055048 0.137500
15 0.832212 0.665625 0.046635 0.117708
15 0.782813 0.700521 0.046875 0.180208
15 0.887139 0.758854 0.042067 0.087500
15 0.849880 0.736198 0.067548 0.159896
15 0.944952 0.782552 0.031250 0.116146
15 0.939543 0.914583 0.034856 0.116667
15 0.916466 0.962500 0.050721 0.060417
15 0.873678 0.975781 0.037260 0.048438
15 0.889303 0.933073 0.053606 0.031771
15 0.829447 0.932292 0.047837 0.086458
15 0.805288 0.970833 0.053846 0.058333
15 0.795433 0.836979 0.050962 0.115625
15 0.740024 0.839323 0.085817 0.081771
15 0.747596 0.928646 0.089423 0.087500
15 0.733053 0.980208 0.079087 0.039583
15 0.673197 0.960156 0.041106 0.079687
15 0.625240 0.972656 0.054327 0.054688
15 0.604688 0.871875 0.064183 0.151042
15 0.664543 0.850521 0.060817 0.140625
15 0.550120 0.982812 0.056010 0.034375
15 0.541466 0.868750 0.064183 0.128125
15 0.511178 0.768750 0.049760 0.125000
15 0.486779 0.956510 0.067308 0.086979
15 0.405529 0.970573 0.047596 0.058854
15 0.454808 0.885938 0.075481 0.127083
15 0.452524 0.722396 0.076202 0.128125
15 0.404447 0.785417 0.054567 0.134375
15 0.508413 0.624219 0.046635 0.131771
15 0.469231 0.609635 0.063942 0.091146
15 0.492668 0.520312 0.042548 0.098958
15 0.442909 0.527865 0.051202 0.111979
15 0.406010 0.560677 0.055769 0.160938
15 0.390625 0.655469 0.076442 0.115104
15 0.402644 0.788802 0.054327 0.132812
15 0.517428 0.429167 0.077644 0.086458
15 0.476082 0.339844 0.027644 0.055729
15 0.505048 0.286979 0.048077 0.079167
15 0.438702 0.398958 0.077404 0.129167
15 0.405048 0.414844 0.038462 0.146354
15 0.427524 0.266667 0.041106 0.117708
15 0.464062 0.242708 0.040144 0.137500
15 0.509014 0.196354 0.056971 0.095833
15 0.501683 0.109896 0.039423 0.080208
15 0.454447 0.116927 0.056971 0.153646
15 0.371755 0.233073 0.069952 0.134896
15 0.409375 0.163542 0.037019 0.083333
15 0.412740 0.073438 0.041827 0.105208
15 0.393510 0.011719 0.030769 0.022396
15 0.361538 0.079427 0.075962 0.157812
15 0.327644 0.068229 0.043269 0.134375
15 0.293630 0.190885 0.078125 0.114062
15 0.277404 0.055729 0.059615 0.110417
15 0.283894 0.310417 0.079808 0.130208
15 0.354327 0.365625 0.058173 0.106250
15 0.356851 0.480729 0.058894 0.108333
15 0.315144 0.428385 0.061058 0.083854
15 0.348558 0.588281 0.056731 0.099479
15 0.309615 0.707812 0.077885 0.118750
15 0.294712 0.567708 0.048077 0.169792
15 0.349399 0.850260 0.090625 0.146354
15 0.351322 0.962760 0.046875 0.074479
15 0.314904 0.988281 0.025000 0.023438
15 0.260817 0.961198 0.068269 0.077604
15 0.189904 0.929688 0.075000 0.140625
15 0.244111 0.881771 0.074279 0.097917
15 0.140505 0.883073 0.070433 0.169271
15 0.090505 0.955208 0.054087 0.089583
15 0.037861 0.981510 0.048317 0.036979
15 0.015385 0.945833 0.030288 0.086458
15 0.066466 0.871615 0.074279 0.161979
15 0.024159 0.833594 0.047837 0.142187
15 0.094591 0.748958 0.075721 0.111458
15 0.158053 0.726823 0.078125 0.175521
15 0.275361 0.806771 0.056971 0.128125
15 0.232692 0.730469 0.073077 0.115104
15 0.246394 0.600260 0.046635 0.132812
15 0.187981 0.621875 0.070192 0.113542
15 0.244471 0.475260 0.072596 0.121354
15 0.186178 0.515885 0.060337 0.090104
15 0.133774 0.553385 0.063702 0.090104
15 0.106010 0.648438 0.063942 0.087500
15 0.052404 0.592708 0.076442 0.115625
15 0.037139 0.705469 0.073798 0.115104
15 0.007091 0.637500 0.013702 0.077083
15 0.093630 0.485417 0.081490 0.134375
15 0.157933 0.439323 0.058173 0.114062
15 0.213582 0.362240 0.059375 0.119271
15 0.030168 0.481771 0.057933 0.088542
15 0.091226 0.391146 0.067548 0.102083
15 0.042788 0.356510 0.085096 0.161979
15 0.014784 0.296094 0.029087 0.119271
15 0.114423 0.268750 0.073077 0.153125
15 0.201322 0.258854 0.094471 0.106250
15 0.233654 0.147917 0.054327 0.123958
15 0.158534 0.159635 0.056010 0.116146
15 0.055889 0.228125 0.056490 0.128125
15 0.019471 0.175781 0.038462 0.123438
15 0.099279 0.131250 0.067788 0.106250
15 0.191466 0.062240 0.073798 0.120313
15 0.142788 0.054427 0.033654 0.107813
15 0.103245 0.019010 0.035817 0.036979
15 0.052284 0.077865 0.055048 0.152604
15 0.014063 0.054427 0.027644 0.106771
