15 0.351594 0.114124 0.072377 0.031556
15 0.282869 0.121783 0.061089 0.032169
15 0.222776 0.127298 0.059097 0.041360
15 0.160027 0.135263 0.057105 0.026042
15 0.098938 0.129902 0.059761 0.028186
15 0.114542 0.157169 0.053785 0.030637
15 0.166335 0.174173 0.039177 0.045037
15 0.248340 0.172028 0.087649 0.019301
15 0.223440 0.195925 0.067065 0.027267
15 0.102922 0.183517 0.054449 0.031250
15 0.046813 0.194240 0.057769 0.036152
15 0.084661 0.211397 0.041833 0.019608
15 0.153718 0.207108 0.069721 0.030025
15 0.141766 0.227328 0.048473 0.022059
15 0.090969 0.238817 0.066401 0.022365
15 0.059097 0.253217 0.043825 0.022978
15 0.188911 0.235754 0.057769 0.020527
15 0.121182 0.262868 0.065737 0.019608
15 0.064077 0.277574 0.055113 0.022672
15 0.189907 0.260110 0.062417 0.016544
15 0.255644 0.233303 0.063745 0.019301
15 0.277224 0.216146 0.061753 0.016850
15 0.351926 0.160233 0.063745 0.040441
15 0.412683 0.159007 0.063081 0.046569
15 0.465471 0.153646 0.053121 0.038909
15 0.500996 0.137714 0.057769 0.019301
15 0.520252 0.161918 0.051129 0.032169
15 0.573041 0.153186 0.053121 0.026348
15 0.630478 0.134957 0.061753 0.035846
15 0.682935 0.130974 0.044489 0.049326
15 0.739708 0.130362 0.069057 0.026654
15 0.803453 0.146446 0.046481 0.036765
15 0.754980 0.162684 0.053121 0.036152
15 0.702523 0.160846 0.045153 0.030637
15 0.644090 0.163450 0.067729 0.026042
15 0.571713 0.177849 0.071713 0.021752
15 0.506308 0.192555 0.060425 0.023591
15 0.562085 0.204044 0.044489 0.025123
15 0.621514 0.196691 0.050465 0.045956
15 0.667331 0.191330 0.042497 0.022365
15 0.725100 0.193015 0.043825 0.030637
15 0.697875 0.213388 0.046481 0.031556
15 0.663015 0.222733 0.049801 0.027574
15 0.601262 0.229626 0.045817 0.020527
15 0.532869 0.223652 0.059097 0.026961
15 0.466135 0.205423 0.053121 0.029718
15 0.503652 0.240656 0.060425 0.030944
15 0.448871 0.226716 0.062417 0.026348
15 0.400398 0.222120 0.054449 0.015931
15 0.385790 0.198836 0.063745 0.030637
15 0.339309 0.218903 0.054449 0.021140
15 0.320053 0.240502 0.053121 0.020833
15 0.378154 0.245711 0.059097 0.032475
15 0.435591 0.254442 0.053121 0.027267
15 0.474436 0.275429 0.049801 0.031250
15 0.529216 0.275276 0.058433 0.030331
15 0.559097 0.249694 0.041169 0.026348
15 0.633798 0.253983 0.085657 0.028799
15 0.682935 0.248009 0.035193 0.017463
15 0.696547 0.275276 0.045153 0.031556
15 0.625498 0.281097 0.049137 0.021752
15 0.580013 0.279565 0.056441 0.032169
15 0.508964 0.304075 0.052457 0.032169
15 0.564077 0.310509 0.056441 0.027880
15 0.417331 0.279412 0.053785 0.028799
15 0.354914 0.265931 0.059097 0.025123
15 0.306109 0.261336 0.047809 0.027574
15 0.251328 0.261489 0.051129 0.033395
15 0.209163 0.287224 0.067729 0.026654
15 0.137450 0.286152 0.086321 0.029412
15 0.063745 0.315411 0.066401 0.041973
15 0.149070 0.311428 0.079017 0.022365
15 0.144754 0.335478 0.095618 0.043505
15 0.225432 0.312653 0.047145 0.032782
15 0.283533 0.291360 0.066401 0.030025
15 0.353918 0.294271 0.070385 0.026042
15 0.423639 0.304228 0.067729 0.023284
15 0.335657 0.317708 0.055113 0.014706
15 0.282205 0.316330 0.047809 0.018689
15 0.217463 0.348346 0.052457 0.034926
15 0.273904 0.339308 0.052457 0.022978
15 0.155046 0.376225 0.049801 0.043505
15 0.400066 0.324602 0.085657 0.028493
15 0.427955 0.343597 0.051129 0.021752
15 0.477756 0.329657 0.060425 0.034314
15 0.629814 0.311581 0.094954 0.029412
15 0.681939 0.298254 0.070385 0.027880
15 0.771580 0.291820 0.059761 0.024203
15 0.765272 0.266085 0.073705 0.023591
15 0.743028 0.240656 0.070385 0.027267
15 0.767596 0.220741 0.066401 0.029105
15 0.824037 0.227022 0.042497 0.023897
15 0.853254 0.201746 0.092961 0.024816
15 0.837981 0.183670 0.082337 0.026654
15 0.852258 0.160080 0.051129 0.019914
15 0.929947 0.196538 0.063081 0.034007
15 0.988712 0.197151 0.022576 0.029718
15 0.982404 0.267310 0.033865 0.041360
15 0.947211 0.282169 0.063081 0.032475
15 0.903054 0.254136 0.053121 0.046875
15 0.857570 0.233609 0.044489 0.034007
15 0.839309 0.261489 0.077025 0.022978
15 0.865538 0.285846 0.053785 0.028799
15 0.827689 0.302390 0.049801 0.036765
15 0.790837 0.321385 0.070385 0.045343
15 0.896082 0.318781 0.065737 0.024816
15 0.983068 0.305147 0.033865 0.026348
15 0.969456 0.346048 0.061089 0.040135
15 0.991700 0.333946 0.016600 0.017770
15 0.909695 0.345741 0.059761 0.027880
15 0.680943 0.340074 0.036521 0.028799
15 0.624834 0.343750 0.062417 0.033701
15 0.561753 0.346507 0.063745 0.030637
15 0.501992 0.356771 0.054449 0.024816
15 0.442895 0.369332 0.041169 0.020527
15 0.377490 0.350950 0.061753 0.018689
15 0.324701 0.362439 0.051793 0.039828
15 0.273904 0.363358 0.060425 0.026961
15 0.201195 0.382506 0.054449 0.030944
15 0.256640 0.391391 0.055113 0.022978
15 0.386786 0.375919 0.075033 0.023897
15 0.486056 0.382966 0.065073 0.031863
15 0.543493 0.384038 0.052457 0.021752
15 0.596946 0.378217 0.050465 0.030331
15 0.662019 0.369026 0.070385 0.026654
15 0.739708 0.368260 0.037185 0.023284
15 0.808101 0.363511 0.071713 0.029105
15 0.937583 0.376225 0.083665 0.025735
15 0.983068 0.392616 0.033865 0.017463
15 0.895418 0.390165 0.055113 0.024816
15 0.837317 0.390778 0.049137 0.022978
15 0.787849 0.402114 0.063081 0.035233
15 0.726428 0.388327 0.069057 0.037071
15 0.670651 0.399050 0.042497 0.027267
15 0.624834 0.408088 0.043825 0.029412
15 0.515272 0.407322 0.083665 0.018076
15 0.451859 0.421722 0.055113 0.040135
15 0.428287 0.395067 0.026560 0.017463
15 0.383134 0.408548 0.079681 0.026654
15 0.308433 0.402267 0.077689 0.026348
15 0.273240 0.424786 0.055113 0.013787
15 0.327357 0.425092 0.031873 0.018076
15 0.211819 0.412377 0.062417 0.021446
15 0.102258 0.408241 0.077025 0.046875
15 0.159031 0.432751 0.067065 0.031556
15 0.094290 0.475031 0.070385 0.040135
15 0.168991 0.464461 0.053785 0.026961
15 0.229084 0.460172 0.090305 0.034926
15 0.223440 0.433824 0.060425 0.015931
15 0.326361 0.442402 0.093625 0.020221
15 0.392762 0.439645 0.061753 0.028186
15 0.431607 0.464614 0.041169 0.036458
15 0.479084 0.452819 0.067065 0.033088
15 0.507636 0.427849 0.043161 0.022978
15 0.567397 0.435049 0.065737 0.036765
15 0.314741 0.463542 0.043825 0.011642
15 0.374170 0.468903 0.051129 0.022978
15 0.332669 0.485141 0.067729 0.029718
15 0.274568 0.493719 0.052457 0.037071
15 0.198207 0.506893 0.077689 0.042586
15 0.162019 0.496630 0.047809 0.037990
15 0.328021 0.516544 0.074369 0.031863
15 0.412351 0.495558 0.053121 0.053615
15 0.491700 0.492034 0.051129 0.035539
15 0.446215 0.508272 0.042497 0.046569
15 0.568393 0.494332 0.099602 0.026654
15 0.566401 0.522518 0.067729 0.034007
15 0.501660 0.520221 0.056441 0.030637
15 0.616202 0.454044 0.065073 0.048407
15 0.674967 0.446844 0.059097 0.019914
15 0.673971 0.425398 0.045153 0.018076
15 0.726096 0.424326 0.045817 0.035539
15 0.787517 0.438572 0.070385 0.025429
15 0.752656 0.470741 0.061753 0.041973
15 0.668327 0.467218 0.080345 0.020833
15 0.827357 0.455116 0.055777 0.017463
15 0.784197 0.475031 0.034529 0.024816
15 0.834661 0.477941 0.042497 0.028186
15 0.884462 0.480239 0.049137 0.041360
15 0.854914 0.437653 0.060425 0.022978
15 0.877158 0.413450 0.074369 0.029718
15 0.924303 0.437653 0.059761 0.026654
15 0.963811 0.416820 0.060425 0.025429
15 0.966467 0.449142 0.052457 0.023897
15 0.936587 0.465227 0.081673 0.022978
15 0.972776 0.480086 0.054449 0.022059
15 0.666003 0.496017 0.098274 0.031250
15 0.736388 0.498162 0.042497 0.018995
15 0.794821 0.505974 0.066401 0.038297
15 0.844622 0.509038 0.039841 0.027267
15 0.917331 0.513480 0.067065 0.024510
15 0.959163 0.509038 0.069721 0.034007
15 0.860226 0.534161 0.065737 0.019914
15 0.781208 0.541207 0.060425 0.030331
15 0.729416 0.523131 0.053785 0.026654
15 0.659363 0.523744 0.086321 0.028493
15 0.617862 0.539828 0.094954 0.022672
15 0.906375 0.554381 0.058433 0.024203
15 0.838645 0.557598 0.069057 0.021446
15 0.775896 0.574755 0.069721 0.031863
15 0.706175 0.586857 0.055113 0.031556
15 0.693559 0.568934 0.069721 0.019608
15 0.650398 0.562653 0.077689 0.027267
15 0.546149 0.560815 0.079017 0.039522
15 0.484396 0.545650 0.047145 0.026348
15 0.431607 0.552083 0.066401 0.034926
15 0.370186 0.550705 0.067065 0.041360
15 0.314077 0.552237 0.055777 0.026654
15 0.253984 0.531250 0.065737 0.034926
15 0.219456 0.549020 0.033865 0.021446
15 0.265604 0.571538 0.049137 0.038297
15 0.187583 0.582414 0.083001 0.044730
15 0.155378 0.550705 0.073041 0.037684
15 0.109894 0.596661 0.065737 0.024816
15 0.247012 0.615196 0.059761 0.049632
15 0.311089 0.599112 0.063081 0.045650
15 0.382802 0.579810 0.079017 0.024203
15 0.389110 0.606311 0.103586 0.025123
15 0.468792 0.592831 0.081009 0.036152
15 0.468127 0.570466 0.081009 0.017157
15 0.524236 0.591605 0.079017 0.035539
15 0.611222 0.595588 0.093625 0.030025
15 0.539841 0.616268 0.065073 0.024203
15 0.483400 0.632812 0.043825 0.039522
15 0.421647 0.628523 0.073041 0.024816
15 0.351262 0.634804 0.078353 0.028799
15 0.296813 0.648438 0.066401 0.019301
15 0.222112 0.664675 0.083001 0.049326
15 0.166003 0.650582 0.054449 0.053615
15 0.056441 0.655025 0.071713 0.036765
15 0.121182 0.689338 0.072377 0.045343
15 0.294489 0.670343 0.113546 0.026348
15 0.339641 0.672947 0.059097 0.031556
15 0.261620 0.695925 0.059761 0.024203
15 0.320385 0.703278 0.051129 0.022978
15 0.217463 0.718290 0.075033 0.029105
15 0.387450 0.690257 0.065737 0.030637
15 0.455511 0.669730 0.074369 0.028799
15 0.530876 0.658548 0.072377 0.036458
15 0.595618 0.626991 0.066401 0.033395
15 0.647078 0.635110 0.045817 0.023284
15 0.702855 0.618107 0.081673 0.034620
15 0.808765 0.605086 0.074369 0.028799
15 0.768924 0.630362 0.051793 0.042586
15 0.751660 0.598805 0.031873 0.016850
15 0.979416 0.577665 0.041169 0.020527
15 0.864542 0.580576 0.103586 0.021446
15 0.911687 0.597580 0.122178 0.027267
15 0.872178 0.624081 0.077689 0.023284
15 0.821713 0.639859 0.065737 0.030331
15 0.959163 0.626685 0.073705 0.027880
15 0.901062 0.646599 0.061089 0.016850
15 0.864210 0.666207 0.089641 0.026042
15 0.785525 0.667892 0.055777 0.024510
15 0.720784 0.658241 0.069721 0.038297
15 0.669655 0.659467 0.069721 0.030331
15 0.597610 0.665901 0.049137 0.038297
15 0.962815 0.670343 0.074369 0.037990
15 0.907039 0.684283 0.047809 0.037071
15 0.836653 0.689491 0.084993 0.022978
15 0.851594 0.715839 0.045817 0.034007
15 0.917331 0.706189 0.065737 0.027574
15 0.959163 0.729779 0.080345 0.026961
15 0.891766 0.746477 0.071713 0.038909
15 0.967795 0.761949 0.064409 0.032475
15 0.796149 0.722733 0.061089 0.058824
15 0.751660 0.700061 0.038513 0.038603
15 0.696547 0.690870 0.070385 0.026961
15 0.640770 0.711397 0.079681 0.038603
15 0.689907 0.724571 0.069057 0.029412
15 0.731740 0.746477 0.079681 0.037071
15 0.668659 0.761489 0.054449 0.040748
15 0.613546 0.748315 0.075697 0.029105
15 0.554781 0.744792 0.060425 0.044118
15 0.535525 0.720741 0.055113 0.030944
15 0.489044 0.718444 0.065737 0.034314
15 0.514608 0.692096 0.094290 0.025123
15 0.422311 0.709712 0.073041 0.035846
15 0.361886 0.727022 0.043825 0.036152
15 0.297477 0.728860 0.096946 0.029412
15 0.247344 0.760723 0.041833 0.031250
15 0.195219 0.782935 0.083665 0.043199
15 0.146746 0.792892 0.090305 0.042279
15 0.043825 0.778799 0.077025 0.055147
15 0.119190 0.839154 0.063081 0.039216
15 0.180943 0.842984 0.059097 0.040748
15 0.237384 0.823836 0.060425 0.035539
15 0.234396 0.865196 0.054449 0.042279
15 0.171315 0.894455 0.078353 0.034007
15 0.172643 0.923100 0.084993 0.027574
15 0.298473 0.825827 0.056441 0.043811
15 0.308433 0.794271 0.053785 0.021140
15 0.299801 0.768382 0.069721 0.036765
15 0.365206 0.752604 0.062417 0.019301
15 0.377158 0.772672 0.111554 0.044730
15 0.424967 0.792126 0.108898 0.040748
15 0.350598 0.812347 0.039841 0.033395
15 0.378154 0.849265 0.060425 0.047794
15 0.330677 0.850031 0.022576 0.042586
15 0.500996 0.770680 0.077689 0.020527
15 0.465471 0.804994 0.049137 0.024203
15 0.521912 0.801011 0.061089 0.031556
15 0.431607 0.832721 0.054449 0.031250
15 0.432935 0.863664 0.051793 0.022672
15 0.301129 0.888174 0.061753 0.025735
15 0.286853 0.922028 0.059761 0.033395
15 0.606574 0.783395 0.090969 0.030025
15 0.593958 0.816636 0.072377 0.026654
15 0.663679 0.804688 0.051129 0.030944
15 0.734064 0.798713 0.089641 0.035539
15 0.772908 0.774510 0.055777 0.023284
15 0.830345 0.763480 0.083001 0.022059
15 0.917331 0.781710 0.057769 0.025429
15 0.977424 0.796262 0.045153 0.031863
15 0.861222 0.798100 0.078353 0.034314
15 0.812085 0.814185 0.034529 0.019914
15 0.925631 0.823223 0.083665 0.034926
15 0.846282 0.847580 0.065737 0.044424
15 0.893094 0.866575 0.051793 0.043811
15 0.809429 0.866728 0.088977 0.036765
15 0.777888 0.837623 0.065737 0.033088
15 0.711819 0.829504 0.069057 0.030944
15 0.650066 0.839920 0.046481 0.034007
15 0.600930 0.856618 0.067729 0.047794
15 0.527888 0.846661 0.092961 0.053002
15 0.984396 0.881281 0.031208 0.041360
15 0.952523 0.900429 0.069721 0.040441
15 0.966799 0.940717 0.062417 0.038909
15 0.905710 0.946538 0.066401 0.042586
15 0.876162 0.907169 0.061753 0.029412
15 0.807769 0.898438 0.055113 0.021752
15 0.841301 0.926164 0.046481 0.031250
15 0.775564 0.915594 0.059761 0.032169
15 0.735392 0.870098 0.060425 0.045343
15 0.693891 0.865196 0.042497 0.029412
15 0.709495 0.906250 0.057769 0.036152
15 0.651726 0.886642 0.065737 0.037990
15 0.593958 0.910692 0.073705 0.032782
15 0.541833 0.888480 0.092961 0.020833
15 0.476096 0.875306 0.059761 0.026348
15 0.384794 0.892923 0.083001 0.030331
15 0.447875 0.908395 0.076361 0.025735
15 0.375830 0.949602 0.083665 0.051164
15 0.441899 0.944240 0.053785 0.039828
15 0.480744 0.945006 0.037185 0.024816
15 0.524236 0.932138 0.073705 0.049939
15 0.585657 0.945159 0.053121 0.027574
15 0.577357 0.973958 0.040505 0.027574
15 0.518260 0.980392 0.069721 0.036765
15 0.464143 0.981005 0.042497 0.037990
15 0.652390 0.937653 0.064409 0.043199
15 0.722444 0.955116 0.069057 0.040748
15 0.776228 0.944393 0.050465 0.021140
15 0.828353 0.966299 0.056441 0.036152
15 0.902058 0.986673 0.081673 0.026654
15 0.784197 0.986520 0.063745 0.026961
15 0.684263 0.985141 0.077689 0.029105
15 0.622178 0.979167 0.033201 0.037990
