15 0.137632 0.914901 0.244466 0.156954
15 0.348893 0.973179 0.203080 0.053642
15 0.421078 0.907616 0.224254 0.070861
15 0.611165 0.952980 0.179018 0.088742
15 0.736285 0.895033 0.207892 0.183444
15 0.889798 0.850000 0.183831 0.121192
15 0.638114 0.622517 0.238691 0.219868
15 0.534167 0.805629 0.161694 0.135762
15 0.356112 0.732119 0.223292 0.180795
15 0.282002 0.609603 0.236766 0.162252
15 0.463426 0.460265 0.243503 0.160265
15 0.730510 0.425166 0.230991 0.176159
15 0.893648 0.542384 0.168431 0.162914
15 0.097209 0.547351 0.175168 0.205960
15 0.045717 0.757616 0.089509 0.135099
15 0.961020 0.725497 0.077960 0.103974
15 0.260346 0.351656 0.268527 0.186755
15 0.084697 0.339073 0.138595 0.158940
15 0.527430 0.302649 0.188643 0.131126
15 0.697305 0.268543 0.241578 0.114570
15 0.864293 0.221854 0.169394 0.160265
15 0.926853 0.357947 0.127045 0.150331
15 0.643888 0.134768 0.234841 0.107947
15 0.225217 0.180132 0.294514 0.164238
15 0.855149 0.064238 0.278152 0.127152
15 0.560635 0.046026 0.183831 0.090728
15 0.446102 0.130132 0.093359 0.130464
15 0.246391 0.040728 0.194418 0.080132
15 0.225217 0.792384 0.152069 0.102649
