15 0.633152 0.043750 0.160870 0.075000
15 0.773370 0.058375 0.150000 0.070250
15 0.979891 0.095875 0.040217 0.034750
15 0.916033 0.138125 0.167935 0.080750
15 0.722011 0.130750 0.214674 0.072000
15 0.787772 0.183500 0.179891 0.056500
15 0.933967 0.203750 0.120109 0.050500
15 0.602717 0.208125 0.180435 0.070750
15 0.472554 0.227375 0.226630 0.051250
15 0.358152 0.175000 0.219565 0.090500
15 0.394565 0.297125 0.154348 0.083750
15 0.517391 0.345750 0.211957 0.068000
15 0.573098 0.290500 0.166848 0.068000
15 0.740217 0.225000 0.147826 0.078000
15 0.908967 0.255250 0.166848 0.067500
15 0.960326 0.293625 0.079348 0.076750
15 0.804076 0.297000 0.237500 0.067500
15 0.710054 0.343000 0.200543 0.065000
15 0.917391 0.350250 0.140217 0.039000
15 0.836685 0.377000 0.228804 0.043500
15 0.422826 0.389625 0.217391 0.092750
15 0.573370 0.423250 0.163043 0.067500
15 0.761685 0.430875 0.329891 0.088250
15 0.245652 0.319750 0.171739 0.125500
15 0.176087 0.272375 0.133696 0.048250
15 0.065489 0.312000 0.129891 0.125000
15 0.063043 0.418000 0.125000 0.093000
15 0.216033 0.439750 0.238587 0.100500
15 0.399728 0.477625 0.164674 0.085250
15 0.626087 0.508250 0.204348 0.096500
15 0.973641 0.438625 0.052717 0.062250
15 0.861957 0.514000 0.241304 0.103500
15 0.655163 0.596250 0.141848 0.083000
15 0.503533 0.571000 0.199457 0.096500
15 0.222826 0.590375 0.225000 0.113250
15 0.070109 0.547375 0.139130 0.115750
15 0.093478 0.678000 0.185870 0.082500
15 0.235598 0.721250 0.144022 0.076000
15 0.059239 0.782250 0.117391 0.118000
15 0.216033 0.828750 0.213587 0.117000
15 0.104076 0.918500 0.207065 0.160500
15 0.342391 0.940125 0.309783 0.111750
15 0.630978 0.954625 0.250000 0.090750
15 0.813859 0.642500 0.266848 0.093000
15 0.948370 0.584875 0.103261 0.067250
15 0.801087 0.582875 0.165217 0.030750
15 0.520380 0.696750 0.299457 0.111000
15 0.370109 0.628750 0.201087 0.092500
15 0.463043 0.818625 0.280435 0.120750
15 0.701902 0.774375 0.237500 0.123250
15 0.892935 0.738375 0.209783 0.170750
15 0.830707 0.894375 0.338587 0.105250
15 0.894565 0.979375 0.208696 0.041250
