15 0.850598 0.109069 0.083665 0.040441
15 0.914343 0.136489 0.088977 0.034620
15 0.948207 0.159161 0.087649 0.026042
15 0.856574 0.170343 0.084993 0.037377
15 0.820053 0.139706 0.079681 0.025735
15 0.942563 0.189491 0.071049 0.040748
15 0.882470 0.207721 0.094290 0.037377
15 0.807105 0.191942 0.061753 0.022978
15 0.771580 0.158701 0.066401 0.039216
15 0.744024 0.174786 0.045817 0.040135
15 0.746348 0.116881 0.082337 0.027880
15 0.688247 0.132353 0.102922 0.039216
15 0.667995 0.160080 0.051793 0.027267
15 0.694223 0.185968 0.079017 0.036152
15 0.601262 0.151501 0.068393 0.028493
15 0.575697 0.120864 0.083665 0.032782
15 0.526228 0.143536 0.076361 0.029718
15 0.485392 0.103401 0.079681 0.046262
15 0.364542 0.074449 0.079681 0.029412
15 0.361554 0.104013 0.108234 0.028493
15 0.407703 0.134191 0.094290 0.041054
15 0.321713 0.130668 0.057769 0.028493
15 0.306109 0.153033 0.099602 0.038297
15 0.236388 0.113358 0.087649 0.037377
15 0.160359 0.087316 0.076361 0.036765
15 0.120186 0.119332 0.086321 0.043811
15 0.057105 0.090227 0.107570 0.038297
15 0.060757 0.138480 0.088313 0.046569
15 0.195883 0.144761 0.100930 0.035846
15 0.196215 0.185049 0.125498 0.052696
15 0.068061 0.187500 0.100266 0.044118
15 0.016268 0.164522 0.031208 0.046569
15 0.118526 0.195466 0.045817 0.021446
15 0.132470 0.220588 0.080345 0.034314
15 0.047809 0.230392 0.070385 0.026348
15 0.078685 0.255821 0.055113 0.033701
15 0.136122 0.258732 0.059761 0.036458
15 0.019920 0.266850 0.033201 0.034926
15 0.223440 0.229626 0.084329 0.041973
15 0.302789 0.241881 0.062417 0.036458
15 0.258964 0.277574 0.103586 0.054534
15 0.190239 0.267616 0.051129 0.031556
15 0.161023 0.292586 0.075033 0.031863
15 0.369522 0.270680 0.106906 0.042586
15 0.387782 0.225184 0.112882 0.066789
15 0.289177 0.206189 0.076361 0.030637
15 0.313413 0.180913 0.071713 0.021752
15 0.396746 0.185662 0.071049 0.037990
15 0.425963 0.167739 0.086985 0.029105
15 0.504316 0.173866 0.072377 0.032782
15 0.495684 0.204810 0.086985 0.036458
15 0.458831 0.219669 0.037185 0.022672
15 0.561753 0.220588 0.051793 0.026961
15 0.591633 0.185049 0.111554 0.039828
15 0.633798 0.216452 0.076361 0.038297
15 0.759628 0.203278 0.063745 0.023591
15 0.717463 0.218290 0.077689 0.020527
15 0.799469 0.229473 0.053121 0.034314
15 0.872842 0.238205 0.080345 0.017463
15 0.740040 0.242188 0.084329 0.030944
15 0.675631 0.255362 0.043161 0.037071
15 0.638778 0.268076 0.078353 0.042892
15 0.587649 0.247549 0.063745 0.032475
15 0.496348 0.251991 0.113546 0.045650
15 0.533201 0.295343 0.070385 0.038603
15 0.607238 0.299173 0.073705 0.028493
15 0.686587 0.297488 0.055777 0.037377
15 0.742032 0.275429 0.098938 0.031863
15 0.837649 0.263940 0.090969 0.042586
15 0.921315 0.264859 0.072377 0.043199
15 0.968127 0.254289 0.053121 0.033701
15 0.959163 0.222733 0.063081 0.031250
15 0.975100 0.284314 0.049801 0.023897
15 0.507636 0.315257 0.069721 0.018995
15 0.450863 0.293811 0.075697 0.041054
15 0.357570 0.311734 0.081673 0.035846
15 0.779216 0.298254 0.068393 0.019914
15 0.854914 0.302543 0.072377 0.034007
15 0.928951 0.321844 0.118194 0.052390
15 0.822377 0.336091 0.071049 0.037990
15 0.757968 0.328125 0.094954 0.043505
15 0.660691 0.331036 0.075697 0.037684
15 0.576361 0.324755 0.043825 0.017157
15 0.506972 0.342525 0.100266 0.034926
15 0.584993 0.355392 0.107570 0.046569
15 0.403386 0.360754 0.108234 0.056679
15 0.403386 0.327053 0.093625 0.026042
15 0.328353 0.354013 0.079017 0.033395
15 0.243028 0.330423 0.124834 0.054228
15 0.111554 0.338082 0.124834 0.060355
15 0.074037 0.297181 0.102922 0.037990
15 0.020584 0.324449 0.037185 0.061275
15 0.050797 0.365043 0.072377 0.025429
15 0.724768 0.362132 0.063081 0.031863
15 0.781208 0.373775 0.064409 0.033701
15 0.859230 0.365809 0.086321 0.043505
15 0.948207 0.372243 0.103586 0.040441
15 0.916999 0.410692 0.095618 0.045037
15 0.833665 0.417586 0.089641 0.055147
15 0.720452 0.392157 0.090305 0.020221
15 0.662683 0.370711 0.053121 0.050858
15 0.631142 0.406250 0.094954 0.031250
15 0.750000 0.425398 0.110890 0.053615
15 0.491368 0.382659 0.108898 0.041054
15 0.513280 0.421262 0.102258 0.052083
15 0.402390 0.433517 0.096946 0.061887
15 0.318393 0.407169 0.061753 0.028186
15 0.218127 0.390778 0.129482 0.049939
15 0.095286 0.403186 0.145418 0.055147
15 0.255312 0.436887 0.145418 0.046569
15 0.178619 0.470435 0.079681 0.032169
15 0.079017 0.460784 0.122178 0.053922
15 0.310757 0.464154 0.096946 0.053309
15 0.479084 0.459252 0.081673 0.024510
15 0.580677 0.449602 0.124170 0.047488
15 0.698871 0.467831 0.129482 0.047794
15 0.802457 0.462623 0.071049 0.018382
15 0.916667 0.452972 0.149402 0.032782
15 0.937251 0.494945 0.117530 0.051777
15 0.819389 0.498775 0.115538 0.056373
15 0.601594 0.487898 0.071713 0.028493
15 0.679947 0.524357 0.173971 0.042586
15 0.583001 0.549326 0.084993 0.060049
15 0.509628 0.489124 0.112218 0.039522
15 0.382470 0.492034 0.099602 0.045343
15 0.233400 0.511642 0.121514 0.058211
15 0.151726 0.525429 0.047145 0.045343
15 0.066733 0.508732 0.132138 0.041360
15 0.069721 0.548407 0.083665 0.044730
15 0.025896 0.586857 0.050465 0.039522
15 0.012948 0.544577 0.024568 0.037071
15 0.137118 0.582721 0.161355 0.061275
15 0.291501 0.547488 0.116866 0.069240
15 0.421315 0.543199 0.149402 0.079044
15 0.346614 0.601869 0.114210 0.034007
15 0.247344 0.606464 0.093625 0.043199
15 0.513612 0.547947 0.063081 0.043199
15 0.491368 0.597120 0.124834 0.052696
15 0.678287 0.575368 0.120186 0.054534
15 0.576029 0.592678 0.055113 0.035846
15 0.740040 0.593903 0.059097 0.045650
15 0.787849 0.554381 0.085657 0.026654
15 0.863214 0.531710 0.114210 0.027880
15 0.964143 0.549173 0.071713 0.046875
15 0.922643 0.583180 0.080345 0.059130
15 0.830345 0.597120 0.100266 0.069853
15 0.755644 0.632966 0.070385 0.020833
15 0.659363 0.623928 0.100930 0.037684
15 0.945219 0.637714 0.109562 0.045037
15 0.504316 0.635110 0.114874 0.033088
15 0.376826 0.640778 0.128154 0.078738
15 0.294489 0.669884 0.097610 0.083640
15 0.139774 0.662990 0.177291 0.071078
15 0.024236 0.651042 0.047145 0.041054
15 0.491700 0.682138 0.156042 0.067096
15 0.452191 0.717678 0.088977 0.034620
15 0.377490 0.695312 0.053785 0.026654
15 0.198207 0.721967 0.142762 0.051777
15 0.062417 0.715839 0.123506 0.078738
15 0.634462 0.674479 0.106906 0.064032
15 0.761620 0.675398 0.116866 0.075061
15 0.893094 0.666054 0.175299 0.056373
15 0.871182 0.716605 0.112882 0.060662
15 0.973108 0.731924 0.053785 0.046569
15 0.906707 0.757659 0.116202 0.033088
15 0.788181 0.751991 0.111554 0.060355
15 0.678287 0.736213 0.106906 0.047794
15 0.553121 0.740196 0.139442 0.049632
15 0.442231 0.771446 0.094290 0.044730
15 0.341301 0.741881 0.136786 0.054228
15 0.224436 0.779718 0.111554 0.045956
15 0.097278 0.768842 0.116202 0.045650
15 0.309761 0.799020 0.085657 0.057598
15 0.138446 0.823836 0.116202 0.046569
15 0.043825 0.832721 0.074369 0.087010
15 0.205843 0.866728 0.115538 0.054534
15 0.372178 0.831955 0.148074 0.099571
15 0.471780 0.833180 0.064409 0.048100
15 0.546149 0.799020 0.089641 0.057598
15 0.656375 0.777574 0.075033 0.040441
15 0.637782 0.845435 0.113546 0.091605
15 0.755644 0.827206 0.100930 0.099877
15 0.833997 0.801471 0.067729 0.036152
15 0.876162 0.880055 0.129482 0.111826
15 0.945883 0.816942 0.108234 0.086703
15 0.954183 0.894608 0.054449 0.056373
15 0.803121 0.931219 0.136122 0.094669
15 0.926627 0.946844 0.077689 0.039522
15 0.881142 0.985907 0.083665 0.028186
15 0.686919 0.946538 0.132138 0.078125
15 0.561089 0.873775 0.086321 0.052083
15 0.496016 0.924786 0.195219 0.079350
15 0.566401 0.971814 0.087649 0.052083
15 0.367530 0.954197 0.126826 0.079350
15 0.205179 0.917433 0.134130 0.056066
15 0.106574 0.977328 0.164011 0.045343
