15 0.604948 0.066226 0.065104 0.022837
15 0.683073 0.135457 0.058854 0.018029
15 0.592969 0.145192 0.068229 0.018750
15 0.529948 0.153726 0.049479 0.014663
15 0.302604 0.194111 0.077083 0.033413
15 0.262760 0.221995 0.055729 0.032933
15 0.270833 0.259135 0.087500 0.037019
15 0.378906 0.342428 0.067187 0.021875
15 0.440365 0.372356 0.078646 0.025000
15 0.437240 0.397596 0.056771 0.032212
15 0.488281 0.396154 0.054688 0.031731
15 0.497656 0.433534 0.055729 0.030529
15 0.539062 0.467067 0.069792 0.040865
15 0.597917 0.498317 0.076042 0.032212
15 0.653385 0.698918 0.090104 0.031010
15 0.598698 0.716707 0.059896 0.028125
15 0.563802 0.744351 0.066146 0.024760
15 0.505208 0.759856 0.086458 0.024038
15 0.432292 0.765745 0.057292 0.027644
15 0.385937 0.803486 0.053125 0.030529
15 0.271354 0.807692 0.068750 0.025962
15 0.283594 0.841106 0.054688 0.032692
