15 0.478906 0.012500 0.054688 0.023077
15 0.536458 0.012861 0.048958 0.025240
15 0.521094 0.041707 0.060937 0.030529
15 0.534375 0.066466 0.029167 0.022837
15 0.579167 0.070913 0.068750 0.034135
15 0.582552 0.096635 0.075521 0.036538
15 0.659375 0.098678 0.064583 0.042548
15 0.720052 0.093269 0.074479 0.030769
15 0.706771 0.138942 0.077083 0.036058
15 0.775260 0.137620 0.065104 0.046394
15 0.669010 0.181010 0.045312 0.051923
15 0.858333 0.201923 0.081250 0.037500
15 0.198177 0.232091 0.074479 0.039183
15 0.822917 0.257933 0.098958 0.042308
15 0.745573 0.273317 0.086979 0.050481
15 0.740885 0.322596 0.093229 0.035577
15 0.863802 0.302163 0.102604 0.041346
15 0.224740 0.365865 0.091146 0.049519
15 0.726042 0.382452 0.070833 0.044231
15 0.802865 0.395553 0.109896 0.039183
15 0.811979 0.418389 0.079167 0.039183
15 0.884375 0.407933 0.057292 0.044712
15 0.716406 0.438101 0.067187 0.035817
15 0.800781 0.450000 0.086979 0.022596
15 0.879948 0.466106 0.056771 0.049038
15 0.819271 0.486058 0.066667 0.052404
15 0.747656 0.470793 0.090104 0.030529
15 0.704688 0.496635 0.071875 0.039423
15 0.759896 0.513101 0.077083 0.038221
15 0.155990 0.428966 0.071354 0.025240
15 0.211458 0.442548 0.092708 0.032692
15 0.860938 0.518750 0.083333 0.035577
15 0.785677 0.548438 0.064062 0.038702
15 0.342448 0.550962 0.070312 0.027885
15 0.149219 0.559495 0.048438 0.039183
15 0.201563 0.559856 0.068750 0.038942
15 0.272135 0.589663 0.085938 0.056731
15 0.370573 0.579207 0.116146 0.038221
15 0.507812 0.608173 0.085417 0.033173
15 0.670573 0.585216 0.118229 0.033894
15 0.721094 0.625240 0.082812 0.049038
15 0.645052 0.638462 0.071354 0.051923
15 0.586458 0.631611 0.087500 0.056490
15 0.390365 0.636418 0.067187 0.036779
15 0.168229 0.659615 0.094792 0.051442
15 0.351042 0.670192 0.093750 0.043269
15 0.642969 0.689543 0.079687 0.044471
15 0.562760 0.699519 0.084896 0.042308
15 0.535937 0.734014 0.078125 0.046875
15 0.332552 0.710216 0.074479 0.039663
15 0.247396 0.747476 0.060417 0.048317
15 0.315885 0.768750 0.076563 0.050481
15 0.390104 0.765385 0.077083 0.055769
15 0.465625 0.759615 0.078125 0.049038
15 0.468229 0.801202 0.061458 0.046635
15 0.539062 0.777284 0.107292 0.031490
15 0.611458 0.747837 0.078125 0.038942
15 0.699740 0.757452 0.120313 0.035577
15 0.890885 0.721635 0.067187 0.043750
15 0.894531 0.826442 0.069271 0.037019
15 0.419271 0.834135 0.072917 0.034615
15 0.197656 0.793149 0.092188 0.041106
15 0.148958 0.845192 0.072917 0.042788
15 0.150781 0.875481 0.055729 0.020673
15 0.225521 0.849880 0.106250 0.070913
15 0.274740 0.886058 0.068229 0.031250
15 0.203906 0.904207 0.075521 0.046875
15 0.136458 0.903726 0.070833 0.045913
15 0.150260 0.930288 0.068229 0.022115
15 0.267969 0.919952 0.081771 0.034615
15 0.218490 0.937139 0.042188 0.019952
15 0.154948 0.959014 0.097396 0.033413
15 0.270052 0.959736 0.108854 0.034375
15 0.360677 0.916466 0.083854 0.046875
15 0.423438 0.933774 0.053125 0.035337
15 0.430469 0.897837 0.080729 0.045673
15 0.351302 0.876202 0.126562 0.033173
15 0.501563 0.877764 0.081250 0.040144
15 0.589844 0.893029 0.088021 0.050000
15 0.654427 0.921635 0.065104 0.051923
15 0.557031 0.930288 0.063021 0.041346
15 0.492188 0.917548 0.091667 0.038462
15 0.479427 0.950120 0.063021 0.032452
15 0.390885 0.963582 0.119271 0.045433
15 0.325260 0.986659 0.102604 0.017548
15 0.225000 0.982692 0.098958 0.034615
15 0.152865 0.991587 0.076563 0.016827
15 0.365104 0.996635 0.046875 0.006731
15 0.431510 0.982212 0.080729 0.030769
15 0.472917 0.991947 0.057292 0.016106
15 0.517188 0.971154 0.080208 0.039423
15 0.597917 0.972236 0.081250 0.047356
15 0.659896 0.989543 0.070833 0.020913
15 0.759375 0.988942 0.059375 0.022115
