15 0.953385 0.026322 0.093229 0.052163
15 0.983854 0.063341 0.032292 0.022356
15 0.959896 0.093990 0.080208 0.049038
15 0.913802 0.128245 0.089063 0.064663
15 0.857552 0.051683 0.128646 0.065385
15 0.815625 0.098437 0.096875 0.064663
15 0.829948 0.151082 0.100521 0.038221
15 0.875521 0.188582 0.168750 0.037740
15 0.742708 0.195072 0.122917 0.070433
15 0.764583 0.241827 0.096875 0.057692
15 0.659115 0.167909 0.168229 0.045913
15 0.705208 0.120793 0.130208 0.050721
15 0.616146 0.071875 0.086458 0.074519
15 0.717708 0.066587 0.084375 0.064423
15 0.484896 0.080168 0.132292 0.057933
15 0.378906 0.061899 0.098437 0.055048
15 0.525000 0.136058 0.136458 0.055288
15 0.465365 0.173317 0.085938 0.050000
15 0.539583 0.225361 0.094792 0.090625
15 0.434896 0.217308 0.113542 0.050000
15 0.359115 0.185096 0.111979 0.057692
15 0.396354 0.134615 0.089583 0.044712
15 0.331771 0.113822 0.104167 0.045433
15 0.251042 0.171034 0.135417 0.061779
15 0.249219 0.075240 0.102604 0.077885
15 0.176563 0.047596 0.146875 0.067788
15 0.121354 0.101202 0.150000 0.048077
15 0.176823 0.143389 0.169271 0.048317
15 0.119271 0.200841 0.104167 0.058894
15 0.044010 0.053966 0.086979 0.063221
15 0.037760 0.112861 0.074479 0.047356
15 0.051562 0.164784 0.102083 0.051683
15 0.052344 0.239183 0.103646 0.047596
15 0.161458 0.233894 0.151042 0.054327
15 0.246354 0.265385 0.111458 0.041346
15 0.318750 0.238942 0.144792 0.057212
15 0.434896 0.221154 0.112500 0.053846
15 0.448698 0.261899 0.081771 0.022356
15 0.630469 0.222837 0.086979 0.047596
15 0.883854 0.239183 0.114583 0.053846
15 0.992188 0.233534 0.015625 0.053125
15 0.988802 0.290745 0.022396 0.037740
15 0.934115 0.284976 0.089063 0.055048
15 0.834375 0.285337 0.093750 0.037500
15 0.745052 0.301923 0.105729 0.055769
15 0.684896 0.318269 0.070833 0.027404
15 0.864844 0.327163 0.121354 0.039904
15 0.953906 0.342067 0.090104 0.059615
15 0.879948 0.371394 0.107813 0.048558
15 0.645052 0.280649 0.102604 0.059856
15 0.539323 0.299880 0.095312 0.049760
15 0.394271 0.293630 0.182292 0.046875
15 0.179688 0.295072 0.083333 0.043990
15 0.089323 0.275120 0.089063 0.028606
15 0.019271 0.288702 0.037500 0.042308
15 0.090885 0.311058 0.121354 0.050481
15 0.021615 0.328125 0.039062 0.019712
15 0.235417 0.323918 0.169792 0.042067
15 0.180729 0.362139 0.063542 0.032452
15 0.083073 0.366466 0.131771 0.060337
15 0.044010 0.410697 0.086979 0.040144
15 0.213542 0.397356 0.191667 0.048077
15 0.101823 0.435937 0.065104 0.043029
15 0.180990 0.444111 0.107813 0.049760
15 0.285938 0.433894 0.086458 0.038462
15 0.371615 0.405889 0.092188 0.048317
15 0.298698 0.366226 0.117188 0.040144
15 0.390104 0.349760 0.103125 0.057212
15 0.458594 0.324519 0.050521 0.012019
15 0.508854 0.350120 0.111458 0.048317
15 0.452604 0.392788 0.056250 0.043750
15 0.666927 0.358053 0.197396 0.039663
15 0.599740 0.328846 0.070312 0.032692
15 0.790625 0.359615 0.054167 0.055288
15 0.958854 0.399038 0.082292 0.053365
15 0.874479 0.415385 0.089583 0.043269
15 0.939844 0.456971 0.119271 0.053846
15 0.832031 0.448678 0.084896 0.040625
15 0.779427 0.407933 0.105729 0.041346
15 0.675260 0.413341 0.111979 0.064663
15 0.586198 0.433173 0.071354 0.032212
15 0.582812 0.395313 0.063542 0.040625
15 0.512240 0.409255 0.081771 0.071394
15 0.721875 0.454207 0.113542 0.041106
15 0.624740 0.473678 0.061979 0.045433
15 0.539062 0.475481 0.105208 0.048077
15 0.399740 0.454207 0.147396 0.051202
15 0.281250 0.476683 0.134375 0.036058
15 0.167448 0.486418 0.157812 0.036779
15 0.054688 0.518630 0.108333 0.053125
15 0.035937 0.460216 0.070833 0.059856
15 0.164062 0.535577 0.185417 0.052885
15 0.048958 0.573918 0.095833 0.045433
15 0.353646 0.525000 0.151042 0.042788
15 0.269531 0.544591 0.035937 0.018029
15 0.433594 0.501803 0.081771 0.034856
15 0.507812 0.510577 0.078125 0.031731
15 0.703646 0.494231 0.095833 0.036058
15 0.818229 0.481611 0.128125 0.025721
15 0.955469 0.490986 0.083854 0.039663
15 0.899219 0.512019 0.103646 0.032212
15 0.796875 0.515024 0.085417 0.037740
15 0.990625 0.531130 0.018750 0.043510
15 0.940625 0.546875 0.071875 0.045192
15 0.857031 0.549038 0.101562 0.051923
15 0.793750 0.563101 0.038542 0.041106
15 0.971615 0.573558 0.056771 0.031250
15 0.953125 0.628846 0.078125 0.081250
15 0.873958 0.599038 0.120833 0.038462
15 0.781771 0.619712 0.148958 0.061538
15 0.740365 0.652764 0.055729 0.035337
15 0.840365 0.656971 0.056771 0.033654
15 0.840365 0.697596 0.111979 0.073558
15 0.964063 0.712861 0.071875 0.062740
15 0.905469 0.662380 0.039062 0.046875
15 0.663281 0.547115 0.126562 0.039423
15 0.750000 0.539663 0.070833 0.033654
15 0.730208 0.578005 0.080208 0.014663
15 0.649479 0.602764 0.101042 0.066587
15 0.671354 0.658053 0.094792 0.046875
15 0.554688 0.571995 0.089583 0.048798
15 0.554688 0.541226 0.077083 0.023317
15 0.621094 0.514663 0.128646 0.026923
15 0.472917 0.546635 0.073958 0.042788
15 0.470052 0.589543 0.131771 0.047356
15 0.396615 0.561058 0.082812 0.035577
15 0.326302 0.573558 0.052604 0.026442
15 0.330208 0.603365 0.137500 0.034615
15 0.254948 0.582812 0.070312 0.060337
15 0.142187 0.598437 0.125000 0.054567
15 0.503125 0.625601 0.070833 0.011298
15 0.569010 0.617668 0.054688 0.032452
15 0.575521 0.657572 0.093750 0.034375
15 0.425521 0.645553 0.177083 0.046394
15 0.491667 0.680649 0.101042 0.045433
15 0.444271 0.731370 0.109375 0.050240
15 0.259375 0.647476 0.141667 0.051683
15 0.134896 0.650361 0.128125 0.041587
15 0.046094 0.643269 0.040104 0.044712
15 0.031771 0.608413 0.061458 0.017788
15 0.013281 0.646635 0.025521 0.043750
15 0.573438 0.712019 0.088542 0.055769
15 0.646615 0.693990 0.049479 0.036538
15 0.733854 0.699399 0.113542 0.054087
15 0.772656 0.740385 0.090104 0.037019
15 0.812760 0.775962 0.109896 0.064904
15 0.934635 0.774279 0.130729 0.058173
15 0.900781 0.816466 0.140104 0.063221
15 0.746875 0.834736 0.158333 0.042067
15 0.715885 0.770072 0.076563 0.075240
15 0.631250 0.750000 0.108333 0.065865
15 0.635417 0.803846 0.090625 0.043750
15 0.562240 0.839183 0.103646 0.041827
15 0.512500 0.781250 0.115625 0.064904
15 0.369010 0.682212 0.133854 0.023077
15 0.362240 0.721274 0.082812 0.047837
15 0.287500 0.704087 0.057292 0.034135
15 0.221354 0.687740 0.094792 0.049519
15 0.152344 0.697476 0.049479 0.050721
15 0.073958 0.694591 0.106250 0.055048
15 0.121615 0.748197 0.096354 0.042067
15 0.241667 0.731611 0.151042 0.033413
15 0.213281 0.772236 0.134896 0.047356
15 0.342448 0.768389 0.141146 0.032933
15 0.111979 0.798077 0.073958 0.050481
15 0.035937 0.748197 0.070833 0.036298
15 0.036458 0.783173 0.071875 0.029808
15 0.109375 0.795553 0.076042 0.046394
15 0.281771 0.808293 0.102083 0.057933
15 0.434375 0.803245 0.132292 0.040144
15 0.036979 0.816587 0.072917 0.032692
15 0.019792 0.859736 0.038542 0.040144
15 0.086198 0.851683 0.097396 0.047596
15 0.184635 0.829447 0.108854 0.058413
15 0.345573 0.855409 0.179688 0.052644
15 0.451302 0.846514 0.132812 0.042548
15 0.668490 0.864543 0.100521 0.039663
15 0.787240 0.898558 0.074479 0.078846
15 0.876302 0.900601 0.096354 0.087260
15 0.927083 0.868510 0.088542 0.050481
15 0.971094 0.906611 0.057813 0.053125
15 0.671875 0.912740 0.096875 0.048558
15 0.536979 0.893269 0.169792 0.047596
15 0.448698 0.914423 0.122396 0.052885
15 0.419010 0.955048 0.111979 0.042308
15 0.536198 0.973437 0.123438 0.053125
15 0.418490 0.988942 0.109896 0.020673
15 0.306510 0.973918 0.086979 0.052163
15 0.211458 0.984615 0.098958 0.030769
15 0.125000 0.984976 0.086458 0.030048
15 0.233854 0.936298 0.150000 0.054327
15 0.330990 0.907212 0.105729 0.048077
15 0.230729 0.879327 0.096875 0.041346
15 0.137500 0.911178 0.076042 0.072837
15 0.046354 0.905048 0.091667 0.051442
15 0.062240 0.959495 0.123438 0.047837
