15 0.751125 0.019022 0.025250 0.036957
15 0.752750 0.067120 0.019500 0.065761
15 0.733125 0.065489 0.029750 0.048370
15 0.723750 0.032337 0.021500 0.038587
15 0.704500 0.067391 0.027500 0.036957
15 0.682875 0.086141 0.023750 0.051630
15 0.677000 0.043478 0.022000 0.043478
15 0.702000 0.023370 0.025000 0.042391
15 0.671000 0.013859 0.019000 0.026630
15 0.644125 0.035598 0.030750 0.028804
15 0.644750 0.004891 0.015000 0.008696
15 0.625000 0.015761 0.022000 0.029348
15 0.604500 0.011957 0.016500 0.022826
15 0.772000 0.121196 0.022000 0.079348
15 0.752875 0.151359 0.024250 0.052717
15 0.736250 0.114130 0.020000 0.042391
15 0.718125 0.112772 0.027750 0.050543
15 0.716250 0.169293 0.024500 0.061413
15 0.693000 0.182337 0.025000 0.039674
15 0.692125 0.140761 0.021250 0.040217
15 0.671750 0.159239 0.018500 0.039130
15 0.667000 0.119022 0.020000 0.042391
15 0.649750 0.112772 0.021000 0.044022
15 0.631375 0.141304 0.020750 0.045652
15 0.628250 0.104348 0.023500 0.038043
15 0.626500 0.060870 0.023000 0.045652
15 0.598250 0.076359 0.024000 0.036413
15 0.601125 0.124457 0.020250 0.057609
15 0.605000 0.170652 0.021500 0.059783
15 0.624625 0.179348 0.020750 0.053261
15 0.653000 0.180163 0.023000 0.052717
15 0.684750 0.219293 0.023000 0.034239
15 0.666000 0.235054 0.018500 0.042935
15 0.643875 0.228261 0.022750 0.039130
15 0.623875 0.233152 0.017250 0.042391
15 0.603500 0.229891 0.022000 0.050000
15 0.585000 0.217663 0.019500 0.030978
15 0.590750 0.032337 0.018500 0.039674
15 0.575500 0.060598 0.016500 0.037500
15 0.567500 0.007880 0.017000 0.014674
15 0.551875 0.044022 0.021250 0.055435
15 0.545250 0.076902 0.012500 0.040761
15 0.560750 0.113315 0.017000 0.027717
15 0.573500 0.150815 0.017000 0.045109
15 0.557625 0.148641 0.016750 0.045109
15 0.564625 0.202989 0.019250 0.051630
15 0.547250 0.164674 0.010500 0.043478
15 0.533875 0.178804 0.015250 0.040217
15 0.532875 0.135054 0.016250 0.030978
15 0.532500 0.092935 0.017500 0.045652
15 0.541875 0.217663 0.022750 0.048370
15 0.560250 0.248098 0.018000 0.038587
15 0.583875 0.284783 0.016250 0.047826
15 0.565500 0.305435 0.021000 0.068478
15 0.539250 0.280707 0.014500 0.046196
15 0.525875 0.308424 0.014750 0.058152
15 0.538000 0.354076 0.023500 0.034239
15 0.545625 0.333424 0.018750 0.042935
15 0.563000 0.365761 0.012000 0.047826
15 0.543250 0.390217 0.023000 0.034783
15 0.543750 0.431250 0.020000 0.046196
15 0.516750 0.356250 0.019500 0.033152
15 0.531875 0.035054 0.018250 0.044022
15 0.601625 0.307880 0.020250 0.053804
15 0.616375 0.274185 0.013750 0.032065
15 0.635875 0.268750 0.024250 0.042935
15 0.629625 0.314402 0.020250 0.052717
15 0.647625 0.313315 0.011750 0.048370
15 0.658375 0.285326 0.020250 0.044565
15 0.686625 0.260598 0.028250 0.034239
15 0.683375 0.303261 0.032750 0.047826
15 0.663000 0.330707 0.011500 0.045109
15 0.652625 0.360598 0.015250 0.032065
15 0.640000 0.379348 0.017500 0.040217
15 0.618750 0.347283 0.025000 0.041304
15 0.612500 0.387500 0.025000 0.035870
15 0.591625 0.347554 0.018750 0.041848
15 0.576750 0.360054 0.012000 0.044022
15 0.597250 0.400543 0.014500 0.035870
15 0.590875 0.440489 0.013750 0.047283
15 0.579750 0.408424 0.011500 0.042935
15 0.567125 0.440761 0.019250 0.042391
15 0.561125 0.481522 0.017250 0.048913
15 0.582500 0.474728 0.016000 0.029891
15 0.577000 0.513859 0.020000 0.040761
15 0.600500 0.503804 0.018000 0.052174
15 0.609625 0.457880 0.016750 0.061413
15 0.624875 0.507609 0.026250 0.054348
15 0.634000 0.455435 0.017500 0.030435
15 0.630625 0.417935 0.034250 0.036957
15 0.657250 0.415489 0.018000 0.073370
15 0.672125 0.400000 0.020250 0.051087
15 0.654750 0.475000 0.025500 0.045652
15 0.675875 0.469022 0.015250 0.070652
15 0.649750 0.521739 0.023000 0.053261
15 0.674500 0.532337 0.018000 0.059239
15 0.692750 0.446739 0.022000 0.043478
15 0.692875 0.401630 0.019750 0.050000
15 0.719875 0.386957 0.034250 0.054348
15 0.725875 0.330435 0.023750 0.047826
15 0.709500 0.300272 0.020000 0.042935
15 0.717625 0.254076 0.025750 0.042935
15 0.737250 0.246196 0.018500 0.055435
15 0.750625 0.303533 0.020750 0.049457
15 0.756125 0.348641 0.029250 0.041848
15 0.724000 0.448913 0.031000 0.031522
15 0.748875 0.438587 0.019250 0.051087
15 0.719250 0.490217 0.019500 0.047826
15 0.701500 0.501902 0.020500 0.060326
15 0.741375 0.490761 0.021750 0.041304
15 0.723375 0.536413 0.020250 0.033696
15 0.698875 0.551630 0.027250 0.028261
15 0.654500 0.575815 0.024000 0.064674
15 0.636000 0.589402 0.014000 0.065761
15 0.612625 0.559783 0.012750 0.043478
15 0.596750 0.561685 0.016500 0.053804
15 0.578750 0.563859 0.019000 0.041848
15 0.564750 0.585326 0.017000 0.047826
15 0.548125 0.556793 0.016250 0.035326
15 0.534375 0.538859 0.016250 0.025543
15 0.553250 0.519565 0.024000 0.028261
15 0.544750 0.483152 0.015000 0.038043
15 0.526000 0.483152 0.015000 0.040217
15 0.516875 0.456250 0.018750 0.024457
15 0.509125 0.424457 0.018250 0.030435
15 0.513500 0.395109 0.025500 0.029348
15 0.496375 0.454891 0.022250 0.040217
15 0.506875 0.495924 0.016750 0.051630
15 0.511750 0.538587 0.022000 0.027174
15 0.516625 0.574457 0.032250 0.045652
15 0.538125 0.602989 0.021750 0.057065
15 0.625875 0.636957 0.015750 0.042391
15 0.611250 0.603533 0.024000 0.028804
15 0.606625 0.649185 0.017750 0.063587
15 0.652000 0.656793 0.022500 0.057065
15 0.631625 0.684783 0.028750 0.039130
15 0.566875 0.651359 0.016250 0.051630
15 0.549375 0.629348 0.016250 0.033696
15 0.550375 0.671739 0.014250 0.044565
15 0.569750 0.695924 0.019500 0.036413
15 0.534125 0.650000 0.017750 0.026087
15 0.514000 0.620652 0.021000 0.030435
15 0.492500 0.593478 0.013500 0.041304
15 0.492000 0.546196 0.022500 0.047826
15 0.478625 0.493478 0.010750 0.033696
15 0.470875 0.598370 0.025250 0.046739
15 0.492625 0.648641 0.028750 0.035326
15 0.481250 0.665489 0.014000 0.029891
15 0.507500 0.717391 0.030500 0.076087
15 0.533250 0.714674 0.016000 0.053261
15 0.551125 0.723641 0.016250 0.045109
15 0.525625 0.678261 0.018750 0.032609
15 0.572750 0.773098 0.020500 0.039674
15 0.657375 0.718750 0.031250 0.046196
15 0.627500 0.731250 0.022500 0.035326
15 0.630125 0.776902 0.026250 0.046196
15 0.626875 0.819565 0.019750 0.051087
15 0.654125 0.779076 0.021250 0.042935
15 0.609125 0.833152 0.023750 0.047826
15 0.544000 0.769022 0.033000 0.051087
15 0.549500 0.811957 0.022500 0.038043
15 0.527500 0.797011 0.016000 0.046196
15 0.504875 0.780435 0.036250 0.036957
15 0.510375 0.825272 0.019250 0.041848
15 0.534875 0.847554 0.024750 0.047283
15 0.560875 0.850543 0.020250 0.036957
15 0.567875 0.901359 0.020750 0.051630
15 0.589000 0.935326 0.026500 0.046739
15 0.568375 0.955163 0.017750 0.054891
15 0.518500 0.922283 0.018000 0.055435
15 0.496750 0.875272 0.016000 0.052717
15 0.486500 0.844022 0.019000 0.043478
15 0.471125 0.866576 0.014250 0.065761
15 0.619500 0.886413 0.038000 0.042391
15 0.635375 0.927717 0.024250 0.043478
15 0.654250 0.884239 0.023500 0.061957
15 0.673250 0.810326 0.023000 0.071739
15 0.698500 0.825272 0.017500 0.051630
15 0.701500 0.888859 0.031000 0.039674
15 0.721250 0.852717 0.024500 0.082609
15 0.698375 0.782609 0.027750 0.040217
15 0.684375 0.743750 0.023750 0.045109
15 0.702000 0.711413 0.016500 0.035870
15 0.721000 0.747554 0.029000 0.042935
15 0.733250 0.773641 0.016500 0.041848
15 0.749250 0.746196 0.024000 0.055435
15 0.748375 0.805435 0.026250 0.058696
15 0.774625 0.826902 0.020750 0.048370
15 0.785625 0.789130 0.025250 0.053261
15 0.791375 0.733152 0.018750 0.058696
15 0.763375 0.714402 0.025750 0.045109
15 0.776500 0.682609 0.020000 0.054348
15 0.788875 0.651359 0.016250 0.049457
15 0.760375 0.647011 0.014750 0.028804
15 0.742500 0.680707 0.019500 0.048370
15 0.720125 0.710326 0.020250 0.025000
15 0.701000 0.675815 0.016500 0.029891
15 0.717375 0.658424 0.032250 0.065761
15 0.742500 0.629348 0.020500 0.053261
15 0.764125 0.608152 0.016750 0.043478
15 0.784000 0.603533 0.020000 0.046196
15 0.787125 0.563315 0.025250 0.057065
15 0.749375 0.576902 0.020750 0.045109
15 0.699125 0.595924 0.019250 0.044022
15 0.711500 0.568207 0.032500 0.039674
15 0.725375 0.591576 0.017750 0.038587
15 0.768000 0.538859 0.016000 0.060326
15 0.783875 0.511413 0.018250 0.048913
15 0.745250 0.530163 0.019500 0.050543
15 0.763375 0.483967 0.018750 0.037500
15 0.783625 0.460598 0.015750 0.048370
15 0.771500 0.422826 0.024000 0.047826
15 0.780500 0.372011 0.015500 0.047283
15 0.777625 0.322283 0.019250 0.050000
15 0.760000 0.271196 0.019000 0.045652
15 0.778000 0.261413 0.020000 0.047826
15 0.774750 0.211413 0.025000 0.052174
15 0.756000 0.233967 0.016000 0.036413
15 0.516750 0.234511 0.023000 0.044022
15 0.514125 0.187500 0.013750 0.048913
15 0.499125 0.180163 0.012750 0.044022
15 0.486000 0.146467 0.018000 0.044022
15 0.491625 0.105435 0.016750 0.044565
15 0.510125 0.123641 0.024750 0.060326
15 0.500375 0.074728 0.015750 0.030978
15 0.509875 0.039946 0.017250 0.051630
15 0.526000 0.071739 0.023000 0.027174
15 0.493375 0.037228 0.011750 0.030978
15 0.482750 0.015761 0.017000 0.030435
15 0.478125 0.041033 0.009250 0.021196
15 0.478000 0.070380 0.016000 0.030978
15 0.460375 0.046467 0.023250 0.044022
15 0.461125 0.098370 0.016250 0.056522
15 0.475750 0.113587 0.017000 0.053261
15 0.465250 0.150272 0.018500 0.042935
15 0.457750 0.170109 0.020500 0.061957
15 0.477625 0.202989 0.018250 0.046196
15 0.494750 0.232880 0.019000 0.041848
15 0.509250 0.272011 0.020000 0.024457
15 0.483750 0.284511 0.022000 0.036413
15 0.493750 0.307065 0.012500 0.047826
15 0.508750 0.314402 0.014500 0.046196
15 0.494125 0.356522 0.020250 0.044565
15 0.478250 0.326087 0.014500 0.028261
15 0.469500 0.355707 0.015000 0.030978
15 0.459375 0.319293 0.022750 0.041848
15 0.460250 0.288859 0.020000 0.017935
15 0.445125 0.263587 0.021250 0.039130
15 0.457000 0.238315 0.021000 0.057065
15 0.477875 0.251087 0.012750 0.043478
15 0.431000 0.226630 0.026000 0.034783
15 0.444000 0.187772 0.008000 0.030978
15 0.434000 0.151359 0.017000 0.038587
15 0.442375 0.110054 0.012750 0.050543
15 0.446250 0.075543 0.016500 0.021739
15 0.427875 0.092391 0.011750 0.028261
15 0.432875 0.050815 0.027750 0.042935
15 0.446000 0.018750 0.021000 0.033152
15 0.414500 0.047011 0.010500 0.034239
15 0.409625 0.078261 0.019750 0.050000
15 0.408250 0.130707 0.024500 0.046196
15 0.419250 0.145652 0.011000 0.042391
15 0.419125 0.182609 0.023750 0.031522
15 0.394625 0.187772 0.021750 0.032065
15 0.377875 0.175815 0.022250 0.038587
15 0.390375 0.132065 0.011750 0.023913
15 0.395250 0.094293 0.017500 0.033152
15 0.375375 0.099457 0.019750 0.038043
15 0.371625 0.135326 0.011750 0.029348
15 0.410750 0.219837 0.019500 0.030978
15 0.409375 0.250543 0.026750 0.022826
15 0.412250 0.286685 0.016500 0.041848
15 0.424250 0.308696 0.014000 0.026087
15 0.439250 0.301359 0.017000 0.036413
15 0.446625 0.352989 0.018750 0.049457
15 0.464125 0.400543 0.016750 0.055435
15 0.446875 0.401902 0.013750 0.034239
15 0.431500 0.377989 0.018000 0.035326
15 0.428750 0.338587 0.016500 0.032609
15 0.412500 0.353804 0.010500 0.038043
15 0.397125 0.340217 0.024250 0.053261
15 0.421750 0.418207 0.019500 0.046196
15 0.438125 0.451359 0.018750 0.035326
15 0.454750 0.452174 0.017500 0.036957
15 0.468000 0.460054 0.023000 0.037500
15 0.463875 0.507065 0.018750 0.046739
15 0.468375 0.552174 0.020750 0.030435
15 0.455375 0.526087 0.015750 0.032609
15 0.478375 0.699457 0.022750 0.048913
15 0.485500 0.747011 0.014000 0.045109
15 0.469500 0.772283 0.013500 0.048913
15 0.462000 0.733424 0.023000 0.038587
15 0.447500 0.722011 0.013000 0.040761
15 0.453250 0.687228 0.018000 0.028804
15 0.444875 0.650815 0.022750 0.046196
15 0.451000 0.614946 0.016000 0.030978
15 0.450875 0.767391 0.015250 0.032609
15 0.459625 0.820924 0.017250 0.054891
15 0.451500 0.862500 0.020500 0.029348
15 0.441500 0.899185 0.017500 0.042935
15 0.423625 0.876630 0.021750 0.036957
15 0.432250 0.839130 0.013000 0.045652
15 0.416625 0.836685 0.022250 0.057065
15 0.402125 0.861141 0.012750 0.042935
15 0.399250 0.890489 0.021000 0.036413
15 0.421875 0.925815 0.024250 0.053804
15 0.402375 0.947554 0.017750 0.054891
15 0.384750 0.952446 0.015500 0.044022
15 0.382875 0.915761 0.017250 0.029348
15 0.367875 0.946467 0.020250 0.038587
15 0.370250 0.884783 0.020500 0.052174
15 0.387625 0.833424 0.018250 0.045109
15 0.390625 0.786685 0.015750 0.049457
15 0.405750 0.786413 0.010500 0.035870
15 0.411875 0.754891 0.019750 0.041304
15 0.430625 0.773913 0.021250 0.041304
15 0.430750 0.736413 0.018500 0.036957
15 0.431500 0.685054 0.012500 0.046196
15 0.420375 0.703261 0.011750 0.038043
15 0.411375 0.665217 0.020750 0.036957
15 0.405750 0.705435 0.012000 0.043478
15 0.389625 0.717663 0.022250 0.052717
15 0.395500 0.686957 0.011000 0.026087
15 0.403750 0.635326 0.017500 0.045652
15 0.428000 0.630978 0.015000 0.041304
15 0.419000 0.605163 0.014500 0.029891
15 0.411125 0.578261 0.013250 0.023913
15 0.394000 0.603261 0.014500 0.026087
15 0.436625 0.587772 0.011750 0.051630
15 0.443500 0.560054 0.023500 0.050543
15 0.441625 0.521467 0.009250 0.013587
15 0.441625 0.495109 0.016250 0.029348
15 0.428500 0.515489 0.011000 0.045109
15 0.421625 0.563315 0.013250 0.042935
15 0.411875 0.533696 0.011750 0.044565
15 0.389000 0.570652 0.025000 0.045652
15 0.422000 0.466576 0.014000 0.040761
15 0.408375 0.480707 0.020750 0.034239
15 0.400375 0.506250 0.017250 0.028804
15 0.387625 0.529891 0.027250 0.031522
15 0.384750 0.485598 0.024500 0.034239
15 0.365750 0.494565 0.014000 0.052174
15 0.385875 0.439130 0.022250 0.041304
15 0.412375 0.442663 0.011250 0.017935
15 0.403750 0.421739 0.015000 0.036957
15 0.398500 0.026359 0.015000 0.048370
15 0.421125 0.016304 0.027250 0.029348
15 0.390125 0.066576 0.016750 0.020109
15 0.380625 0.023641 0.020750 0.046196
15 0.366250 0.064946 0.024000 0.027717
15 0.360250 0.030435 0.018000 0.052174
15 0.340625 0.020380 0.013750 0.029891
15 0.345625 0.067935 0.012750 0.050000
15 0.333000 0.050000 0.013000 0.031522
15 0.323125 0.021467 0.018250 0.030978
15 0.305750 0.031250 0.017000 0.033152
15 0.288375 0.036413 0.018250 0.046739
15 0.305750 0.079348 0.016500 0.043478
15 0.319500 0.070652 0.015000 0.044565
15 0.332375 0.101902 0.022750 0.037500
15 0.350750 0.132065 0.016000 0.040217
15 0.355625 0.100543 0.009750 0.032609
15 0.318875 0.140761 0.025250 0.040217
15 0.327500 0.184511 0.014000 0.035326
15 0.310875 0.179076 0.019750 0.036413
15 0.342750 0.184783 0.017500 0.029348
15 0.352750 0.198098 0.016000 0.032065
15 0.363750 0.169565 0.011000 0.034783
15 0.346375 0.163587 0.017750 0.013043
15 0.348625 0.247554 0.011750 0.048370
15 0.366875 0.235870 0.027250 0.035870
15 0.391125 0.232880 0.021250 0.044022
15 0.384500 0.286141 0.012500 0.052717
15 0.366375 0.286685 0.019250 0.035326
15 0.359125 0.315761 0.009250 0.031522
15 0.374125 0.323370 0.010250 0.023913
15 0.371000 0.364130 0.010500 0.026087
15 0.383500 0.388315 0.022500 0.036413
15 0.402875 0.378804 0.013250 0.032609
15 0.361500 0.393478 0.024000 0.036957
15 0.365875 0.435054 0.014750 0.040761
15 0.352250 0.455435 0.019500 0.023913
15 0.331750 0.219565 0.010500 0.035870
15 0.317875 0.221739 0.014250 0.034783
15 0.333875 0.267120 0.021750 0.038587
15 0.343750 0.307337 0.016000 0.044022
15 0.317500 0.305707 0.019500 0.017935
15 0.331750 0.304891 0.010000 0.035870
15 0.313375 0.337500 0.018750 0.021739
15 0.335000 0.368207 0.025000 0.042935
15 0.354000 0.353261 0.014000 0.031522
15 0.312000 0.369022 0.022000 0.042391
15 0.305750 0.396739 0.012000 0.035870
15 0.330750 0.406522 0.010500 0.020652
15 0.347000 0.411685 0.012500 0.024457
15 0.339250 0.428261 0.009000 0.029348
15 0.322875 0.441848 0.017250 0.033696
15 0.283375 0.065489 0.021750 0.032065
15 0.280250 0.102717 0.025000 0.031522
15 0.261875 0.052174 0.018750 0.047826
15 0.244875 0.045109 0.014250 0.054348
15 0.228250 0.042935 0.017000 0.036957
15 0.228500 0.081793 0.016500 0.037500
15 0.250625 0.088043 0.021250 0.031522
15 0.246500 0.121467 0.020000 0.042935
15 0.275625 0.140217 0.018750 0.040217
15 0.292000 0.167935 0.015500 0.032609
15 0.273250 0.187772 0.016000 0.038587
15 0.276000 0.227989 0.026000 0.034239
15 0.255500 0.208152 0.016000 0.027174
15 0.257750 0.161685 0.012500 0.040761
15 0.241500 0.159239 0.017000 0.020652
15 0.228125 0.148370 0.013750 0.065217
15 0.236875 0.191033 0.028750 0.027717
15 0.215875 0.194565 0.017250 0.038043
15 0.242625 0.232880 0.020250 0.029891
15 0.236750 0.263315 0.012500 0.038587
15 0.219250 0.254891 0.015000 0.056522
15 0.250125 0.295652 0.015250 0.042391
15 0.263625 0.278533 0.010250 0.058152
15 0.283375 0.281250 0.022250 0.069022
15 0.305875 0.245924 0.018250 0.058152
15 0.300875 0.292391 0.011250 0.031522
15 0.275625 0.330978 0.017250 0.030435
15 0.286875 0.371196 0.022750 0.048913
15 0.285375 0.414674 0.020750 0.034783
15 0.265750 0.406793 0.013500 0.028804
15 0.266625 0.367391 0.024750 0.053261
15 0.250250 0.366576 0.018500 0.025543
15 0.238000 0.330707 0.020500 0.046196
15 0.223125 0.368478 0.021250 0.032609
15 0.229500 0.414946 0.015000 0.050543
15 0.246500 0.406522 0.015500 0.041304
15 0.240500 0.441848 0.014500 0.033696
15 0.264125 0.445924 0.021750 0.025543
15 0.283250 0.447011 0.013000 0.032065
15 0.298625 0.437500 0.018250 0.036957
15 0.307750 0.471196 0.016000 0.022826
15 0.316750 0.488859 0.018000 0.030978
15 0.289625 0.489674 0.020750 0.034783
15 0.258750 0.479076 0.020500 0.041848
15 0.241625 0.482609 0.014750 0.039130
15 0.223000 0.456793 0.016000 0.025543
15 0.214125 0.414674 0.014750 0.038043
15 0.335625 0.475000 0.014750 0.043478
15 0.347000 0.491576 0.016500 0.042935
15 0.341125 0.532880 0.015250 0.034239
15 0.367375 0.547283 0.025250 0.046739
15 0.349500 0.570652 0.013500 0.039130
15 0.326000 0.539402 0.013000 0.061413
15 0.305750 0.539402 0.018000 0.055978
15 0.286500 0.533152 0.016500 0.047826
15 0.272125 0.530707 0.014250 0.048370
15 0.265500 0.573370 0.020500 0.027174
15 0.257125 0.518750 0.013750 0.032065
15 0.240625 0.520652 0.013750 0.041304
15 0.230500 0.577989 0.014000 0.052717
15 0.243500 0.613859 0.018500 0.040761
15 0.260125 0.602717 0.019250 0.033696
15 0.281500 0.597283 0.015500 0.059783
15 0.302375 0.586957 0.023250 0.033696
15 0.309250 0.619837 0.016000 0.033152
15 0.334500 0.618478 0.012500 0.043478
15 0.321250 0.573370 0.014500 0.036957
15 0.335250 0.582609 0.010000 0.027174
15 0.349875 0.614946 0.012250 0.032065
15 0.366125 0.599185 0.020250 0.048370
15 0.384375 0.626630 0.019250 0.039130
15 0.372500 0.650000 0.013500 0.030435
15 0.381875 0.681250 0.011750 0.027717
15 0.389375 0.664402 0.014750 0.021196
15 0.355125 0.644293 0.020250 0.046196
15 0.343875 0.670109 0.015750 0.057609
15 0.358000 0.713587 0.014500 0.053261
15 0.373250 0.718207 0.014000 0.049457
15 0.327750 0.687772 0.013000 0.048370
15 0.325750 0.642120 0.018500 0.039674
15 0.306750 0.652446 0.015000 0.038587
15 0.291000 0.641576 0.013000 0.050543
15 0.283000 0.675272 0.014000 0.039674
15 0.272375 0.638587 0.015750 0.035870
15 0.257500 0.650815 0.012000 0.038587
15 0.264750 0.680978 0.008500 0.036957
15 0.270125 0.726087 0.011250 0.043478
15 0.299625 0.708696 0.022250 0.050000
15 0.315375 0.690217 0.013250 0.028261
15 0.335375 0.724457 0.022750 0.046739
15 0.335875 0.763587 0.023250 0.046739
15 0.353625 0.766304 0.015750 0.042391
15 0.371375 0.761957 0.015750 0.041304
15 0.370625 0.809511 0.019750 0.046196
15 0.364000 0.853533 0.021500 0.028804
15 0.347625 0.838587 0.021750 0.043478
15 0.337125 0.803804 0.018250 0.047826
15 0.325375 0.832609 0.013750 0.028261
15 0.347250 0.883152 0.020000 0.033696
15 0.310625 0.772283 0.021250 0.047826
15 0.292375 0.772554 0.013250 0.037500
15 0.279000 0.745380 0.019500 0.026630
15 0.273625 0.776902 0.017250 0.025543
15 0.254250 0.779891 0.019500 0.057609
15 0.280625 0.807065 0.026750 0.034783
15 0.306250 0.824728 0.018500 0.047283
15 0.320500 0.863043 0.026000 0.039130
15 0.322875 0.904348 0.030250 0.035870
15 0.299000 0.886413 0.014000 0.057609
15 0.289250 0.869022 0.017500 0.029348
15 0.287125 0.840761 0.016750 0.023913
15 0.266125 0.833152 0.015750 0.023913
15 0.269250 0.865489 0.018000 0.032065
15 0.275500 0.907337 0.015500 0.051630
15 0.290125 0.928804 0.016250 0.044565
15 0.310500 0.954620 0.022500 0.030978
15 0.337250 0.937228 0.015000 0.047283
15 0.352875 0.922554 0.015750 0.040761
15 0.332750 0.975000 0.025000 0.027174
15 0.286125 0.963043 0.017750 0.022826
15 0.263250 0.967120 0.023000 0.040761
15 0.307250 0.739946 0.017000 0.027717
15 0.232750 0.965489 0.021500 0.039674
15 0.245875 0.918207 0.027250 0.064674
15 0.227875 0.880163 0.018750 0.058152
15 0.246250 0.858967 0.019500 0.051630
15 0.227750 0.808152 0.021000 0.064130
15 0.213500 0.858967 0.013000 0.028804
15 0.202500 0.912500 0.015500 0.045652
15 0.179750 0.854620 0.024000 0.047283
15 0.204500 0.825000 0.019000 0.040217
15 0.235125 0.760870 0.015250 0.031522
15 0.253375 0.710598 0.018750 0.055978
15 0.236750 0.731250 0.014500 0.038587
15 0.229250 0.697011 0.023000 0.039674
15 0.203000 0.735326 0.017000 0.043478
15 0.191750 0.741033 0.011500 0.042935
15 0.205500 0.772011 0.018500 0.021196
15 0.188000 0.788315 0.012000 0.026630
15 0.169250 0.794837 0.017500 0.037500
15 0.142500 0.895924 0.021000 0.045109
15 0.144500 0.767663 0.023500 0.036413
15 0.139000 0.723370 0.019000 0.051087
15 0.165125 0.729076 0.029250 0.048370
15 0.157000 0.691304 0.028000 0.025000
15 0.162875 0.665217 0.027250 0.040217
15 0.188375 0.676902 0.015750 0.058152
15 0.204750 0.691848 0.020000 0.045652
15 0.222125 0.666848 0.014750 0.031522
15 0.228250 0.645652 0.026000 0.045652
15 0.207000 0.650272 0.016000 0.044022
15 0.212125 0.600543 0.019250 0.041304
15 0.195875 0.606522 0.011250 0.047826
15 0.181500 0.642663 0.016000 0.023370
15 0.160625 0.620924 0.026750 0.036413
15 0.139375 0.618207 0.017750 0.044022
15 0.148250 0.572554 0.021000 0.039674
15 0.129750 0.566304 0.014000 0.036957
15 0.125375 0.498370 0.023250 0.056522
15 0.144375 0.533696 0.018750 0.044565
15 0.165000 0.547826 0.018000 0.046739
15 0.181375 0.574185 0.020750 0.033152
15 0.200375 0.542663 0.024750 0.042935
15 0.217750 0.548098 0.012000 0.032065
15 0.222375 0.517391 0.018250 0.047826
15 0.201375 0.512772 0.018250 0.025543
15 0.183625 0.526087 0.015250 0.042391
15 0.173000 0.506522 0.018000 0.040217
15 0.159000 0.493207 0.013000 0.041848
15 0.143875 0.482609 0.012250 0.034783
15 0.190750 0.484783 0.018000 0.029348
15 0.216625 0.479076 0.024250 0.030978
15 0.202625 0.441848 0.016250 0.040217
15 0.186125 0.438587 0.015750 0.042391
15 0.171750 0.464130 0.017000 0.034783
15 0.158000 0.429891 0.017500 0.034783
15 0.150000 0.450543 0.010000 0.031522
15 0.129875 0.436141 0.026750 0.053804
15 0.190375 0.405435 0.018250 0.027174
15 0.173250 0.395924 0.021000 0.035326
15 0.193625 0.369022 0.014250 0.047826
15 0.213500 0.326902 0.025500 0.046196
15 0.207250 0.368750 0.011000 0.039674
15 0.162250 0.339130 0.035000 0.068478
15 0.153250 0.370652 0.020500 0.030435
15 0.146250 0.399457 0.012500 0.029348
15 0.125250 0.381522 0.013500 0.032609
15 0.128250 0.346196 0.029500 0.039130
15 0.132750 0.307880 0.018500 0.039674
15 0.176375 0.314402 0.023750 0.039674
15 0.190250 0.288587 0.013500 0.036957
15 0.206000 0.289674 0.019500 0.041304
15 0.172250 0.266033 0.020000 0.036413
15 0.162250 0.277989 0.010500 0.024457
15 0.128500 0.252174 0.024500 0.032609
15 0.152500 0.216033 0.025000 0.038587
15 0.149500 0.248913 0.015500 0.029348
15 0.179500 0.228261 0.015500 0.030435
15 0.199750 0.237500 0.026000 0.033696
15 0.188000 0.173641 0.033500 0.059239
15 0.125625 0.188587 0.017750 0.039130
15 0.125125 0.135598 0.020250 0.049457
15 0.147750 0.110598 0.019500 0.037500
15 0.144500 0.155163 0.016000 0.041848
15 0.164000 0.131522 0.017500 0.048913
15 0.171875 0.095380 0.029250 0.055978
15 0.197750 0.108696 0.012500 0.030435
15 0.212000 0.148098 0.019500 0.037500
15 0.213125 0.103804 0.024250 0.047826
15 0.207500 0.053261 0.019000 0.045652
15 0.192000 0.047011 0.011000 0.038587
15 0.179875 0.069837 0.023750 0.029891
15 0.142000 0.062500 0.024500 0.044565
15 0.175250 0.043207 0.012500 0.021196
